  
       XFOIL         Version 6.99
  
 Calculated polar for: NREL's S808 Airfoil                             
  
 1 1 Reynolds number fixed          Mach number fixed         
  
 xtrf =   1.000 (top)        1.000 (bottom)  
 Mach =   0.000     Re =     0.525 e 6     Ncrit =   9.000  9.000
  
   alpha    CL        CD       CDp       CM     Top_Xtr  Bot_Xtr  Top_Itr  Bot_Itr
  ------ -------- --------- --------- -------- -------- -------- -------- --------
   0.000   0.3597   0.01076   0.00202  -0.1019   0.5065   0.3597  59.8495 227.1685
   0.000   0.3597   0.01076   0.00202  -0.1019   0.5065   0.3597  59.8495 227.1686
   0.000   0.3597   0.01076   0.00202  -0.1019   0.5065   0.3597  59.8495 227.1686
   0.000   0.3597   0.01076   0.00202  -0.1019   0.5065   0.3597  59.8495 227.1686
   0.000   0.3597   0.01076   0.00202  -0.1019   0.5065   0.3597  59.8495 227.1686
   1.000   0.4745   0.01097   0.00204  -0.1020   0.4663   0.3738  63.2455 228.4289
   1.000   0.4745   0.01097   0.00204  -0.1020   0.4663   0.3738  63.2455 228.4290
   1.000   0.4745   0.01097   0.00204  -0.1020   0.4663   0.3738  63.2455 228.4290
   1.000   0.4745   0.01097   0.00204  -0.1020   0.4663   0.3738  63.2455 228.4290
   1.000   0.4745   0.01097   0.00204  -0.1020   0.4663   0.3738  63.2455 228.4290
   2.000   0.5889   0.01127   0.00210  -0.1020   0.4289   0.3898  66.4388 229.8395
   2.000   0.5889   0.01127   0.00210  -0.1020   0.4289   0.3898  66.4391 229.8400
   2.000   0.5889   0.01127   0.00210  -0.1020   0.4289   0.3898  66.4391 229.8400
   2.000   0.5889   0.01127   0.00210  -0.1020   0.4289   0.3898  66.4391 229.8400
   2.000   0.5889   0.01127   0.00210  -0.1020   0.4289   0.3898  66.4391 229.8400
   3.000   0.7023   0.01163   0.00222  -0.1018   0.3943   0.4072  69.4424 231.3554
   3.000   0.7023   0.01163   0.00222  -0.1018   0.3943   0.4072  69.4424 231.3553
   3.000   0.7023   0.01163   0.00222  -0.1018   0.3943   0.4072  69.4424 231.3553
   3.000   0.7023   0.01163   0.00222  -0.1018   0.3943   0.4072  69.4424 231.3553
   3.000   0.7023   0.01163   0.00222  -0.1018   0.3943   0.4072  69.4424 231.3553
   4.000   0.8143   0.01212   0.00238  -0.1013   0.3620   0.4276  72.2936 233.0956
   4.000   0.8143   0.01212   0.00238  -0.1013   0.3620   0.4276  72.2932 233.0957
   4.000   0.8143   0.01212   0.00238  -0.1013   0.3620   0.4276  72.2932 233.0957
   4.000   0.8143   0.01212   0.00238  -0.1013   0.3620   0.4276  72.2932 233.0957
   4.000   0.8143   0.01212   0.00238  -0.1013   0.3620   0.4276  72.2932 233.0957
   5.000   0.9241   0.01274   0.00262  -0.1006   0.3317   0.4507  75.0147 235.0299
   5.000   0.9241   0.01274   0.00262  -0.1006   0.3317   0.4507  75.0147 235.0300
   5.000   0.9241   0.01274   0.00262  -0.1006   0.3317   0.4507  75.0147 235.0300
   5.000   0.9241   0.01274   0.00262  -0.1006   0.3317   0.4507  75.0147 235.0300
   5.000   0.9241   0.01274   0.00262  -0.1006   0.3317   0.4507  75.0147 235.0300
   6.000   1.0323   0.01341   0.00293  -0.0996   0.3029   0.4765  77.6721 237.1611
   6.000   1.0323   0.01341   0.00293  -0.0996   0.3029   0.4764  77.6724 237.1586
   6.000   1.0323   0.01341   0.00293  -0.0996   0.3029   0.4764  77.6724 237.1585
   6.000   1.0323   0.01341   0.00293  -0.0996   0.3029   0.4764  77.6724 237.1585
   6.000   1.0323   0.01341   0.00293  -0.0996   0.3029   0.4764  77.6724 237.1585
   7.000   1.1364   0.01426   0.00332  -0.0979   0.2762   0.5054  80.1964 239.5194
   7.000   1.1364   0.01426   0.00332  -0.0979   0.2762   0.5054  80.1960 239.5170
   7.000   1.1364   0.01426   0.00332  -0.0979   0.2762   0.5054  80.1960 239.5170
   7.000   1.1364   0.01426   0.00332  -0.0979   0.2762   0.5054  80.1960 239.5170
   7.000   1.1364   0.01426   0.00332  -0.0979   0.2762   0.5054  80.1960 239.5170
   8.000   1.2363   0.01526   0.00377  -0.0957   0.2506   0.5380  82.6824 242.1521
   8.000   1.2363   0.01526   0.00377  -0.0957   0.2506   0.5380  82.6824 242.1521
   8.000   1.2363   0.01526   0.00377  -0.0957   0.2506   0.5380  82.6824 242.1521
   8.000   1.2363   0.01526   0.00377  -0.0957   0.2506   0.5380  82.6824 242.1521
   8.000   1.2363   0.01526   0.00377  -0.0957   0.2506   0.5380  82.6824 242.1521
   9.000   1.3268   0.01648   0.00432  -0.0920   0.2273   0.5742  85.0326 245.0826
   9.000   1.3268   0.01648   0.00432  -0.0920   0.2273   0.5742  85.0326 245.0825
   9.000   1.3268   0.01648   0.00432  -0.0920   0.2273   0.5742  85.0326 245.0825
   9.000   1.3268   0.01648   0.00432  -0.0920   0.2273   0.5742  85.0326 245.0825
   9.000   1.3268   0.01648   0.00432  -0.0920   0.2273   0.5742  85.0326 245.0825
  10.000   1.4100   0.01790   0.00501  -0.0873   0.2055   0.6150  87.3288 248.4184
  10.000   1.4100   0.01790   0.00501  -0.0873   0.2055   0.6150  87.3289 248.4189
  10.000   1.4100   0.01790   0.00501  -0.0873   0.2055   0.6150  87.3289 248.4188
  10.000   1.4100   0.01790   0.00501  -0.0873   0.2055   0.6150  87.3289 248.4188
  10.000   1.4100   0.01790   0.00501  -0.0873   0.2055   0.6150  87.3289 248.4188
  11.000   1.4844   0.01978   0.00598  -0.0819   0.1854   0.6634  89.5455 252.4429
  11.000   1.4844   0.01978   0.00598  -0.0819   0.1854   0.6634  89.5455 252.4437
  11.000   1.4844   0.01978   0.00598  -0.0819   0.1854   0.6634  89.5455 252.4437
  11.000   1.4844   0.01978   0.00598  -0.0819   0.1854   0.6634  89.5455 252.4437
  11.000   1.4844   0.01978   0.00598  -0.0819   0.1854   0.6634  89.5455 252.4437
  12.000   1.5477   0.02230   0.00734  -0.0759   0.1671   0.7252  91.6724 257.7100
  12.000   1.5477   0.02230   0.00734  -0.0759   0.1672   0.7252  91.6723 257.7108
  12.000   1.5477   0.02230   0.00734  -0.0759   0.1672   0.7252  91.6723 257.7109
  12.000   1.5477   0.02230   0.00734  -0.0759   0.1672   0.7252  91.6723 257.7109
  12.000   1.5477   0.02230   0.00734  -0.0759   0.1672   0.7252  91.6723 257.7109
  13.000   1.5974   0.02571   0.00938  -0.0694   0.1507   0.8320  93.7005 267.4789
  13.000   1.5974   0.02571   0.00938  -0.0694   0.1507   0.8320  93.7007 267.4802
  13.000   1.5974   0.02571   0.00938  -0.0694   0.1507   0.8320  93.7007 267.4799
  13.000   1.5974   0.02571   0.00938  -0.0694   0.1507   0.8320  93.7007 267.4799
  13.000   1.5974   0.02571   0.00938  -0.0694   0.1507   0.8320  93.7007 267.4799
  14.000   1.6274   0.03061   0.01225  -0.0627   0.1364   1.0000  95.5885 300.0000
  14.000   1.6274   0.03061   0.01225  -0.0627   0.1364   1.0000  95.5884 300.0000
  14.000   1.6274   0.03061   0.01225  -0.0627   0.1364   1.0000  95.5884 300.0000
  14.000   1.6274   0.03061   0.01225  -0.0627   0.1364   1.0000  95.5884 300.0000
  14.000   1.6274   0.03061   0.01225  -0.0627   0.1364   1.0000  95.5884 300.0000
  15.000   1.6524   0.03821   0.01698  -0.0598   0.1233   1.0000  97.4469 300.0000
  15.000   1.6524   0.03821   0.01698  -0.0598   0.1233   1.0000  97.4465 300.0000
  15.000   1.6524   0.03821   0.01698  -0.0598   0.1233   1.0000  97.4464 300.0000
  15.000   1.6524   0.03821   0.01698  -0.0598   0.1233   1.0000  97.4464 300.0000
  15.000   1.6524   0.03821   0.01698  -0.0598   0.1233   1.0000  97.4464 300.0000
  16.000   1.6581   0.04883   0.02409  -0.0591   0.1122   1.0000  99.1341 300.0000
  16.000   1.6581   0.04883   0.02409  -0.0591   0.1122   1.0000  99.1338 300.0000
  16.000   1.6581   0.04883   0.02409  -0.0591   0.1122   1.0000  99.1337 300.0000
  16.000   1.6581   0.04883   0.02409  -0.0591   0.1122   1.0000  99.1337 300.0000
  16.000   1.6581   0.04883   0.02409  -0.0591   0.1122   1.0000  99.1337 300.0000
  17.000   1.6505   0.06213   0.03353  -0.0605   0.1023   1.0000 100.7474 300.0000
  17.000   1.6505   0.06213   0.03353  -0.0604   0.1023   1.0000 100.7478 300.0000
  17.000   1.6505   0.06213   0.03353  -0.0604   0.1023   1.0000 100.7477 300.0000
  17.000   1.6505   0.06213   0.03353  -0.0604   0.1023   1.0000 100.7477 300.0000
  17.000   1.6505   0.06213   0.03353  -0.0604   0.1023   1.0000 100.7477 300.0000
  18.000   1.6285   0.07829   0.04574  -0.0640   0.0939   1.0000 102.2162 300.0000
  18.000   1.6285   0.07829   0.04574  -0.0640   0.0939   1.0000 102.2157 300.0000
  18.000   1.6285   0.07829   0.04574  -0.0640   0.0939   1.0000 102.2156 300.0000
  18.000   1.6285   0.07829   0.04574  -0.0640   0.0939   1.0000 102.2156 300.0000
  18.000   1.6285   0.07829   0.04574  -0.0640   0.0939   1.0000 102.2155 300.0000
  19.000   1.6031   0.09587   0.06004  -0.0694   0.0860   1.0000 103.6885 300.0000
  19.000   1.6032   0.09587   0.06004  -0.0694   0.0860   1.0000 103.6888 300.0000
  19.000   1.6032   0.09587   0.06004  -0.0694   0.0860   1.0000 103.6888 300.0000
  19.000   1.6032   0.09587   0.06004  -0.0694   0.0860   1.0000 103.6888 300.0000
  19.000   1.6032   0.09587   0.06004  -0.0694   0.0860   1.0000 103.6888 300.0000
