  
       XFOIL         Version 6.99
  
 Calculated polar for: WORTMANN FX 77-W-343 AIRFOIL                    
  
 1 1 Reynolds number fixed          Mach number fixed         
  
 xtrf =   1.000 (top)        1.000 (bottom)  
 Mach =   0.000     Re =     0.425 e 6     Ncrit =   9.000  9.000
  
   alpha    CL        CD       CDp       CM     Top_Xtr  Bot_Xtr  Top_Itr  Bot_Itr
  ------ -------- --------- --------- -------- -------- -------- -------- --------
   0.000   0.4822   0.02662   0.01558  -0.0562   0.4211   0.6343  62.9608 249.6320
   0.000   0.4822   0.02662   0.01558  -0.0562   0.4211   0.6343  62.9608 249.6321
   0.000   0.4822   0.02662   0.01558  -0.0562   0.4211   0.6343  62.9608 249.6321
   0.000   0.4822   0.02662   0.01558  -0.0562   0.4211   0.6343  62.9608 249.6321
   0.000   0.4822   0.02662   0.01558  -0.0562   0.4211   0.6343  62.9608 249.6321
   1.000   0.6079   0.02752   0.01640  -0.0615   0.4169   0.6423  63.3783 250.2925
   1.000   0.6079   0.02752   0.01640  -0.0615   0.4169   0.6423  63.3783 250.2924
   1.000   0.6079   0.02752   0.01640  -0.0615   0.4169   0.6423  63.3783 250.2924
   1.000   0.6079   0.02752   0.01640  -0.0615   0.4169   0.6423  63.3783 250.2924
   1.000   0.6079   0.02752   0.01640  -0.0615   0.4169   0.6423  63.3783 250.2924
   2.000   0.7402   0.02790   0.01626  -0.0684   0.4133   0.6518  63.7459 251.0609
   2.000   0.7402   0.02790   0.01626  -0.0684   0.4133   0.6518  63.7459 251.0609
   2.000   0.7402   0.02790   0.01626  -0.0684   0.4133   0.6518  63.7459 251.0609
   2.000   0.7402   0.02790   0.01626  -0.0684   0.4133   0.6518  63.7459 251.0609
   2.000   0.7402   0.02790   0.01626  -0.0684   0.4133   0.6518  63.7459 251.0609
   3.000   0.8627   0.02884   0.01655  -0.0724   0.4102   0.6560  64.0571 251.3902
   3.000   0.8627   0.02884   0.01655  -0.0724   0.4102   0.6560  64.0571 251.3902
   3.000   0.8627   0.02884   0.01655  -0.0724   0.4102   0.6560  64.0571 251.3902
   3.000   0.8627   0.02884   0.01655  -0.0724   0.4102   0.6560  64.0571 251.3902
   3.000   0.8627   0.02884   0.01655  -0.0724   0.4102   0.6560  64.0571 251.3902
   4.000   0.9845   0.02969   0.01687  -0.0784   0.4053   0.6647  64.5800 252.0744
   4.000   0.9845   0.02969   0.01687  -0.0784   0.4053   0.6647  64.5800 252.0744
   4.000   0.9845   0.02969   0.01687  -0.0784   0.4053   0.6647  64.5800 252.0744
   4.000   0.9845   0.02969   0.01687  -0.0784   0.4053   0.6647  64.5800 252.0744
   4.000   0.9845   0.02969   0.01687  -0.0784   0.4053   0.6647  64.5800 252.0744
   5.000   1.1064   0.03018   0.01665  -0.0825   0.4022   0.6694  64.9020 252.4408
   5.000   1.1064   0.03018   0.01665  -0.0825   0.4022   0.6694  64.9020 252.4408
   5.000   1.1064   0.03018   0.01665  -0.0825   0.4022   0.6694  64.9020 252.4408
   5.000   1.1064   0.03018   0.01665  -0.0825   0.4022   0.6694  64.9020 252.4408
   5.000   1.1064   0.03018   0.01665  -0.0825   0.4022   0.6694  64.9020 252.4408
   6.000   1.2141   0.03163   0.01698  -0.0867   0.3971   0.6775  65.4629 253.0717
   6.000   1.2141   0.03163   0.01698  -0.0867   0.3971   0.6775  65.4629 253.0717
   6.000   1.2141   0.03163   0.01698  -0.0867   0.3971   0.6775  65.4629 253.0717
   6.000   1.2141   0.03163   0.01698  -0.0867   0.3971   0.6775  65.4629 253.0717
   6.000   1.2141   0.03163   0.01698  -0.0867   0.3971   0.6775  65.4629 253.0717
   7.000   1.3276   0.03222   0.01661  -0.0902   0.3938   0.6814  65.8284 253.3717
   7.000   1.3276   0.03222   0.01661  -0.0902   0.3938   0.6814  65.8284 253.3719
   7.000   1.3276   0.03222   0.01661  -0.0902   0.3938   0.6814  65.8284 253.3719
   7.000   1.3276   0.03222   0.01661  -0.0902   0.3938   0.6814  65.8284 253.3719
   7.000   1.3276   0.03222   0.01661  -0.0902   0.3938   0.6814  65.8284 253.3719
   8.000   1.4013   0.03476   0.01720  -0.0896   0.3894   0.6867  66.3287 253.7843
   8.000   1.4013   0.03476   0.01720  -0.0896   0.3894   0.6867  66.3287 253.7840
   8.000   1.4013   0.03476   0.01720  -0.0896   0.3894   0.6867  66.3287 253.7841
   8.000   1.4013   0.03476   0.01720  -0.0896   0.3894   0.6867  66.3287 253.7840
   8.000   1.4013   0.03476   0.01720  -0.0896   0.3894   0.6867  66.3287 253.7840
   9.000   1.2668   0.04925   0.02505  -0.0725   0.3811   0.6910  67.2908 254.1202
   9.000   1.2668   0.04925   0.02505  -0.0725   0.3811   0.6910  67.2908 254.1202
   9.000   1.2668   0.04925   0.02505  -0.0725   0.3811   0.6910  67.2908 254.1202
   9.000   1.2668   0.04925   0.02505  -0.0725   0.3811   0.6910  67.2908 254.1202
   9.000   1.2668   0.04925   0.02505  -0.0725   0.3811   0.6910  67.2908 254.1202
  14.000   0.8473   0.16675   0.15091  -0.0850   0.2747   0.7033  81.8341 255.0658
  14.000   0.8473   0.16675   0.15091  -0.0850   0.2747   0.7033  81.8340 255.0658
  14.000   0.8473   0.16675   0.15091  -0.0850   0.2747   0.7033  81.8340 255.0658
  14.000   0.8473   0.16675   0.15091  -0.0850   0.2747   0.7033  81.8340 255.0658
  14.000   0.8473   0.16675   0.15091  -0.0850   0.2747   0.7033  81.8340 255.0658
