  
       XFOIL         Version 6.99
  
 Calculated polar for: WORTMANN FX 77-W-343 AIRFOIL                    
  
 1 1 Reynolds number fixed          Mach number fixed         
  
 xtrf =   1.000 (top)        1.000 (bottom)  
 Mach =   0.000     Re =     0.300 e 6     Ncrit =   9.000  9.000
  
   alpha    CL        CD       CDp       CM     Top_Xtr  Bot_Xtr  Top_Itr  Bot_Itr
  ------ -------- --------- --------- -------- -------- -------- -------- --------
   0.000   0.4342   0.03588   0.02393  -0.0434   0.4319   0.6402  61.9441 250.1283
   0.000   0.4342   0.03588   0.02393  -0.0434   0.4319   0.6402  61.9441 250.1285
   0.000   0.4342   0.03588   0.02393  -0.0434   0.4319   0.6402  61.9441 250.1285
   0.000   0.4342   0.03588   0.02393  -0.0434   0.4319   0.6402  61.9441 250.1285
   0.000   0.4342   0.03588   0.02393  -0.0434   0.4319   0.6402  61.9441 250.1285
   1.000   0.2391   0.06080   0.04550  -0.0289   0.4090   0.6520  64.1881 251.0748
   1.000   0.2391   0.06080   0.04550  -0.0289   0.4090   0.6520  64.1881 251.0748
   1.000   0.2391   0.06080   0.04550  -0.0289   0.4090   0.6520  64.1881 251.0748
   1.000   0.2391   0.06080   0.04550  -0.0289   0.4090   0.6520  64.1881 251.0748
   1.000   0.2391   0.06080   0.04550  -0.0289   0.4090   0.6520  64.1881 251.0748
   3.000   0.7103   0.04390   0.02989  -0.0503   0.4143   0.6670  63.6443 252.2591
   3.000   0.7103   0.04390   0.02989  -0.0503   0.4143   0.6671  63.6443 252.2592
   3.000   0.7103   0.04390   0.02989  -0.0503   0.4143   0.6671  63.6443 252.2593
   3.000   0.7103   0.04390   0.02989  -0.0503   0.4143   0.6671  63.6443 252.2593
   3.000   0.7103   0.04390   0.02989  -0.0503   0.4143   0.6671  63.6443 252.2593
   4.000   0.7803   0.04708   0.03109  -0.0516   0.4094   0.6776  64.1408 253.0789
   4.000   0.7803   0.04708   0.03109  -0.0516   0.4094   0.6776  64.1407 253.0791
   4.000   0.7803   0.04708   0.03109  -0.0516   0.4094   0.6776  64.1407 253.0791
   4.000   0.7803   0.04708   0.03109  -0.0516   0.4094   0.6776  64.1407 253.0791
   4.000   0.7803   0.04708   0.03109  -0.0516   0.4094   0.6776  64.1407 253.0791
   9.000   0.1399   0.14694   0.10908  -0.0221   0.3206   0.6931  75.2730 254.2811
   9.000   0.1399   0.14694   0.10908  -0.0221   0.3206   0.6931  75.2725 254.2812
   9.000   0.1399   0.14695   0.10908  -0.0221   0.3206   0.6931  75.2722 254.2814
   9.000   0.1399   0.14695   0.10908  -0.0221   0.3206   0.6931  75.2721 254.2814
  10.000   0.1986   0.15069   0.11294  -0.0253   0.3092   0.6994  76.8601 254.7672
  10.000   0.1986   0.15069   0.11294  -0.0253   0.3092   0.6994  76.8601 254.7669
  10.000   0.1986   0.15069   0.11294  -0.0253   0.3092   0.6994  76.8601 254.7669
  10.000   0.1986   0.15069   0.11294  -0.0253   0.3092   0.6994  76.8600 254.7669
  10.000   0.1986   0.15069   0.11294  -0.0253   0.3092   0.6994  76.8600 254.7669
  11.000   0.5419   0.16422   0.15497  -0.0647   0.3021   0.7112  77.8588 255.6716
  11.000   0.5419   0.16422   0.15497  -0.0647   0.3021   0.7112  77.8587 255.6713
  11.000   0.5419   0.16422   0.15497  -0.0647   0.3021   0.7112  77.8587 255.6713
  11.000   0.5419   0.16422   0.15497  -0.0647   0.3021   0.7112  77.8587 255.6713
  11.000   0.5419   0.16422   0.15497  -0.0647   0.3021   0.7112  77.8587 255.6713
  14.000   0.7278   0.18461   0.18563  -0.0831   0.2744   0.7235  81.8776 256.6117
  14.000   0.7278   0.18461   0.18563  -0.0831   0.2744   0.7235  81.8776 256.6116
  14.000   0.7278   0.18461   0.18563  -0.0831   0.2744   0.7235  81.8776 256.6116
  14.000   0.7278   0.18461   0.18563  -0.0831   0.2744   0.7235  81.8776 256.6116
  14.000   0.7278   0.18461   0.18563  -0.0831   0.2744   0.7235  81.8776 256.6116
  15.000   0.3879   0.17965   0.15424  -0.0442   0.2562   0.7198  84.5570 256.3309
  15.000   0.3879   0.17965   0.15424  -0.0442   0.2562   0.7198  84.5570 256.3309
  15.000   0.3879   0.17965   0.15424  -0.0442   0.2562   0.7198  84.5570 256.3309
  15.000   0.3879   0.17965   0.15424  -0.0442   0.2562   0.7198  84.5570 256.3309
  15.000   0.3879   0.17965   0.15424  -0.0442   0.2562   0.7198  84.5570 256.3309
  16.000   0.8380   0.19978   0.21258  -0.0973   0.2547   0.7302  84.7784 257.1281
  16.000   0.8380   0.19978   0.21258  -0.0973   0.2547   0.7302  84.7784 257.1281
  16.000   0.8380   0.19978   0.21258  -0.0973   0.2547   0.7302  84.7784 257.1280
  16.000   0.8380   0.19978   0.21258  -0.0973   0.2547   0.7302  84.7784 257.1280
  17.000   0.4809   0.19041   0.16779  -0.0532   0.2396   0.7271  87.0215 256.8947
  17.000   0.4809   0.19042   0.16779  -0.0532   0.2396   0.7271  87.0215 256.8942
  17.000   0.4809   0.19043   0.16779  -0.0532   0.2396   0.7271  87.0215 256.8940
  17.000   0.4809   0.19043   0.16779  -0.0532   0.2396   0.7271  87.0215 256.8940
  17.000   0.4809   0.19043   0.16779  -0.0532   0.2396   0.7271  87.0215 256.8939
  18.000   0.9695   0.20970   0.22907  -0.1095   0.2399   0.7369  86.9767 257.6564
  18.000   0.9695   0.20970   0.22907  -0.1095   0.2399   0.7369  86.9767 257.6567
  18.000   0.9695   0.20970   0.22907  -0.1095   0.2399   0.7369  86.9767 257.6568
  18.000   0.9695   0.20970   0.22907  -0.1095   0.2399   0.7369  86.9767 257.6568
  18.000   0.9695   0.20970   0.22907  -0.1095   0.2399   0.7369  86.9767 257.6568
  19.000   1.0022   0.22030   0.25271  -0.1184   0.2275   0.7404  88.8457 257.9308
  19.000   1.0022   0.22030   0.25271  -0.1184   0.2275   0.7404  88.8457 257.9305
  19.000   1.0022   0.22030   0.25271  -0.1184   0.2275   0.7404  88.8457 257.9304
  19.000   1.0022   0.22030   0.25271  -0.1184   0.2275   0.7404  88.8457 257.9304
  19.000   1.0022   0.22030   0.25271  -0.1184   0.2275   0.7404  88.8457 257.9304
