  
       XFOIL         Version 6.99
  
 Calculated polar for: WORTMANN FX 77-W-343 AIRFOIL                    
  
 1 1 Reynolds number fixed          Mach number fixed         
  
 xtrf =   1.000 (top)        1.000 (bottom)  
 Mach =   0.000     Re =     0.350 e 6     Ncrit =   9.000  9.000
  
   alpha    CL        CD       CDp       CM     Top_Xtr  Bot_Xtr  Top_Itr  Bot_Itr
  ------ -------- --------- --------- -------- -------- -------- -------- --------
   0.000   0.4579   0.03132   0.02005  -0.0509   0.4260   0.6396  62.4995 250.0816
   0.000   0.4579   0.03132   0.02005  -0.0509   0.4260   0.6396  62.4995 250.0815
   0.000   0.4579   0.03132   0.02005  -0.0509   0.4260   0.6396  62.4995 250.0815
   0.000   0.4579   0.03132   0.02005  -0.0509   0.4260   0.6396  62.4995 250.0815
   0.000   0.4579   0.03132   0.02005  -0.0509   0.4260   0.6396  62.4995 250.0815
   1.000   0.5783   0.03228   0.02064  -0.0539   0.4225   0.6443  62.8323 250.4559
   1.000   0.5783   0.03228   0.02064  -0.0539   0.4225   0.6443  62.8324 250.4559
   1.000   0.5783   0.03228   0.02064  -0.0539   0.4225   0.6443  62.8324 250.4559
   1.000   0.5783   0.03228   0.02064  -0.0539   0.4225   0.6443  62.8324 250.4559
   1.000   0.5783   0.03228   0.02064  -0.0539   0.4225   0.6443  62.8324 250.4559
   2.000   0.6970   0.03362   0.02148  -0.0594   0.4179   0.6540  63.2813 251.2351
   2.000   0.6970   0.03362   0.02148  -0.0594   0.4179   0.6540  63.2813 251.2352
   2.000   0.6970   0.03362   0.02148  -0.0594   0.4179   0.6540  63.2813 251.2351
   2.000   0.6970   0.03362   0.02148  -0.0594   0.4179   0.6540  63.2813 251.2351
   2.000   0.6970   0.03362   0.02148  -0.0594   0.4179   0.6540  63.2813 251.2351
   3.000   0.8221   0.03429   0.02146  -0.0661   0.4134   0.6645  63.7312 252.0602
   3.000   0.8221   0.03429   0.02146  -0.0661   0.4134   0.6645  63.7312 252.0603
   3.000   0.8221   0.03429   0.02146  -0.0661   0.4134   0.6645  63.7312 252.0603
   3.000   0.8221   0.03429   0.02146  -0.0661   0.4134   0.6645  63.7312 252.0603
   3.000   0.8221   0.03429   0.02146  -0.0661   0.4134   0.6645  63.7312 252.0603
   4.000   0.9426   0.03514   0.02139  -0.0697   0.4108   0.6690  63.9951 252.4136
   4.000   0.9426   0.03514   0.02139  -0.0697   0.4108   0.6690  63.9951 252.4138
   4.000   0.9426   0.03514   0.02139  -0.0697   0.4108   0.6690  63.9951 252.4138
   4.000   0.9426   0.03514   0.02139  -0.0697   0.4108   0.6690  63.9951 252.4138
   4.000   0.9426   0.03514   0.02139  -0.0697   0.4108   0.6690  63.9951 252.4138
   5.000   1.0245   0.03785   0.02307  -0.0713   0.4041   0.6785  64.7019 253.1457
   5.000   1.0245   0.03785   0.02307  -0.0713   0.4041   0.6785  64.7019 253.1457
   5.000   1.0245   0.03785   0.02307  -0.0713   0.4041   0.6785  64.7019 253.1457
   5.000   1.0245   0.03785   0.02307  -0.0713   0.4041   0.6785  64.7019 253.1457
   5.000   1.0245   0.03785   0.02307  -0.0713   0.4041   0.6785  64.7019 253.1457
   6.000   1.0747   0.04136   0.02454  -0.0676   0.3988   0.6845  65.2792 253.6117
   6.000   1.0747   0.04136   0.02454  -0.0676   0.3988   0.6845  65.2792 253.6118
   6.000   1.0747   0.04136   0.02454  -0.0676   0.3988   0.6845  65.2792 253.6118
   6.000   1.0747   0.04136   0.02454  -0.0676   0.3988   0.6845  65.2792 253.6118
   6.000   1.0747   0.04136   0.02454  -0.0676   0.3988   0.6845  65.2792 253.6118
   7.000   1.0449   0.04942   0.02858  -0.0599   0.3928   0.6913  65.9455 254.1392
   7.000   1.0449   0.04942   0.02858  -0.0599   0.3928   0.6913  65.9455 254.1393
   7.000   1.0449   0.04942   0.02858  -0.0599   0.3928   0.6913  65.9455 254.1393
   7.000   1.0449   0.04942   0.02858  -0.0599   0.3928   0.6913  65.9455 254.1393
   7.000   1.0449   0.04942   0.02858  -0.0599   0.3928   0.6913  65.9455 254.1393
