  
       XFOIL         Version 6.99
  
 Calculated polar for: WORTMANN FX 77-W-343 AIRFOIL                    
  
 1 1 Reynolds number fixed          Mach number fixed         
  
 xtrf =   1.000 (top)        1.000 (bottom)  
 Mach =   0.000     Re =     0.400 e 6     Ncrit =   9.000  9.000
  
   alpha    CL        CD       CDp       CM     Top_Xtr  Bot_Xtr  Top_Itr  Bot_Itr
  ------ -------- --------- --------- -------- -------- -------- -------- --------
   0.000   0.4780   0.02769   0.01664  -0.0555   0.4225   0.6374  62.8274 249.8995
   0.000   0.4780   0.02769   0.01664  -0.0555   0.4225   0.6374  62.8274 249.8994
   0.000   0.4780   0.02769   0.01664  -0.0555   0.4225   0.6374  62.8274 249.8994
   0.000   0.4780   0.02769   0.01664  -0.0555   0.4225   0.6374  62.8274 249.8994
   0.000   0.4780   0.02769   0.01664  -0.0555   0.4225   0.6374  62.8274 249.8994
   1.000   0.5998   0.02892   0.01755  -0.0593   0.4189   0.6428  63.1819 250.3363
   1.000   0.5998   0.02892   0.01755  -0.0593   0.4189   0.6428  63.1819 250.3363
   1.000   0.5998   0.02892   0.01755  -0.0593   0.4189   0.6428  63.1819 250.3363
   1.000   0.5998   0.02892   0.01755  -0.0593   0.4189   0.6428  63.1819 250.3363
   1.000   0.5998   0.02892   0.01755  -0.0593   0.4189   0.6428  63.1819 250.3363
   2.000   0.7282   0.02952   0.01780  -0.0659   0.4145   0.6526  63.6209 251.1210
   2.000   0.7282   0.02952   0.01780  -0.0659   0.4145   0.6526  63.6209 251.1209
   2.000   0.7282   0.02952   0.01780  -0.0659   0.4145   0.6526  63.6209 251.1209
   2.000   0.7282   0.02952   0.01780  -0.0659   0.4145   0.6526  63.6209 251.1209
   2.000   0.7282   0.02952   0.01780  -0.0659   0.4145   0.6526  63.6209 251.1209
   3.000   0.8525   0.03017   0.01779  -0.0702   0.4115   0.6575  63.9250 251.5074
   3.000   0.8525   0.03017   0.01779  -0.0702   0.4115   0.6575  63.9250 251.5075
   3.000   0.8525   0.03017   0.01779  -0.0702   0.4115   0.6575  63.9250 251.5075
   3.000   0.8525   0.03017   0.01779  -0.0702   0.4115   0.6575  63.9250 251.5075
   3.000   0.8525   0.03017   0.01779  -0.0702   0.4115   0.6575  63.9250 251.5075
   4.000   0.5143   0.06739   0.04788  -0.0474   0.3816   0.6652  67.2345 252.1186
   4.000   0.5143   0.06739   0.04788  -0.0474   0.3816   0.6652  67.2345 252.1187
   4.000   0.5143   0.06739   0.04788  -0.0474   0.3816   0.6652  67.2345 252.1187
   4.000   0.5143   0.06739   0.04788  -0.0474   0.3816   0.6652  67.2345 252.1187
   4.000   0.5143   0.06739   0.04788  -0.0474   0.3816   0.6652  67.2345 252.1187
   5.000   1.0870   0.03217   0.01838  -0.0795   0.4029   0.6720  64.8254 252.6431
   5.000   1.0870   0.03217   0.01838  -0.0795   0.4029   0.6720  64.8254 252.6431
   5.000   1.0870   0.03217   0.01838  -0.0795   0.4029   0.6720  64.8254 252.6431
   5.000   1.0870   0.03217   0.01838  -0.0795   0.4029   0.6720  64.8254 252.6431
   5.000   1.0870   0.03217   0.01838  -0.0795   0.4029   0.6720  64.8254 252.6431
   6.000   1.1894   0.03376   0.01879  -0.0827   0.3981   0.6792  65.3526 253.2032
   6.000   1.1894   0.03376   0.01879  -0.0827   0.3981   0.6792  65.3526 253.2032
   6.000   1.1894   0.03376   0.01879  -0.0827   0.3981   0.6792  65.3526 253.2032
   6.000   1.1894   0.03376   0.01879  -0.0827   0.3981   0.6792  65.3526 253.2032
   6.000   1.1894   0.03376   0.01879  -0.0827   0.3981   0.6792  65.3526 253.2032
   7.000   1.2938   0.03475   0.01855  -0.0855   0.3943   0.6843  65.7746 253.5956
   7.000   1.2938   0.03475   0.01855  -0.0855   0.3943   0.6843  65.7746 253.5957
   7.000   1.2938   0.03475   0.01855  -0.0855   0.3943   0.6843  65.7746 253.5957
   7.000   1.2938   0.03475   0.01855  -0.0855   0.3943   0.6843  65.7746 253.5957
   7.000   1.2938   0.03475   0.01855  -0.0855   0.3943   0.6843  65.7746 253.5957
   8.000   1.2285   0.04370   0.02285  -0.0713   0.3874   0.6899  66.5538 254.0281
   8.000   1.2285   0.04370   0.02285  -0.0713   0.3874   0.6899  66.5537 254.0282
   8.000   1.2285   0.04370   0.02285  -0.0713   0.3874   0.6899  66.5537 254.0282
   8.000   1.2285   0.04370   0.02285  -0.0713   0.3874   0.6899  66.5537 254.0282
   8.000   1.2285   0.04370   0.02285  -0.0713   0.3874   0.6899  66.5537 254.0282
   9.000   1.3124   0.04608   0.02305  -0.0732   0.3844   0.6938  66.8985 254.3373
   9.000   1.3124   0.04608   0.02305  -0.0732   0.3844   0.6938  66.8985 254.3372
   9.000   1.3124   0.04608   0.02305  -0.0732   0.3844   0.6938  66.8985 254.3372
   9.000   1.3124   0.04608   0.02305  -0.0732   0.3844   0.6938  66.8985 254.3372
   9.000   1.3124   0.04608   0.02305  -0.0732   0.3844   0.6938  66.8985 254.3372
  13.000   0.7669   0.16335   0.14787  -0.0795   0.2816   0.7032  80.8188 255.0557
  13.000   0.7669   0.16335   0.14787  -0.0795   0.2816   0.7032  80.8188 255.0557
  13.000   0.7669   0.16335   0.14787  -0.0795   0.2816   0.7032  80.8188 255.0557
  13.000   0.7669   0.16335   0.14787  -0.0795   0.2816   0.7032  80.8188 255.0557
  14.000   0.8145   0.17159   0.16023  -0.0850   0.2715   0.7061  82.3063 255.2828
  14.000   0.8145   0.17159   0.16023  -0.0850   0.2715   0.7061  82.3064 255.2828
  14.000   0.8145   0.17159   0.16023  -0.0850   0.2715   0.7061  82.3064 255.2828
  14.000   0.8145   0.17159   0.16023  -0.0850   0.2715   0.7061  82.3064 255.2828
  14.000   0.8145   0.17159   0.16023  -0.0850   0.2715   0.7061  82.3064 255.2828
