  
       XFOIL         Version 6.99
  
 Calculated polar for: WORTMANN FX 77-W-343 AIRFOIL                    
  
 1 1 Reynolds number fixed          Mach number fixed         
  
 xtrf =   1.000 (top)        1.000 (bottom)  
 Mach =   0.000     Re =     0.325 e 6     Ncrit =   9.000  9.000
  
   alpha    CL        CD       CDp       CM     Top_Xtr  Bot_Xtr  Top_Itr  Bot_Itr
  ------ -------- --------- --------- -------- -------- -------- -------- --------
   1.000   0.5703   0.03438   0.02242  -0.0539   0.4239   0.6512  62.6943 251.0137
   1.000   0.5703   0.03438   0.02242  -0.0539   0.4239   0.6512  62.6943 251.0129
   1.000   0.5703   0.03438   0.02242  -0.0539   0.4239   0.6512  62.6943 251.0129
   1.000   0.5703   0.03438   0.02242  -0.0539   0.4239   0.6512  62.6943 251.0129
   1.000   0.5703   0.03438   0.02242  -0.0539   0.4239   0.6512  62.6943 251.0129
   2.000   0.6876   0.03542   0.02282  -0.0562   0.4210   0.6551  62.9736 251.3220
   2.000   0.6876   0.03542   0.02282  -0.0562   0.4210   0.6551  62.9736 251.3221
   2.000   0.6876   0.03542   0.02282  -0.0562   0.4210   0.6551  62.9736 251.3221
   2.000   0.6876   0.03542   0.02282  -0.0562   0.4210   0.6551  62.9736 251.3221
   2.000   0.6876   0.03542   0.02282  -0.0562   0.4210   0.6551  62.9736 251.3221
   3.000   0.7848   0.03786   0.02471  -0.0602   0.4143   0.6655  63.6430 252.1401
   3.000   0.7848   0.03786   0.02471  -0.0602   0.4143   0.6655  63.6430 252.1401
   3.000   0.7848   0.03786   0.02471  -0.0602   0.4143   0.6655  63.6430 252.1401
   3.000   0.7848   0.03786   0.02471  -0.0602   0.4143   0.6655  63.6430 252.1401
   3.000   0.7848   0.03786   0.02471  -0.0602   0.4143   0.6655  63.6430 252.1401
   4.000   0.9058   0.03846   0.02439  -0.0645   0.4115   0.6723  63.9185 252.6667
   4.000   0.9058   0.03846   0.02439  -0.0645   0.4115   0.6723  63.9185 252.6667
   4.000   0.9058   0.03846   0.02439  -0.0645   0.4115   0.6723  63.9185 252.6667
   4.000   0.9058   0.03846   0.02439  -0.0645   0.4115   0.6723  63.9185 252.6667
   4.000   0.9058   0.03846   0.02439  -0.0645   0.4115   0.6723  63.9185 252.6667
   6.000   1.0495   0.04421   0.02644  -0.0652   0.4007   0.6901  65.0617 254.0494
   6.000   1.0495   0.04421   0.02644  -0.0652   0.4007   0.6901  65.0617 254.0494
   6.000   1.0495   0.04421   0.02644  -0.0652   0.4007   0.6901  65.0617 254.0494
   6.000   1.0495   0.04421   0.02644  -0.0652   0.4007   0.6901  65.0617 254.0494
   6.000   1.0495   0.04421   0.02644  -0.0652   0.4007   0.6901  65.0617 254.0494
  12.000   0.6550   0.16381   0.15091  -0.0708   0.2939   0.7114  79.0249 255.6876
  12.000   0.6550   0.16381   0.15091  -0.0708   0.2939   0.7114  79.0249 255.6877
  12.000   0.6550   0.16381   0.15091  -0.0708   0.2939   0.7114  79.0249 255.6877
  12.000   0.6550   0.16381   0.15091  -0.0708   0.2939   0.7114  79.0249 255.6877
  12.000   0.6550   0.16381   0.15091  -0.0708   0.2939   0.7114  79.0249 255.6877
  14.000   0.7615   0.17971   0.17555  -0.0836   0.2741   0.7184  81.9174 256.2236
  14.000   0.7615   0.17971   0.17555  -0.0836   0.2741   0.7184  81.9174 256.2235
  14.000   0.7615   0.17971   0.17555  -0.0836   0.2741   0.7184  81.9174 256.2235
  14.000   0.7615   0.17971   0.17555  -0.0836   0.2741   0.7184  81.9174 256.2235
  14.000   0.7615   0.17971   0.17555  -0.0836   0.2741   0.7184  81.9174 256.2235
  15.000   0.8250   0.18565   0.18442  -0.0893   0.2670   0.7218  82.9669 256.4843
  15.000   0.8250   0.18565   0.18442  -0.0893   0.2670   0.7218  82.9669 256.4844
  15.000   0.8250   0.18565   0.18442  -0.0893   0.2670   0.7218  82.9669 256.4844
  15.000   0.8250   0.18565   0.18442  -0.0893   0.2670   0.7218  82.9669 256.4844
  16.000   0.8614   0.19591   0.20394  -0.0970   0.2545   0.7249  84.8076 256.7233
  16.000   0.8614   0.19591   0.20394  -0.0970   0.2545   0.7249  84.8076 256.7230
  16.000   0.8614   0.19591   0.20394  -0.0970   0.2545   0.7249  84.8076 256.7230
  16.000   0.8614   0.19591   0.20394  -0.0970   0.2545   0.7249  84.8076 256.7230
  16.000   0.8614   0.19591   0.20394  -0.0970   0.2545   0.7249  84.8076 256.7230
  17.000   0.9193   0.20244   0.21560  -0.1039   0.2449   0.7281  86.2207 256.9705
  17.000   0.9193   0.20244   0.21560  -0.1039   0.2449   0.7281  86.2208 256.9704
  17.000   0.9193   0.20244   0.21560  -0.1039   0.2449   0.7281  86.2208 256.9704
  17.000   0.9193   0.20244   0.21560  -0.1039   0.2449   0.7281  86.2208 256.9704
  17.000   0.9193   0.20244   0.21560  -0.1039   0.2449   0.7281  86.2208 256.9704
  18.000   0.9692   0.20990   0.23032  -0.1109   0.2348   0.7309  87.7375 257.1854
  18.000   0.9692   0.20990   0.23032  -0.1109   0.2348   0.7309  87.7375 257.1854
  18.000   0.9692   0.20990   0.23032  -0.1109   0.2348   0.7309  87.7375 257.1853
