  
       XFOIL         Version 6.99
  
 Calculated polar for: WORTMANN FX 77-W-343 AIRFOIL                    
  
 1 1 Reynolds number fixed          Mach number fixed         
  
 xtrf =   1.000 (top)        1.000 (bottom)  
 Mach =   0.000     Re =     0.525 e 6     Ncrit =   9.000  9.000
  
   alpha    CL        CD       CDp       CM     Top_Xtr  Bot_Xtr  Top_Itr  Bot_Itr
  ------ -------- --------- --------- -------- -------- -------- -------- --------
   0.000   0.5013   0.02261   0.01233  -0.0617   0.4149   0.6314  63.5856 249.3899
   0.000   0.5013   0.02261   0.01233  -0.0617   0.4149   0.6314  63.5856 249.3899
   0.000   0.5013   0.02261   0.01233  -0.0617   0.4149   0.6314  63.5856 249.3899
   0.000   0.5013   0.02261   0.01233  -0.0617   0.4149   0.6314  63.5856 249.3899
   0.000   0.5013   0.02261   0.01233  -0.0617   0.4149   0.6314  63.5856 249.3899
   1.000   0.6344   0.02312   0.01236  -0.0677   0.4120   0.6401  63.8737 250.1155
   1.000   0.6344   0.02312   0.01236  -0.0677   0.4120   0.6401  63.8737 250.1154
   1.000   0.6344   0.02312   0.01236  -0.0677   0.4120   0.6401  63.8737 250.1154
   1.000   0.6344   0.02312   0.01236  -0.0677   0.4120   0.6401  63.8737 250.1154
   1.000   0.6344   0.02312   0.01236  -0.0677   0.4120   0.6401  63.8737 250.1154
   2.000   0.7606   0.02401   0.01290  -0.0724   0.4087   0.6447  64.2200 250.4898
   2.000   0.7606   0.02401   0.01290  -0.0724   0.4087   0.6447  64.2200 250.4900
   2.000   0.7606   0.02401   0.01290  -0.0724   0.4087   0.6447  64.2200 250.4900
   2.000   0.7606   0.02401   0.01290  -0.0724   0.4087   0.6447  64.2200 250.4900
   2.000   0.7606   0.02401   0.01290  -0.0724   0.4087   0.6447  64.2200 250.4900
   3.000   0.8914   0.02440   0.01282  -0.0789   0.4049   0.6521  64.6192 251.0887
   3.000   0.8914   0.02440   0.01282  -0.0789   0.4049   0.6521  64.6192 251.0887
   3.000   0.8914   0.02440   0.01282  -0.0789   0.4049   0.6521  64.6192 251.0887
   3.000   0.8914   0.02440   0.01282  -0.0789   0.4049   0.6521  64.6192 251.0887
   3.000   0.8914   0.02440   0.01282  -0.0789   0.4049   0.6521  64.6192 251.0887
   4.000   1.0189   0.02484   0.01261  -0.0839   0.4019   0.6564  64.9401 251.4207
   4.000   1.0189   0.02484   0.01261  -0.0839   0.4019   0.6564  64.9401 251.4207
   4.000   1.0189   0.02484   0.01261  -0.0839   0.4019   0.6564  64.9401 251.4207
   4.000   1.0189   0.02484   0.01261  -0.0839   0.4019   0.6564  64.9401 251.4207
   4.000   1.0189   0.02484   0.01261  -0.0839   0.4019   0.6564  64.9401 251.4207
   5.000   1.1421   0.02567   0.01267  -0.0895   0.3974   0.6637  65.4259 252.0014
   5.000   1.1421   0.02567   0.01267  -0.0895   0.3974   0.6637  65.4259 252.0012
   5.000   1.1421   0.02567   0.01267  -0.0895   0.3974   0.6637  65.4259 252.0012
   5.000   1.1421   0.02567   0.01267  -0.0895   0.3974   0.6637  65.4259 252.0012
   5.000   1.1421   0.02567   0.01267  -0.0895   0.3974   0.6637  65.4259 252.0012
   6.000   1.2627   0.02605   0.01248  -0.0938   0.3940   0.6678  65.8078 252.3177
   6.000   1.2627   0.02605   0.01248  -0.0938   0.3940   0.6678  65.8078 252.3175
   6.000   1.2627   0.02605   0.01248  -0.0938   0.3940   0.6678  65.8078 252.3175
   6.000   1.2627   0.02605   0.01248  -0.0938   0.3940   0.6678  65.8078 252.3175
   6.000   1.2627   0.02605   0.01248  -0.0938   0.3940   0.6678  65.8078 252.3175
   7.000   1.3784   0.02701   0.01240  -0.0981   0.3903   0.6727  66.2274 252.7016
   7.000   1.3784   0.02701   0.01240  -0.0981   0.3903   0.6727  66.2275 252.7015
   7.000   1.3784   0.02701   0.01240  -0.0981   0.3903   0.6727  66.2275 252.7015
   7.000   1.3784   0.02701   0.01240  -0.0981   0.3903   0.6727  66.2275 252.7015
   7.000   1.3784   0.02701   0.01240  -0.0981   0.3903   0.6727  66.2275 252.7015
   8.000   0.7180   0.09652   0.06852  -0.0622   0.3433   0.6735  72.1271 252.7576
   8.000   0.7180   0.09651   0.06852  -0.0622   0.3433   0.6734  72.1271 252.7562
   8.000   0.7180   0.09651   0.06852  -0.0622   0.3433   0.6734  72.1271 252.7563
   8.000   0.7180   0.09651   0.06852  -0.0622   0.3433   0.6734  72.1271 252.7563
   8.000   0.7180   0.09651   0.06852  -0.0622   0.3433   0.6734  72.1271 252.7563
   9.000   1.6080   0.02858   0.01157  -0.1064   0.3835   0.6820  67.0050 253.4184
   9.000   1.6080   0.02858   0.01157  -0.1064   0.3835   0.6820  67.0050 253.4184
   9.000   1.6080   0.02858   0.01157  -0.1064   0.3835   0.6820  67.0050 253.4184
   9.000   1.6080   0.02858   0.01157  -0.1064   0.3835   0.6820  67.0050 253.4184
   9.000   1.6080   0.02858   0.01157  -0.1064   0.3835   0.6820  67.0050 253.4184
  10.000   1.6320   0.03170   0.01211  -0.0976   0.3786   0.6867  67.5862 253.7809
  10.000   1.6320   0.03170   0.01211  -0.0976   0.3786   0.6867  67.5862 253.7810
  10.000   1.6320   0.03170   0.01211  -0.0976   0.3786   0.6867  67.5862 253.7810
  10.000   1.6320   0.03170   0.01211  -0.0976   0.3786   0.6867  67.5862 253.7810
  10.000   1.6320   0.03170   0.01211  -0.0976   0.3786   0.6867  67.5862 253.7810
  11.000   1.7250   0.03319   0.01153  -0.0994   0.3758   0.6909  67.9300 254.1120
  11.000   1.7250   0.03319   0.01153  -0.0994   0.3758   0.6909  67.9300 254.1120
  11.000   1.7250   0.03319   0.01153  -0.0994   0.3758   0.6909  67.9300 254.1120
  11.000   1.7250   0.03319   0.01153  -0.0994   0.3758   0.6909  67.9300 254.1120
  11.000   1.7250   0.03319   0.01153  -0.0994   0.3758   0.6909  67.9300 254.1120
  12.000   1.6562   0.04517   0.01679  -0.0904   0.3688   0.6936  68.7854 254.3209
  12.000   1.6562   0.04517   0.01679  -0.0904   0.3688   0.6936  68.7854 254.3209
  12.000   1.6562   0.04517   0.01679  -0.0904   0.3688   0.6936  68.7853 254.3208
  12.000   1.6562   0.04517   0.01679  -0.0904   0.3688   0.6936  68.7853 254.3208
  12.000   1.6562   0.04517   0.01679  -0.0904   0.3688   0.6936  68.7853 254.3208
  13.000   1.5740   0.06258   0.02598  -0.0874   0.3597   0.6960  69.9433 254.5023
  13.000   1.5740   0.06258   0.02598  -0.0874   0.3597   0.6960  69.9433 254.5023
  13.000   1.5740   0.06258   0.02598  -0.0874   0.3597   0.6960  69.9433 254.5023
  13.000   1.5740   0.06258   0.02598  -0.0874   0.3597   0.6960  69.9433 254.5023
  13.000   1.5740   0.06258   0.02598  -0.0874   0.3597   0.6960  69.9433 254.5023
