  
       XFOIL         Version 6.99
  
 Calculated polar for: WORTMANN FX 77-W-343 AIRFOIL                    
  
 1 1 Reynolds number fixed          Mach number fixed         
  
 xtrf =   1.000 (top)        1.000 (bottom)  
 Mach =   0.000     Re =     0.475 e 6     Ncrit =   9.000  9.000
  
   alpha    CL        CD       CDp       CM     Top_Xtr  Bot_Xtr  Top_Itr  Bot_Itr
  ------ -------- --------- --------- -------- -------- -------- -------- --------
   0.000   0.4920   0.02448   0.01392  -0.0593   0.4177   0.6327  63.3024 249.4976
   0.000   0.4920   0.02448   0.01392  -0.0593   0.4177   0.6327  63.3024 249.4981
   0.000   0.4920   0.02448   0.01392  -0.0593   0.4177   0.6327  63.3024 249.4981
   0.000   0.4920   0.02448   0.01392  -0.0593   0.4177   0.6327  63.3024 249.4981
   0.000   0.4920   0.02448   0.01392  -0.0593   0.4177   0.6327  63.3024 249.4981
   1.000   0.6229   0.02503   0.01419  -0.0651   0.4141   0.6412  63.6653 250.2067
   1.000   0.6229   0.02503   0.01419  -0.0651   0.4141   0.6412  63.6653 250.2074
   1.000   0.6229   0.02503   0.01419  -0.0651   0.4141   0.6412  63.6653 250.2074
   1.000   0.6229   0.02503   0.01419  -0.0651   0.4141   0.6412  63.6653 250.2074
   1.000   0.6229   0.02503   0.01419  -0.0651   0.4141   0.6412  63.6653 250.2074
   2.000   0.7525   0.02569   0.01419  -0.0704   0.4112   0.6472  63.9498 250.6945
   2.000   0.7525   0.02569   0.01419  -0.0704   0.4112   0.6472  63.9498 250.6953
   2.000   0.7525   0.02569   0.01419  -0.0704   0.4112   0.6472  63.9498 250.6953
   2.000   0.7525   0.02569   0.01419  -0.0704   0.4112   0.6472  63.9498 250.6953
   2.000   0.7525   0.02569   0.01419  -0.0704   0.4112   0.6472  63.9498 250.6953
   3.000   0.8774   0.02646   0.01466  -0.0760   0.4070   0.6539  64.3909 251.2296
   3.000   0.8774   0.02646   0.01466  -0.0760   0.4070   0.6539  64.3909 251.2295
   3.000   0.8774   0.02646   0.01466  -0.0760   0.4070   0.6539  64.3909 251.2295
   3.000   0.8774   0.02646   0.01466  -0.0760   0.4070   0.6539  64.3909 251.2295
   3.000   0.8774   0.02646   0.01466  -0.0760   0.4070   0.6539  64.3909 251.2295
   4.000   1.0030   0.02693   0.01454  -0.0810   0.4034   0.6596  64.7752 251.6754
   4.000   1.0030   0.02693   0.01454  -0.0810   0.4034   0.6596  64.7752 251.6741
   4.000   1.0030   0.02693   0.01454  -0.0810   0.4034   0.6596  64.7752 251.6741
   4.000   1.0030   0.02693   0.01454  -0.0810   0.4034   0.6596  64.7752 251.6741
   4.000   1.0030   0.02693   0.01454  -0.0810   0.4034   0.6596  64.7752 251.6741
   5.000   1.1278   0.02761   0.01440  -0.0867   0.3999   0.6662  65.1549 252.1937
   5.000   1.1278   0.02761   0.01440  -0.0867   0.3999   0.6662  65.1549 252.1937
   5.000   1.1278   0.02761   0.01440  -0.0867   0.3999   0.6662  65.1549 252.1937
   5.000   1.1278   0.02761   0.01440  -0.0867   0.3999   0.6662  65.1549 252.1937
   5.000   1.1278   0.02761   0.01440  -0.0867   0.3999   0.6662  65.1549 252.1937
   6.000   1.2408   0.02850   0.01455  -0.0902   0.3954   0.6716  65.6513 252.6093
   6.000   1.2408   0.02850   0.01455  -0.0902   0.3954   0.6716  65.6513 252.6093
   6.000   1.2408   0.02850   0.01455  -0.0902   0.3954   0.6716  65.6513 252.6093
   6.000   1.2408   0.02850   0.01455  -0.0902   0.3954   0.6716  65.6513 252.6093
   6.000   1.2408   0.02850   0.01455  -0.0902   0.3954   0.6716  65.6513 252.6093
   7.000   1.3712   0.02877   0.01364  -0.0970   0.3926   0.6776  65.9626 253.0764
   7.000   1.3712   0.02877   0.01364  -0.0970   0.3926   0.6776  65.9626 253.0764
   7.000   1.3712   0.02877   0.01364  -0.0970   0.3926   0.6776  65.9626 253.0764
   7.000   1.3712   0.02877   0.01364  -0.0970   0.3926   0.6776  65.9626 253.0764
   7.000   1.3712   0.02877   0.01364  -0.0970   0.3926   0.6776  65.9626 253.0764
   8.000   1.4546   0.03070   0.01432  -0.0968   0.3877   0.6812  66.5209 253.3551
   8.000   1.4546   0.03070   0.01432  -0.0968   0.3877   0.6812  66.5209 253.3551
   8.000   1.4546   0.03070   0.01432  -0.0968   0.3877   0.6812  66.5209 253.3551
   8.000   1.4546   0.03070   0.01432  -0.0968   0.3877   0.6812  66.5209 253.3551
   8.000   1.4546   0.03070   0.01432  -0.0968   0.3877   0.6812  66.5209 253.3551
   9.000   1.5612   0.03160   0.01373  -0.0998   0.3848   0.6869  66.8617 253.7968
   9.000   1.5612   0.03160   0.01373  -0.0998   0.3848   0.6869  66.8617 253.7968
   9.000   1.5612   0.03160   0.01373  -0.0998   0.3848   0.6869  66.8617 253.7968
   9.000   1.5612   0.03160   0.01373  -0.0998   0.3848   0.6869  66.8617 253.7968
   9.000   1.5612   0.03160   0.01373  -0.0998   0.3848   0.6869  66.8617 253.7968
  10.000   1.5380   0.03758   0.01574  -0.0876   0.3794   0.6911  67.4911 254.1253
  10.000   1.5380   0.03758   0.01574  -0.0876   0.3794   0.6911  67.4911 254.1252
  10.000   1.5380   0.03758   0.01574  -0.0876   0.3794   0.6911  67.4911 254.1252
  10.000   1.5380   0.03758   0.01574  -0.0876   0.3794   0.6911  67.4911 254.1252
  10.000   1.5380   0.03758   0.01574  -0.0876   0.3794   0.6911  67.4911 254.1252
  11.000   1.6096   0.04068   0.01606  -0.0886   0.3761   0.6948  67.8882 254.4144
  11.000   1.6096   0.04068   0.01606  -0.0886   0.3761   0.6948  67.8882 254.4143
  11.000   1.6096   0.04068   0.01606  -0.0886   0.3761   0.6948  67.8882 254.4143
  11.000   1.6096   0.04068   0.01606  -0.0886   0.3761   0.6948  67.8882 254.4143
  11.000   1.6096   0.04068   0.01606  -0.0886   0.3761   0.6948  67.8882 254.4143
  12.000   1.5053   0.05844   0.02544  -0.0828   0.3670   0.6979  69.0143 254.6483
  12.000   1.5053   0.05845   0.02544  -0.0828   0.3670   0.6979  69.0144 254.6478
  12.000   1.5053   0.05845   0.02544  -0.0828   0.3670   0.6979  69.0144 254.6477
  12.000   1.5053   0.05845   0.02544  -0.0828   0.3670   0.6979  69.0144 254.6477
  12.000   1.5053   0.05845   0.02544  -0.0828   0.3670   0.6979  69.0144 254.6477
