xflr5 v6.61

 Calculated polar for: SG6043

 1 1 Reynolds number fixed          Mach number fixed         

 xtrf =   1.000 (top)        1.000 (bottom)
 Mach =   0.000     Re =     3.000 e 6     Ncrit =   9.000

  alpha     CL        CD       CDp       Cm    Top Xtr Bot Xtr   Cpmin    Chinge    XCp    
 ------- -------- --------- --------- -------- ------- ------- -------- --------- ---------
   0.000   0.7881   0.00543   0.00075  -0.1820  0.6700  0.0479  -0.8230   0.0000   0.0000   0.0000   0.4799
   0.100   0.7992   0.00543   0.00076  -0.1820  0.6666  0.0558  -0.8320   0.0000   0.0000   0.0000   0.4765
   0.200   0.8101   0.00542   0.00077  -0.1820  0.6617  0.0663  -0.8417   0.0000   0.0000   0.0000   0.4733
   0.300   0.8205   0.00545   0.00078  -0.1818  0.6552  0.0734  -0.8512   0.0000   0.0000   0.0000   0.4701
   0.400   0.8307   0.00547   0.00080  -0.1816  0.6469  0.0870  -0.8605   0.0000   0.0000   0.0000   0.4671
   0.500   0.8413   0.00550   0.00082  -0.1815  0.6388  0.0937  -0.8700   0.0000   0.0000   0.0000   0.4641
   0.600   0.8526   0.00547   0.00083  -0.1815  0.6363  0.1107  -0.8810   0.0000   0.0000   0.0000   0.4611
   0.700   0.8635   0.00548   0.00084  -0.1815  0.6320  0.1206  -0.8929   0.0000   0.0000   0.0000   0.4583
   0.800   0.8741   0.00548   0.00087  -0.1814  0.6249  0.1416  -0.9045   0.0000   0.0000   0.0000   0.4555
   0.900   0.8841   0.00553   0.00090  -0.1812  0.6154  0.1561  -0.9157   0.0000   0.0000   0.0000   0.4528
   1.000   0.8943   0.00556   0.00093  -0.1810  0.6045  0.1766  -0.9272   0.0000   0.0000   0.0000   0.4502
   1.100   0.9055   0.00552   0.00095  -0.1811  0.6007  0.2081  -0.9396   0.0000   0.0000   0.0000   0.4476
   1.200   0.9164   0.00551   0.00098  -0.1811  0.5950  0.2387  -0.9527   0.0000   0.0000   0.0000   0.4451
   1.300   0.9268   0.00554   0.00102  -0.1809  0.5874  0.2596  -0.9655   0.0000   0.0000   0.0000   0.4426
   1.400   0.9370   0.00556   0.00106  -0.1808  0.5797  0.2834  -0.9791   0.0000   0.0000   0.0000   0.4402
   1.500   0.9475   0.00557   0.00110  -0.1807  0.5701  0.3170  -0.9935   0.0000   0.0000   0.0000   0.4379
   1.600   0.9585   0.00555   0.00112  -0.1808  0.5654  0.3456  -1.0084   0.0000   0.0000   0.0000   0.4356
   1.700   0.9690   0.00556   0.00117  -0.1807  0.5568  0.3818  -1.0244   0.0000   0.0000   0.0000   0.4334
   1.800   0.9784   0.00560   0.00125  -0.1804  0.5410  0.4402  -1.0396   0.0000   0.0000   0.0000   0.4312
   1.900   0.9890   0.00554   0.00133  -0.1805  0.5295  0.5268  -1.0561   0.0000   0.0000   0.0000   0.4292
   2.000   0.9993   0.00553   0.00141  -0.1804  0.5192  0.5905  -1.0723   0.0000   0.0000   0.0000   0.4271
   2.100   1.0090   0.00556   0.00150  -0.1802  0.5072  0.6477  -1.0881   0.0000   0.0000   0.0000   0.4250
   2.200   1.0195   0.00551   0.00160  -0.1801  0.4967  0.7286  -1.1091   0.0000   0.0000   0.0000   0.4230
   2.300   1.0303   0.00552   0.00164  -0.1801  0.4928  0.7547  -1.1306   0.0000   0.0000   0.0000   0.4210
   2.400   1.0406   0.00554   0.00169  -0.1799  0.4866  0.7784  -1.1517   0.0000   0.0000   0.0000   0.4190
   2.500   1.0504   0.00560   0.00176  -0.1796  0.4777  0.8055  -1.1723   0.0000   0.0000   0.0000   0.4170
   2.600   1.0597   0.00567   0.00183  -0.1793  0.4653  0.8311  -1.1925   0.0000   0.0000   0.0000   0.4151
   2.700   1.0697   0.00569   0.00188  -0.1791  0.4582  0.8594  -1.2136   0.0000   0.0000   0.0000   0.4132
   2.800   1.0785   0.00571   0.00194  -0.1786  0.4498  0.8952  -1.2335   0.0000   0.0000   0.0000   0.4112
   2.900   1.0827   0.00572   0.00200  -0.1770  0.4372  0.9679  -1.2487   0.0000   0.0000   0.0000   0.4090
   3.000   1.0930   0.00581   0.00205  -0.1768  0.4234  1.0000  -1.2702   0.0000   0.0000   0.0000   0.4072
   3.100   1.1030   0.00590   0.00210  -0.1766  0.4149  1.0000  -1.2915   0.0000   0.0000   0.0000   0.4054
   3.200   1.1122   0.00604   0.00217  -0.1763  0.4034  1.0000  -1.3125   0.0000   0.0000   0.0000   0.4037
   3.300   1.1219   0.00615   0.00223  -0.1760  0.3902  1.0000  -1.3367   0.0000   0.0000   0.0000   0.4019
   3.400   1.1323   0.00621   0.00227  -0.1759  0.3856  1.0000  -1.3621   0.0000   0.0000   0.0000   0.4003
   3.500   1.1422   0.00631   0.00233  -0.1757  0.3775  1.0000  -1.3869   0.0000   0.0000   0.0000   0.3986
   3.600   1.1513   0.00646   0.00241  -0.1753  0.3661  1.0000  -1.4108   0.0000   0.0000   0.0000   0.3969
   3.700   1.1611   0.00656   0.00246  -0.1750  0.3548  1.0000  -1.4357   0.0000   0.0000   0.0000   0.3953
   3.800   1.1714   0.00663   0.00251  -0.1749  0.3500  1.0000  -1.4614   0.0000   0.0000   0.0000   0.3938
   3.900   1.1809   0.00675   0.00258  -0.1746  0.3410  1.0000  -1.4862   0.0000   0.0000   0.0000   0.3922
   4.000   1.1894   0.00694   0.00268  -0.1741  0.3239  1.0000  -1.5096   0.0000   0.0000   0.0000   0.3906
   4.100   1.1991   0.00704   0.00274  -0.1739  0.3147  1.0000  -1.5348   0.0000   0.0000   0.0000   0.3891
   4.200   1.2071   0.00725   0.00286  -0.1733  0.2987  1.0000  -1.5579   0.0000   0.0000   0.0000   0.3875
   4.300   1.2164   0.00738   0.00293  -0.1730  0.2855  1.0000  -1.5864   0.0000   0.0000   0.0000   0.3860
   4.400   1.2254   0.00753   0.00302  -0.1726  0.2751  1.0000  -1.6201   0.0000   0.0000   0.0000   0.3846
   4.500   1.2338   0.00772   0.00313  -0.1721  0.2606  1.0000  -1.6529   0.0000   0.0000   0.0000   0.3831
   4.600   1.2436   0.00781   0.00319  -0.1719  0.2532  1.0000  -1.6884   0.0000   0.0000   0.0000   0.3817
   4.700   1.2529   0.00793   0.00327  -0.1715  0.2457  1.0000  -1.7234   0.0000   0.0000   0.0000   0.3802
   4.800   1.2616   0.00810   0.00337  -0.1711  0.2356  1.0000  -1.7572   0.0000   0.0000   0.0000   0.3788
   4.900   1.2710   0.00821   0.00345  -0.1708  0.2254  1.0000  -1.7926   0.0000   0.0000   0.0000   0.3775
   5.000   1.2804   0.00833   0.00355  -0.1705  0.2189  1.0000  -1.8292   0.0000   0.0000   0.0000   0.3761
   5.100   1.2873   0.00861   0.00371  -0.1697  0.1981  1.0000  -1.8604   0.0000   0.0000   0.0000   0.3747
   5.200   1.2961   0.00876   0.00381  -0.1693  0.1884  1.0000  -1.8954   0.0000   0.0000   0.0000   0.3733
   5.300   1.3036   0.00900   0.00395  -0.1687  0.1737  1.0000  -1.9280   0.0000   0.0000   0.0000   0.3720
   5.400   1.3130   0.00910   0.00403  -0.1684  0.1664  1.0000  -1.9644   0.0000   0.0000   0.0000   0.3707
   5.500   1.3221   0.00923   0.00412  -0.1680  0.1608  1.0000  -2.0006   0.0000   0.0000   0.0000   0.3694
   5.600   1.3305   0.00940   0.00423  -0.1676  0.1533  1.0000  -2.0355   0.0000   0.0000   0.0000   0.3681
   5.700   1.3393   0.00955   0.00434  -0.1671  0.1430  1.0000  -2.0712   0.0000   0.0000   0.0000   0.3668
   5.800   1.3484   0.00966   0.00443  -0.1668  0.1382  1.0000  -2.1080   0.0000   0.0000   0.0000   0.3656
   5.900   1.3559   0.00989   0.00457  -0.1662  0.1280  1.0000  -2.1417   0.0000   0.0000   0.0000   0.3643
   6.000   1.3643   0.01005   0.00468  -0.1657  0.1178  1.0000  -2.1774   0.0000   0.0000   0.0000   0.3630
   6.100   1.3726   0.01022   0.00481  -0.1652  0.1109  1.0000  -2.2130   0.0000   0.0000   0.0000   0.3618
   6.200   1.3798   0.01045   0.00496  -0.1645  0.0997  1.0000  -2.2467   0.0000   0.0000   0.0000   0.3605
   6.300   1.3888   0.01058   0.00506  -0.1641  0.0946  1.0000  -2.2840   0.0000   0.0000   0.0000   0.3594
   6.400   1.3969   0.01075   0.00519  -0.1636  0.0890  1.0000  -2.3200   0.0000   0.0000   0.0000   0.3582
   6.500   1.4044   0.01094   0.00533  -0.1630  0.0818  1.0000  -2.3547   0.0000   0.0000   0.0000   0.3569
   6.600   1.4129   0.01106   0.00542  -0.1625  0.0766  1.0000  -2.3919   0.0000   0.0000   0.0000   0.3558
   6.700   1.4216   0.01117   0.00551  -0.1621  0.0745  1.0000  -2.4295   0.0000   0.0000   0.0000   0.3546
   6.800   1.4295   0.01131   0.00563  -0.1615  0.0710  1.0000  -2.4723   0.0000   0.0000   0.0000   0.3534
   6.900   1.4368   0.01149   0.00577  -0.1608  0.0665  1.0000  -2.5142   0.0000   0.0000   0.0000   0.3522
   7.000   1.4447   0.01163   0.00588  -0.1602  0.0624  1.0000  -2.5577   0.0000   0.0000   0.0000   0.3511
   7.100   1.4532   0.01173   0.00597  -0.1597  0.0593  1.0000  -2.6029   0.0000   0.0000   0.0000   0.3500
   7.200   1.4619   0.01183   0.00606  -0.1593  0.0585  1.0000  -2.6489   0.0000   0.0000   0.0000   0.3489
   7.300   1.4703   0.01193   0.00616  -0.1588  0.0574  1.0000  -2.6947   0.0000   0.0000   0.0000   0.3478
   7.400   1.4784   0.01205   0.00627  -0.1583  0.0558  1.0000  -2.7435   0.0000   0.0000   0.0000   0.3467
   7.500   1.4861   0.01220   0.00639  -0.1577  0.0534  1.0000  -2.7970   0.0000   0.0000   0.0000   0.3456
   7.600   1.4933   0.01237   0.00653  -0.1570  0.0504  1.0000  -2.8495   0.0000   0.0000   0.0000   0.3444
   7.700   1.5105   0.01197   0.00636  -0.1581  0.0714  1.0000  -2.9316   0.0000   0.0000   0.0000   0.3438
   7.800   1.5202   0.01200   0.00642  -0.1579  0.0733  1.0000  -2.9923   0.0000   0.0000   0.0000   0.3428
   7.900   1.5284   0.01212   0.00653  -0.1574  0.0720  1.0000  -3.0491   0.0000   0.0000   0.0000   0.3418
   8.000   1.5359   0.01227   0.00666  -0.1568  0.0696  1.0000  -3.1044   0.0000   0.0000   0.0000   0.3407
   8.100   1.5431   0.01244   0.00680  -0.1561  0.0664  1.0000  -3.1587   0.0000   0.0000   0.0000   0.3397
   8.200   1.5504   0.01260   0.00694  -0.1554  0.0623  1.0000  -3.2138   0.0000   0.0000   0.0000   0.3386
   8.300   1.5581   0.01273   0.00706  -0.1548  0.0591  1.0000  -3.2709   0.0000   0.0000   0.0000   0.3376
   8.400   1.5660   0.01286   0.00718  -0.1543  0.0580  1.0000  -3.3287   0.0000   0.0000   0.0000   0.3366
   8.500   1.5731   0.01302   0.00733  -0.1536  0.0556  1.0000  -3.3848   0.0000   0.0000   0.0000   0.3355
   8.600   1.5792   0.01325   0.00752  -0.1527  0.0518  1.0000  -3.4377   0.0000   0.0000   0.0000   0.3344
   8.700   1.5853   0.01348   0.00771  -0.1519  0.0471  1.0000  -3.4907   0.0000   0.0000   0.0000   0.3334
   8.800   1.5926   0.01364   0.00785  -0.1512  0.0436  1.0000  -3.5481   0.0000   0.0000   0.0000   0.3324
   8.900   1.6001   0.01379   0.00800  -0.1506  0.0422  1.0000  -3.6066   0.0000   0.0000   0.0000   0.3314
   9.000   1.6072   0.01396   0.00816  -0.1500  0.0406  1.0000  -3.6644   0.0000   0.0000   0.0000   0.3304
   9.100   1.6142   0.01414   0.00832  -0.1493  0.0392  1.0000  -3.7218   0.0000   0.0000   0.0000   0.3294
   9.200   1.6208   0.01432   0.00849  -0.1486  0.0378  1.0000  -3.7786   0.0000   0.0000   0.0000   0.3284
   9.300   1.6275   0.01451   0.00867  -0.1478  0.0363  1.0000  -3.8408   0.0000   0.0000   0.0000   0.3274
   9.400   1.6344   0.01468   0.00883  -0.1471  0.0348  1.0000  -3.9114   0.0000   0.0000   0.0000   0.3265
   9.500   1.6415   0.01485   0.00899  -0.1465  0.0331  1.0000  -3.9835   0.0000   0.0000   0.0000   0.3255
   9.600   1.6489   0.01500   0.00915  -0.1459  0.0316  1.0000  -4.0571   0.0000   0.0000   0.0000   0.3246
   9.700   1.6564   0.01515   0.00930  -0.1453  0.0307  1.0000  -4.1319   0.0000   0.0000   0.0000   0.3237
   9.800   1.6641   0.01529   0.00944  -0.1448  0.0305  1.0000  -4.2080   0.0000   0.0000   0.0000   0.3228
   9.900   1.6717   0.01544   0.00959  -0.1443  0.0303  1.0000  -4.2845   0.0000   0.0000   0.0000   0.3219
  10.000   1.6791   0.01559   0.00975  -0.1437  0.0301  1.0000  -4.3605   0.0000   0.0000   0.0000   0.3210
  10.100   1.6863   0.01575   0.00991  -0.1431  0.0297  1.0000  -4.4360   0.0000   0.0000   0.0000   0.3201
  10.200   1.6932   0.01592   0.01008  -0.1425  0.0293  1.0000  -4.5113   0.0000   0.0000   0.0000   0.3192
  10.300   1.6971   0.01627   0.01042  -0.1413  0.0259  1.0000  -4.5726   0.0000   0.0000   0.0000   0.3182
  10.400   1.7018   0.01657   0.01070  -0.1403  0.0234  1.0000  -4.6384   0.0000   0.0000   0.0000   0.3172
  10.500   1.7076   0.01682   0.01093  -0.1395  0.0210  1.0000  -4.7091   0.0000   0.0000   0.0000   0.3163
  10.600   1.7142   0.01702   0.01113  -0.1389  0.0198  1.0000  -4.7845   0.0000   0.0000   0.0000   0.3154
  10.700   1.7209   0.01722   0.01133  -0.1382  0.0193  1.0000  -4.8608   0.0000   0.0000   0.0000   0.3145
  10.800   1.7272   0.01744   0.01155  -0.1375  0.0188  1.0000  -4.9357   0.0000   0.0000   0.0000   0.3136
  10.900   1.7329   0.01768   0.01179  -0.1367  0.0180  1.0000  -5.0086   0.0000   0.0000   0.0000   0.3127
  11.000   1.7379   0.01797   0.01207  -0.1358  0.0168  1.0000  -5.0790   0.0000   0.0000   0.0000   0.3118
  11.100   1.7424   0.01832   0.01240  -0.1349  0.0152  1.0000  -5.1469   0.0000   0.0000   0.0000   0.3109
  11.200   1.7472   0.01864   0.01272  -0.1340  0.0137  1.0000  -5.2168   0.0000   0.0000   0.0000   0.3100
  11.300   1.7528   0.01892   0.01299  -0.1332  0.0120  1.0000  -5.2905   0.0000   0.0000   0.0000   0.3091
  11.400   1.7589   0.01917   0.01324  -0.1325  0.0113  1.0000  -5.3671   0.0000   0.0000   0.0000   0.3083
  11.500   1.7645   0.01943   0.01351  -0.1317  0.0109  1.0000  -5.4420   0.0000   0.0000   0.0000   0.3074
  11.600   1.7698   0.01972   0.01380  -0.1310  0.0105  1.0000  -5.5164   0.0000   0.0000   0.0000   0.3066
  11.700   1.7752   0.02000   0.01409  -0.1302  0.0101  1.0000  -5.5912   0.0000   0.0000   0.0000   0.3057
  11.800   1.7805   0.02030   0.01439  -0.1294  0.0097  1.0000  -5.6665   0.0000   0.0000   0.0000   0.3049
  11.900   1.7859   0.02059   0.01468  -0.1287  0.0093  1.0000  -5.7425   0.0000   0.0000   0.0000   0.3041
  12.000   1.7912   0.02090   0.01499  -0.1279  0.0088  1.0000  -5.8180   0.0000   0.0000   0.0000   0.3032
  12.100   1.7960   0.02122   0.01532  -0.1271  0.0084  1.0000  -5.8920   0.0000   0.0000   0.0000   0.3024
  12.200   1.8003   0.02157   0.01567  -0.1262  0.0080  1.0000  -5.9636   0.0000   0.0000   0.0000   0.3015
  12.300   1.8047   0.02191   0.01602  -0.1253  0.0076  1.0000  -6.0359   0.0000   0.0000   0.0000   0.3007
  12.400   1.8095   0.02225   0.01637  -0.1246  0.0072  1.0000  -6.1106   0.0000   0.0000   0.0000   0.2999
  12.500   1.8146   0.02257   0.01670  -0.1238  0.0068  1.0000  -6.1872   0.0000   0.0000   0.0000   0.2991
  12.600   1.8199   0.02289   0.01702  -0.1231  0.0063  1.0000  -6.2652   0.0000   0.0000   0.0000   0.2983
  12.700   1.8254   0.02320   0.01734  -0.1225  0.0060  1.0000  -6.3442   0.0000   0.0000   0.0000   0.2976
  12.800   1.8307   0.02352   0.01767  -0.1218  0.0056  1.0000  -6.4225   0.0000   0.0000   0.0000   0.2968
  12.900   1.8354   0.02387   0.01803  -0.1211  0.0054  1.0000  -6.4986   0.0000   0.0000   0.0000   0.2960
  13.000   1.8401   0.02423   0.01841  -0.1203  0.0053  1.0000  -6.5754   0.0000   0.0000   0.0000   0.2952
  13.100   1.8450   0.02459   0.01877  -0.1196  0.0053  1.0000  -6.6537   0.0000   0.0000   0.0000   0.2945
  13.200   1.8500   0.02494   0.01913  -0.1190  0.0052  1.0000  -6.7332   0.0000   0.0000   0.0000   0.2938
  13.300   1.8551   0.02529   0.01950  -0.1183  0.0051  1.0000  -6.8135   0.0000   0.0000   0.0000   0.2930
  13.400   1.8609   0.02560   0.01984  -0.1177  0.0053  1.0000  -6.8965   0.0000   0.0000   0.0000   0.2923
  13.500   1.8660   0.02595   0.02021  -0.1171  0.0052  1.0000  -6.9777   0.0000   0.0000   0.0000   0.2916
  13.600   1.8704   0.02636   0.02063  -0.1164  0.0052  1.0000  -7.0552   0.0000   0.0000   0.0000   0.2909
  13.700   1.8744   0.02679   0.02107  -0.1157  0.0052  1.0000  -7.1310   0.0000   0.0000   0.0000   0.2901
  13.800   1.8786   0.02721   0.02151  -0.1150  0.0051  1.0000  -7.2191   0.0000   0.0000   0.0000   0.2894
  13.900   1.8831   0.02762   0.02193  -0.1143  0.0051  1.0000  -7.3389   0.0000   0.0000   0.0000   0.2887
  14.000   1.8877   0.02803   0.02235  -0.1137  0.0050  1.0000  -7.4603   0.0000   0.0000   0.0000   0.2880
  14.100   1.8923   0.02844   0.02278  -0.1130  0.0050  1.0000  -7.5826   0.0000   0.0000   0.0000   0.2873
  14.200   1.8968   0.02886   0.02321  -0.1124  0.0049  1.0000  -7.7053   0.0000   0.0000   0.0000   0.2866
  14.300   1.9007   0.02932   0.02369  -0.1117  0.0048  1.0000  -7.8235   0.0000   0.0000   0.0000   0.2859
  14.400   1.9036   0.02985   0.02424  -0.1110  0.0047  1.0000  -7.9355   0.0000   0.0000   0.0000   0.2852
  14.500   1.9069   0.03037   0.02477  -0.1102  0.0046  1.0000  -8.0505   0.0000   0.0000   0.0000   0.2845
  14.600   1.9105   0.03087   0.02528  -0.1096  0.0045  1.0000  -8.1687   0.0000   0.0000   0.0000   0.2838
  14.700   1.9142   0.03137   0.02580  -0.1089  0.0044  1.0000  -8.2880   0.0000   0.0000   0.0000   0.2832
  14.800   1.9176   0.03189   0.02634  -0.1082  0.0042  1.0000  -8.4063   0.0000   0.0000   0.0000   0.2825
  14.900   1.9211   0.03240   0.02686  -0.1076  0.0041  1.0000  -8.5256   0.0000   0.0000   0.0000   0.2818
  15.300   1.9172   0.03604   0.03055  -0.1036  0.0014  1.0000  -8.8533   0.0000   0.0000   0.0000   0.2790
  15.400   1.9201   0.03667   0.03120  -0.1030  0.0013  1.0000  -8.9690   0.0000   0.0000   0.0000   0.2783
  15.500   1.9221   0.03739   0.03194  -0.1023  0.0013  1.0000  -9.0780   0.0000   0.0000   0.0000   0.2777
  15.600   1.9225   0.03825   0.03282  -0.1016  0.0012  1.0000  -9.1743   0.0000   0.0000   0.0000   0.2771
  15.700   1.9238   0.03905   0.03365  -0.1009  0.0012  1.0000  -9.2777   0.0000   0.0000   0.0000   0.2765
  15.800   1.9256   0.03982   0.03444  -0.1003  0.0011  1.0000  -9.3864   0.0000   0.0000   0.0000   0.2759
  15.900   1.9276   0.04058   0.03521  -0.0998  0.0010  1.0000  -9.4971   0.0000   0.0000   0.0000   0.2753
  16.000   1.9297   0.04134   0.03599  -0.0992  0.0010  1.0000  -9.6090   0.0000   0.0000   0.0000   0.2747
  16.100   1.9317   0.04211   0.03677  -0.0987  0.0009  1.0000  -9.7213   0.0000   0.0000   0.0000   0.2741
  16.200   1.9321   0.04306   0.03775  -0.0981  0.0009  1.0000  -9.8186   0.0000   0.0000   0.0000   0.2736
  16.300   1.9325   0.04401   0.03872  -0.0975  0.0008  1.0000  -9.9169   0.0000   0.0000   0.0000   0.2730
  16.400   1.9341   0.04485   0.03958  -0.0970  0.0007  1.0000  -10.0262   0.0000   0.0000   0.0000   0.2725
  16.500   1.9362   0.04564   0.04039  -0.0966  0.0007  1.0000  -10.1410   0.0000   0.0000   0.0000   0.2720
  16.600   1.9386   0.04642   0.04119  -0.0961  0.0006  1.0000  -10.2578   0.0000   0.0000   0.0000   0.2715
  16.700   1.9409   0.04721   0.04200  -0.0957  0.0005  1.0000  -10.3743   0.0000   0.0000   0.0000   0.2709
  16.800   1.9429   0.04803   0.04283  -0.0953  0.0005  1.0000  -10.4884   0.0000   0.0000   0.0000   0.2704
  16.900   1.9424   0.04913   0.04396  -0.0949  0.0004  1.0000  -10.5794   0.0000   0.0000   0.0000   0.2699
  17.000   1.9426   0.05019   0.04505  -0.0944  0.0002  1.0000  -10.6615   0.0000   0.0000   0.0000   0.2695
  17.100   1.9430   0.05124   0.04611  -0.0940  0.0001  1.0000  -10.6982   0.0000   0.0000   0.0000   0.2690
  17.200   1.9444   0.05215   0.04705  -0.0937  0.0001  1.0000  -10.8060   0.0000   0.0000   0.0000   0.2685
  17.300   1.9459   0.05307   0.04799  -0.0933  0.0001  1.0000  -10.9147   0.0000   0.0000   0.0000   0.2680
  17.400   1.9473   0.05400   0.04895  -0.0930  0.0001  1.0000  -11.0235   0.0000   0.0000   0.0000   0.2676
  17.500   1.9470   0.05514   0.05012  -0.0927  0.0001  1.0000  -11.1162   0.0000   0.0000   0.0000   0.2672
  17.600   1.9455   0.05646   0.05147  -0.0924  0.0001  1.0000  -11.1971   0.0000   0.0000   0.0000   0.2668
  17.700   1.9456   0.05757   0.05261  -0.0921  0.0001  1.0000  -11.2938   0.0000   0.0000   0.0000   0.2664
  17.800   1.9463   0.05862   0.05369  -0.0919  0.0001  1.0000  -11.3962   0.0000   0.0000   0.0000   0.2660
  17.900   1.9471   0.05966   0.05476  -0.0916  0.0001  1.0000  -11.4999   0.0000   0.0000   0.0000   0.2656
  18.000   1.9477   0.06072   0.05585  -0.0914  0.0001  1.0000  -11.6025   0.0000   0.0000   0.0000   0.2652
  18.100   1.9466   0.06202   0.05718  -0.0912  0.0001  1.0000  -11.6874   0.0000   0.0000   0.0000   0.2648
  18.200   1.9439   0.06355   0.05875  -0.0911  0.0001  1.0000  -11.7567   0.0000   0.0000   0.0000   0.2646
  18.300   1.9432   0.06480   0.06003  -0.0910  0.0001  1.0000  -11.8453   0.0000   0.0000   0.0000   0.2642
  18.400   1.9428   0.06597   0.06123  -0.0908  0.0001  1.0000  -11.9377   0.0000   0.0000   0.0000   0.2639
  18.500   1.9425   0.06714   0.06243  -0.0907  0.0001  1.0000  -12.0308   0.0000   0.0000   0.0000   0.2636
  18.600   1.9420   0.06834   0.06367  -0.0905  0.0001  1.0000  -12.1225   0.0000   0.0000   0.0000   0.2632
  18.700   1.9379   0.07013   0.06550  -0.0906  0.0001  1.0000  -12.1764   0.0000   0.0000   0.0000   0.2631
  18.800   1.9356   0.07168   0.06709  -0.0906  0.0001  1.0000  -12.2481   0.0000   0.0000   0.0000   0.2629
  18.900   1.9345   0.07306   0.06849  -0.0906  0.0001  1.0000  -12.3331   0.0000   0.0000   0.0000   0.2626
  19.000   1.9337   0.07440   0.06987  -0.0906  0.0001  1.0000  -12.4206   0.0000   0.0000   0.0000   0.2624
  19.100   1.9328   0.07576   0.07127  -0.0906  0.0001  1.0000  -12.5070   0.0000   0.0000   0.0000   0.2621
  19.200   1.9293   0.07758   0.07313  -0.0909  0.0001  1.0000  -12.5647   0.0000   0.0000   0.0000   0.2620
  19.300   1.9253   0.07950   0.07510  -0.0911  0.0001  1.0000  -12.6166   0.0000   0.0000   0.0000   0.2620
  19.400   1.9234   0.08107   0.07669  -0.0913  0.0001  1.0000  -12.6919   0.0000   0.0000   0.0000   0.2618
  19.500   1.9220   0.08257   0.07823  -0.0914  0.0001  1.0000  -12.7710   0.0000   0.0000   0.0000   0.2617
  19.600   1.9205   0.08409   0.07978  -0.0916  0.0001  1.0000  -12.8502   0.0000   0.0000   0.0000   0.2615
  19.700   1.9162   0.08610   0.08184  -0.0920  0.0001  1.0000  -12.8975   0.0000   0.0000   0.0000   0.2615
  19.800   1.9111   0.08827   0.08406  -0.0925  0.0001  1.0000  -12.9349   0.0000   0.0000   0.0000   0.2616
  19.900   1.9086   0.08998   0.08581  -0.0929  0.0001  1.0000  -13.0007   0.0000   0.0000   0.0000   0.2615
  20.000   1.9066   0.09163   0.08750  -0.0932  0.0001  1.0000  -13.0712   0.0000   0.0000   0.0000   0.2615


