xflr5 v6.61

 Calculated polar for: SG6043

 1 1 Reynolds number fixed          Mach number fixed         

 xtrf =   1.000 (top)        1.000 (bottom)
 Mach =   0.000     Re =     0.100 e 6     Ncrit =   9.000

  alpha     CL        CD       CDp       Cm    Top Xtr Bot Xtr   Cpmin    Chinge    XCp    
 ------- -------- --------- --------- -------- ------- ------- -------- --------- ---------
   0.000   0.4503   0.02808   0.02197  -0.1372  0.8789  1.0000  -1.1421   0.0000   0.0000   0.0000   0.5545
   0.100   0.4526   0.02833   0.02214  -0.1359  0.8736  1.0000  -1.1096   0.0000   0.0000   0.0000   0.5501
   0.200   0.4635   0.02849   0.02217  -0.1360  0.8700  1.0000  -1.0519   0.0000   0.0000   0.0000   0.5431
   0.300   0.4776   0.02859   0.02216  -0.1366  0.8670  1.0000  -0.9846   0.0000   0.0000   0.0000   0.5354
   0.400   0.4937   0.02867   0.02212  -0.1375  0.8646  1.0000  -0.9113   0.0000   0.0000   0.0000   0.5277
   0.500   0.5112   0.02871   0.02205  -0.1385  0.8625  1.0000  -0.8341   0.0000   0.0000   0.0000   0.5201
   0.600   0.5293   0.02875   0.02199  -0.1397  0.8607  1.0000  -0.7555   0.0000   0.0000   0.0000   0.5129
   0.700   0.5482   0.02878   0.02193  -0.1410  0.8592  1.0000  -0.6756   0.0000   0.0000   0.0000   0.5059
   0.800   0.5676   0.02882   0.02188  -0.1424  0.8580  1.0000  -0.6830   0.0000   0.0000   0.0000   0.4994
   1.100   0.5793   0.02969   0.02264  -0.1395  0.8425  1.0000  -0.6949   0.0000   0.0000   0.0000   0.4889
   1.200   0.5942   0.02973   0.02260  -0.1401  0.8397  1.0000  -0.7069   0.0000   0.0000   0.0000   0.4838
   1.300   0.6104   0.02973   0.02253  -0.1409  0.8373  1.0000  -0.7204   0.0000   0.0000   0.0000   0.4787
   1.400   0.6280   0.02969   0.02244  -0.1419  0.8353  1.0000  -0.7349   0.0000   0.0000   0.0000   0.4737
   1.500   0.6465   0.02963   0.02233  -0.1430  0.8337  1.0000  -0.7506   0.0000   0.0000   0.0000   0.4688
   1.600   0.6657   0.02957   0.02221  -0.1442  0.8323  1.0000  -0.7676   0.0000   0.0000   0.0000   0.4641
   1.700   0.6854   0.02948   0.02208  -0.1455  0.8311  1.0000  -0.7851   0.0000   0.0000   0.0000   0.4596
   1.800   0.7048   0.02942   0.02197  -0.1467  0.8300  1.0000  -0.8025   0.0000   0.0000   0.0000   0.4554
   2.000   0.6933   0.03055   0.02309  -0.1420  0.8135  1.0000  -0.7995   0.0000   0.0000   0.0000   0.4518
   2.100   0.7087   0.03049   0.02301  -0.1426  0.8108  1.0000  -0.8154   0.0000   0.0000   0.0000   0.4480
   2.200   0.7259   0.03038   0.02286  -0.1434  0.8086  1.0000  -0.8328   0.0000   0.0000   0.0000   0.4443
   2.300   0.7443   0.03021   0.02267  -0.1443  0.8068  1.0000  -0.8513   0.0000   0.0000   0.0000   0.4406
   2.400   0.7636   0.03000   0.02243  -0.1454  0.8053  1.0000  -0.8718   0.0000   0.0000   0.0000   0.4370
   2.500   0.7830   0.02977   0.02218  -0.1465  0.8039  1.0000  -0.8932   0.0000   0.0000   0.0000   0.4335
   2.600   0.8026   0.02953   0.02193  -0.1476  0.8026  1.0000  -0.9148   0.0000   0.0000   0.0000   0.4302
   2.700   0.8228   0.02926   0.02164  -0.1487  0.8016  1.0000  -0.9386   0.0000   0.0000   0.0000   0.4269
   2.900   0.8095   0.03073   0.02312  -0.1439  0.7834  1.0000  -0.9377   0.0000   0.0000   0.0000   0.4237
   3.000   0.8263   0.03051   0.02290  -0.1445  0.7809  1.0000  -0.9593   0.0000   0.0000   0.0000   0.4207
   3.100   0.8444   0.03023   0.02261  -0.1453  0.7789  1.0000  -0.9823   0.0000   0.0000   0.0000   0.4178
   3.200   0.8631   0.02990   0.02227  -0.1462  0.7773  1.0000  -1.0082   0.0000   0.0000   0.0000   0.4149
   3.300   0.8823   0.02952   0.02190  -0.1470  0.7757  1.0000  -1.0353   0.0000   0.0000   0.0000   0.4121
   3.400   0.9025   0.02906   0.02144  -0.1480  0.7744  1.0000  -1.0659   0.0000   0.0000   0.0000   0.4093
   3.500   0.9236   0.02853   0.02099  -0.1491  0.7733  1.0000  -1.0989   0.0000   0.0000   0.0000   0.4066
   3.600   0.9453   0.02799   0.02045  -0.1503  0.7724  1.0000  -1.1330   0.0000   0.0000   0.0000   0.4041
   3.700   0.9679   0.02745   0.01992  -0.1516  0.7714  1.0000  -1.1681   0.0000   0.0000   0.0000   0.4017
   4.000   0.9699   0.02867   0.02117  -0.1468  0.7492  1.0000  -1.1976   0.0000   0.0000   0.0000   0.3959
   4.100   0.9901   0.02807   0.02058  -0.1476  0.7475  1.0000  -1.2308   0.0000   0.0000   0.0000   0.3936
   4.200   1.0113   0.02745   0.01997  -0.1487  0.7459  1.0000  -1.2654   0.0000   0.0000   0.0000   0.3914
   4.300   1.0338   0.02678   0.01931  -0.1499  0.7444  1.0000  -1.3055   0.0000   0.0000   0.0000   0.3892
   4.400   1.0582   0.02607   0.01862  -0.1515  0.7430  1.0000  -1.3492   0.0000   0.0000   0.0000   0.3872
   4.500   1.0825   0.02537   0.01794  -0.1530  0.7416  1.0000  -1.3933   0.0000   0.0000   0.0000   0.3854
   4.600   1.1072   0.02466   0.01724  -0.1547  0.7400  1.0000  -1.4383   0.0000   0.0000   0.0000   0.3835
   4.800   1.0917   0.02603   0.01866  -0.1486  0.7210  1.0000  -1.4408   0.0000   0.0000   0.0000   0.3798
   4.900   1.1127   0.02538   0.01803  -0.1496  0.7179  1.0000  -1.4814   0.0000   0.0000   0.0000   0.3780
   5.000   1.1352   0.02468   0.01734  -0.1509  0.7151  1.0000  -1.5307   0.0000   0.0000   0.0000   0.3762
   5.100   1.1592   0.02390   0.01658  -0.1523  0.7123  1.0000  -1.5827   0.0000   0.0000   0.0000   0.3746
   5.200   1.1849   0.02309   0.01577  -0.1541  0.7095  1.0000  -1.6394   0.0000   0.0000   0.0000   0.3731
   5.300   1.2029   0.02269   0.01538  -0.1547  0.7051  1.0000  -1.6895   0.0000   0.0000   0.0000   0.3715
   5.400   1.1920   0.02344   0.01619  -0.1511  0.6950  1.0000  -1.6874   0.0000   0.0000   0.0000   0.3696
   5.500   1.2041   0.02319   0.01596  -0.1509  0.6886  1.0000  -1.7273   0.0000   0.0000   0.0000   0.3680
   5.600   1.2236   0.02261   0.01555  -0.1517  0.6833  1.0000  -1.7822   0.0000   0.0000   0.0000   0.3665
   5.700   1.2461   0.02196   0.01489  -0.1529  0.6783  1.0000  -1.8422   0.0000   0.0000   0.0000   0.3651
   5.800   1.2719   0.02128   0.01418  -0.1548  0.6733  1.0000  -1.9088   0.0000   0.0000   0.0000   0.3639
   5.900   1.2658   0.02178   0.01475  -0.1519  0.6639  1.0000  -1.9159   0.0000   0.0000   0.0000   0.3621
   6.000   1.2741   0.02170   0.01469  -0.1510  0.6554  1.0000  -1.9501   0.0000   0.0000   0.0000   0.3605
   6.100   1.2901   0.02131   0.01429  -0.1513  0.6476  1.0000  -1.9994   0.0000   0.0000   0.0000   0.3591
   6.200   1.3136   0.02076   0.01366  -0.1529  0.6401  1.0000  -2.0632   0.0000   0.0000   0.0000   0.3580
   6.300   1.3149   0.02099   0.01395  -0.1510  0.6308  1.0000  -2.0846   0.0000   0.0000   0.0000   0.3563
   6.400   1.3206   0.02105   0.01403  -0.1498  0.6209  1.0000  -2.1147   0.0000   0.0000   0.0000   0.3548
   6.500   1.3347   0.02082   0.01376  -0.1499  0.6113  1.0000  -2.1612   0.0000   0.0000   0.0000   0.3535
   6.600   1.3509   0.02062   0.01350  -0.1504  0.6017  1.0000  -2.2120   0.0000   0.0000   0.0000   0.3524
   6.700   1.3523   0.02085   0.01379  -0.1486  0.5910  1.0000  -2.2339   0.0000   0.0000   0.0000   0.3508
   6.800   1.3612   0.02085   0.01376  -0.1479  0.5799  1.0000  -2.2708   0.0000   0.0000   0.0000   0.3494
   6.900   1.3784   0.02068   0.01345  -0.1485  0.5684  1.0000  -2.3246   0.0000   0.0000   0.0000   0.3483
   7.000   1.3791   0.02094   0.01379  -0.1466  0.5569  1.0000  -2.3452   0.0000   0.0000   0.0000   0.3467
   7.100   1.3863   0.02102   0.01384  -0.1456  0.5440  1.0000  -2.3793   0.0000   0.0000   0.0000   0.3453
   7.200   1.3978   0.02105   0.01374  -0.1454  0.5310  1.0000  -2.4289   0.0000   0.0000   0.0000   0.3441
   7.300   1.3998   0.02129   0.01403  -0.1437  0.5179  1.0000  -2.4579   0.0000   0.0000   0.0000   0.3426
   7.400   1.4071   0.02143   0.01407  -0.1427  0.5037  1.0000  -2.5000   0.0000   0.0000   0.0000   0.3413
   7.500   1.4129   0.02165   0.01422  -0.1417  0.4901  1.0000  -2.5384   0.0000   0.0000   0.0000   0.3399
   7.600   1.4164   0.02189   0.01445  -0.1402  0.4758  1.0000  -2.5768   0.0000   0.0000   0.0000   0.3385
   7.700   1.4240   0.02214   0.01450  -0.1394  0.4610  1.0000  -2.6289   0.0000   0.0000   0.0000   0.3372
   7.800   1.4255   0.02244   0.01485  -0.1377  0.4474  1.0000  -2.6623   0.0000   0.0000   0.0000   0.3358
   7.900   1.4289   0.02274   0.01505  -0.1362  0.4329  1.0000  -2.7026   0.0000   0.0000   0.0000   0.3344
   8.000   1.4325   0.02309   0.01531  -0.1348  0.4189  1.0000  -2.7429   0.0000   0.0000   0.0000   0.3330
   8.100   1.4340   0.02344   0.01562  -0.1331  0.4046  1.0000  -2.7775   0.0000   0.0000   0.0000   0.3316
   8.200   1.4375   0.02388   0.01586  -0.1318  0.3904  1.0000  -2.8184   0.0000   0.0000   0.0000   0.3303
   8.300   1.4388   0.02425   0.01626  -0.1301  0.3766  1.0000  -2.8517   0.0000   0.0000   0.0000   0.3289
   8.400   1.4397   0.02474   0.01682  -0.1284  0.3619  1.0000  -2.8836   0.0000   0.0000   0.0000   0.3275
   8.500   1.4416   0.02522   0.01723  -0.1269  0.3485  1.0000  -2.9191   0.0000   0.0000   0.0000   0.3262
   8.600   1.4429   0.02568   0.01765  -0.1253  0.3352  1.0000  -2.9527   0.0000   0.0000   0.0000   0.3248
   8.700   1.4442   0.02626   0.01805  -0.1238  0.3230  1.0000  -2.9875   0.0000   0.0000   0.0000   0.3235
   8.800   1.4462   0.02672   0.01853  -0.1224  0.3108  1.0000  -3.0223   0.0000   0.0000   0.0000   0.3223
   8.900   1.4476   0.02724   0.01899  -0.1209  0.2993  1.0000  -3.0564   0.0000   0.0000   0.0000   0.3210
   9.000   1.4497   0.02791   0.01945  -0.1196  0.2881  1.0000  -3.0930   0.0000   0.0000   0.0000   0.3198
   9.100   1.4517   0.02837   0.01999  -0.1182  0.2779  1.0000  -3.1277   0.0000   0.0000   0.0000   0.3187
   9.200   1.4534   0.02891   0.02049  -0.1169  0.2678  1.0000  -3.1624   0.0000   0.0000   0.0000   0.3175
   9.300   1.4555   0.02961   0.02100  -0.1157  0.2581  1.0000  -3.1992   0.0000   0.0000   0.0000   0.3164
   9.400   1.4584   0.03012   0.02156  -0.1145  0.2491  1.0000  -3.2360   0.0000   0.0000   0.0000   0.3152
   9.500   1.4604   0.03065   0.02210  -0.1133  0.2405  1.0000  -3.2716   0.0000   0.0000   0.0000   0.3141
   9.600   1.4622   0.03127   0.02262  -0.1121  0.2327  1.0000  -3.3072   0.0000   0.0000   0.0000   0.3130
   9.700   1.4665   0.03199   0.02320  -0.1112  0.2239  1.0000  -3.3492   0.0000   0.0000   0.0000   0.3121
   9.800   1.4690   0.03249   0.02379  -0.1101  0.2171  1.0000  -3.3849   0.0000   0.0000   0.0000   0.3110
   9.900   1.4714   0.03304   0.02436  -0.1089  0.2104  1.0000  -3.4214   0.0000   0.0000   0.0000   0.3100
  10.000   1.4739   0.03366   0.02492  -0.1079  0.2042  1.0000  -3.4590   0.0000   0.0000   0.0000   0.3090
  10.100   1.4812   0.03449   0.02556  -0.1075  0.1961  1.0000  -3.5089   0.0000   0.0000   0.0000   0.3082
  10.200   1.4841   0.03500   0.02619  -0.1064  0.1914  1.0000  -3.5447   0.0000   0.0000   0.0000   0.3071
  10.300   1.4876   0.03555   0.02680  -0.1055  0.1861  1.0000  -3.5830   0.0000   0.0000   0.0000   0.3062
  10.400   1.4910   0.03613   0.02739  -0.1045  0.1810  1.0000  -3.6221   0.0000   0.0000   0.0000   0.3052
  10.500   1.4946   0.03676   0.02799  -0.1037  0.1762  1.0000  -3.6624   0.0000   0.0000   0.0000   0.3043
  10.600   1.5067   0.03772   0.02873  -0.1039  0.1686  1.0000  -3.7245   0.0000   0.0000   0.0000   0.3037
  10.700   1.5092   0.03826   0.02941  -0.1028  0.1654  1.0000  -3.7582   0.0000   0.0000   0.0000   0.3027
  10.800   1.5125   0.03885   0.03009  -0.1019  0.1615  1.0000  -3.7945   0.0000   0.0000   0.0000   0.3018
  10.900   1.5159   0.03945   0.03074  -0.1010  0.1574  1.0000  -3.8321   0.0000   0.0000   0.0000   0.3009
  11.000   1.5191   0.04006   0.03135  -0.1001  0.1535  1.0000  -3.8707   0.0000   0.0000   0.0000   0.3000
  11.100   1.5224   0.04070   0.03197  -0.0993  0.1497  1.0000  -3.9109   0.0000   0.0000   0.0000   0.2991
  11.200   1.5376   0.04180   0.03287  -0.0999  0.1425  1.0000  -3.9810   0.0000   0.0000   0.0000   0.2987
  11.300   1.5377   0.04237   0.03358  -0.0986  0.1403  1.0000  -4.0084   0.0000   0.0000   0.0000   0.2977
  11.400   1.5390   0.04299   0.03431  -0.0976  0.1375  1.0000  -4.0388   0.0000   0.0000   0.0000   0.2968
  11.500   1.5410   0.04363   0.03502  -0.0966  0.1343  1.0000  -4.0721   0.0000   0.0000   0.0000   0.2959
  11.600   1.5436   0.04427   0.03570  -0.0957  0.1311  1.0000  -4.1077   0.0000   0.0000   0.0000   0.2951
  11.700   1.5468   0.04491   0.03636  -0.0949  0.1282  1.0000  -4.1519   0.0000   0.0000   0.0000   0.2942
  11.800   1.5514   0.04559   0.03703  -0.0943  0.1254  1.0000  -4.2061   0.0000   0.0000   0.0000   0.2935
  11.900   1.5609   0.04644   0.03791  -0.0942  0.1219  1.0000  -4.2724   0.0000   0.0000   0.0000   0.2929
  12.000   1.5758   0.04778   0.03926  -0.0947  0.1178  1.0000  -4.3501   0.0000   0.0000   0.0000   0.2925
  12.100   1.5776   0.04849   0.04010  -0.0937  0.1162  1.0000  -4.3885   0.0000   0.0000   0.0000   0.2916
  12.200   1.5795   0.04926   0.04099  -0.0928  0.1144  1.0000  -4.4271   0.0000   0.0000   0.0000   0.2907
  12.300   1.5814   0.05006   0.04190  -0.0918  0.1124  1.0000  -4.4659   0.0000   0.0000   0.0000   0.2899
  12.400   1.5833   0.05085   0.04277  -0.0909  0.1103  1.0000  -4.5058   0.0000   0.0000   0.0000   0.2891
  12.500   1.5851   0.05161   0.04360  -0.0901  0.1082  1.0000  -4.5474   0.0000   0.0000   0.0000   0.2883
  12.600   1.5870   0.05233   0.04436  -0.0892  0.1061  1.0000  -4.5917   0.0000   0.0000   0.0000   0.2875
  12.700   1.5891   0.05302   0.04505  -0.0885  0.1040  1.0000  -4.6392   0.0000   0.0000   0.0000   0.2868
  12.800   1.5923   0.05374   0.04575  -0.0879  0.1018  1.0000  -4.6922   0.0000   0.0000   0.0000   0.2861
  13.000   1.6045   0.05658   0.04863  -0.0874  0.0961  1.0000  -4.7973   0.0000   0.0000   0.0000   0.2851
  13.100   1.6018   0.05739   0.04956  -0.0862  0.0951  1.0000  -4.8209   0.0000   0.0000   0.0000   0.2842
  13.200   1.5997   0.05828   0.05058  -0.0851  0.0939  1.0000  -4.8451   0.0000   0.0000   0.0000   0.2834
  13.300   1.5984   0.05926   0.05168  -0.0842  0.0927  1.0000  -4.8708   0.0000   0.0000   0.0000   0.2827
  13.400   1.5979   0.06031   0.05284  -0.0833  0.0914  1.0000  -4.8978   0.0000   0.0000   0.0000   0.2819
  13.500   1.5971   0.06141   0.05405  -0.0824  0.0901  1.0000  -4.9235   0.0000   0.0000   0.0000   0.2813
  13.600   1.5960   0.06253   0.05528  -0.0816  0.0889  1.0000  -4.9479   0.0000   0.0000   0.0000   0.2806
  13.700   1.5948   0.06367   0.05652  -0.0808  0.0877  1.0000  -4.9723   0.0000   0.0000   0.0000   0.2799
  13.800   1.5937   0.06480   0.05773  -0.0800  0.0865  1.0000  -4.9976   0.0000   0.0000   0.0000   0.2793
  13.900   1.5928   0.06592   0.05893  -0.0793  0.0853  1.0000  -5.0245   0.0000   0.0000   0.0000   0.2787
  14.000   1.5921   0.06703   0.06010  -0.0786  0.0842  1.0000  -5.0528   0.0000   0.0000   0.0000   0.2781
  14.100   1.5918   0.06812   0.06123  -0.0780  0.0831  1.0000  -5.0836   0.0000   0.0000   0.0000   0.2775
  14.200   1.5923   0.06919   0.06235  -0.0775  0.0820  1.0000  -5.1179   0.0000   0.0000   0.0000   0.2769
  14.300   1.5938   0.07033   0.06350  -0.0770  0.0808  1.0000  -5.1558   0.0000   0.0000   0.0000   0.2764
  14.400   1.5958   0.07174   0.06494  -0.0766  0.0796  1.0000  -5.1914   0.0000   0.0000   0.0000   0.2759
  14.500   1.5948   0.07380   0.06708  -0.0762  0.0785  1.0000  -5.2053   0.0000   0.0000   0.0000   0.2755
  14.600   1.5888   0.07638   0.06980  -0.0756  0.0777  1.0000  -5.1912   0.0000   0.0000   0.0000   0.2752
  14.700   1.5795   0.07911   0.07269  -0.0750  0.0772  1.0000  -5.1627   0.0000   0.0000   0.0000   0.2749
  14.800   1.5711   0.08099   0.07467  -0.0744  0.0769  1.0000  -5.1491   0.0000   0.0000   0.0000   0.2746
  14.900   1.5633   0.08268   0.07648  -0.0739  0.0767  1.0000  -5.1399   0.0000   0.0000   0.0000   0.2743
  15.000   1.5551   0.08447   0.07840  -0.0735  0.0765  1.0000  -5.1277   0.0000   0.0000   0.0000   0.2741
  15.100   1.5465   0.08638   0.08043  -0.0732  0.0764  1.0000  -5.1125   0.0000   0.0000   0.0000   0.2739
  15.200   1.5376   0.08837   0.08254  -0.0730  0.0762  1.0000  -5.0950   0.0000   0.0000   0.0000   0.2739
  15.300   1.5281   0.09048   0.08478  -0.0729  0.0760  1.0000  -5.0736   0.0000   0.0000   0.0000   0.2739
  15.400   1.5183   0.09269   0.08710  -0.0730  0.0759  1.0000  -5.0494   0.0000   0.0000   0.0000   0.2741
  15.500   1.5080   0.09501   0.08955  -0.0732  0.0758  1.0000  -5.0219   0.0000   0.0000   0.0000   0.2743
  15.600   1.4972   0.09747   0.09211  -0.0736  0.0757  1.0000  -4.9904   0.0000   0.0000   0.0000   0.2748
  15.700   1.4860   0.10005   0.09481  -0.0742  0.0757  1.0000  -4.9558   0.0000   0.0000   0.0000   0.2753
  15.800   1.4742   0.10280   0.09767  -0.0749  0.0757  1.0000  -4.9164   0.0000   0.0000   0.0000   0.2760
  15.900   1.4620   0.10570   0.10068  -0.0759  0.0757  1.0000  -4.8733   0.0000   0.0000   0.0000   0.2769
  16.000   1.4491   0.10882   0.10391  -0.0771  0.0758  1.0000  -4.8243   0.0000   0.0000   0.0000   0.2780
  16.100   1.4357   0.11213   0.10732  -0.0785  0.0758  1.0000  -4.7704   0.0000   0.0000   0.0000   0.2792
  16.200   1.4215   0.11572   0.11100  -0.0802  0.0760  1.0000  -4.7090   0.0000   0.0000   0.0000   0.2808
  16.300   1.4066   0.11955   0.11492  -0.0822  0.0761  1.0000  -4.6407   0.0000   0.0000   0.0000   0.2827
  16.400   1.3909   0.12366   0.11912  -0.0845  0.0763  1.0000  -4.5629   0.0000   0.0000   0.0000   0.2848
  16.500   1.3740   0.12821   0.12375  -0.0873  0.0766  1.0000  -4.4734   0.0000   0.0000   0.0000   0.2874
  16.600   1.3561   0.13332   0.12893  -0.0904  0.0769  1.0000  -4.3697   0.0000   0.0000   0.0000   0.2904
  16.700   1.1715   0.19335   0.18889  -0.1299  0.0930  1.0000  -2.6573   0.0000   0.0000   0.0000   0.3371
  16.800   1.1688   0.19685   0.19238  -0.1315  0.0934  1.0000  -2.6157   0.0000   0.0000   0.0000   0.3386
  16.900   1.1671   0.20011   0.19565  -0.1328  0.0938  1.0000  -2.5821   0.0000   0.0000   0.0000   0.3398
  17.000   1.1663   0.20314   0.19869  -0.1339  0.0943  1.0000  -2.5573   0.0000   0.0000   0.0000   0.3406
  17.100   1.1667   0.20593   0.20149  -0.1346  0.0948  1.0000  -2.5430   0.0000   0.0000   0.0000   0.3411
  17.200   1.1682   0.20857   0.20414  -0.1349  0.0956  1.0000  -2.5404   0.0000   0.0000   0.0000   0.3411
  17.300   1.1214   0.22986   0.22535  -0.1502  0.1324  1.0000  -1.9229   0.0000   0.0000   0.0000   0.3605
  17.400   1.1225   0.23173   0.22723  -0.1510  0.1306  1.0000  -1.9205   0.0000   0.0000   0.0000   0.3609
  17.500   1.1244   0.23352   0.22904  -0.1516  0.1289  1.0000  -1.9235   0.0000   0.0000   0.0000   0.3610
  17.600   1.1269   0.23525   0.23077  -0.1520  0.1274  1.0000  -1.9320   0.0000   0.0000   0.0000   0.3609
  17.700   1.1303   0.23691   0.23246  -0.1522  0.1260  1.0000  -1.9461   0.0000   0.0000   0.0000   0.3604
  17.800   1.1344   0.23856   0.23413  -0.1522  0.1247  1.0000  -1.9663   0.0000   0.0000   0.0000   0.3597
  17.900   1.1395   0.24026   0.23584  -0.1519  0.1236  1.0000  -1.9929   0.0000   0.0000   0.0000   0.3587
  18.000   1.1459   0.24209   0.23771  -0.1514  0.1226  1.0000  -2.0271   0.0000   0.0000   0.0000   0.3573
  18.100   1.1537   0.24419   0.23983  -0.1506  0.1217  1.0000  -2.0696   0.0000   0.0000   0.0000   0.3555
  18.200   1.1616   0.24658   0.24227  -0.1495  0.1209  1.0000  -2.1148   0.0000   0.0000   0.0000   0.3535
  18.300   1.1719   0.25052   0.24626  -0.1476  0.1199  1.0000  -2.1777   0.0000   0.0000   0.0000   0.3505
  18.400   1.1729   0.25731   0.25304  -0.1476  0.1189  1.0000  -2.1686   0.0000   0.0000   0.0000   0.3502
  18.500   1.1719   0.25942   0.25515  -0.1490  0.1188  1.0000  -2.1458   0.0000   0.0000   0.0000   0.3514
  18.600   1.1689   0.26134   0.25706  -0.1509  0.1186  1.0000  -2.1108   0.0000   0.0000   0.0000   0.3532
  18.700   1.1649   0.26296   0.25866  -0.1530  0.1183  1.0000  -2.0696   0.0000   0.0000   0.0000   0.3553
  18.800   1.1593   0.26411   0.25980  -0.1556  0.1178  1.0000  -2.0167   0.0000   0.0000   0.0000   0.3580
  18.900   1.1495   0.26457   0.26022  -0.1590  0.1168  1.0000  -1.9408   0.0000   0.0000   0.0000   0.3620
  19.000   1.1413   0.26546   0.26109  -0.1624  0.1142  1.0000  -1.8702   0.0000   0.0000   0.0000   0.3658
  19.100   1.1399   0.26720   0.26283  -0.1640  0.1112  1.0000  -1.8474   0.0000   0.0000   0.0000   0.3672
  19.200   1.1409   0.26892   0.26456  -0.1649  0.1084  1.0000  -1.8455   0.0000   0.0000   0.0000   0.3676
  19.300   1.1433   0.27043   0.26609  -0.1652  0.1058  1.0000  -1.8575   0.0000   0.0000   0.0000   0.3674
  19.400   1.1472   0.27170   0.26738  -0.1651  0.1035  1.0000  -1.8842   0.0000   0.0000   0.0000   0.3666
  19.500   1.1527   0.27293   0.26864  -0.1645  0.1016  1.0000  -1.9239   0.0000   0.0000   0.0000   0.3651
  19.600   1.1582   0.27460   0.27034  -0.1639  0.1004  1.0000  -1.9774   0.0000   0.0000   0.0000   0.3637
  19.700   1.1653   0.27665   0.27242  -0.1630  0.0994  1.0000  -2.0438   0.0000   0.0000   0.0000   0.3617
  19.800   1.1765   0.27969   0.27552  -0.1610  0.0984  1.0000  -2.1433   0.0000   0.0000   0.0000   0.3585
  19.900   1.1848   0.28836   0.28430  -0.1585  0.0970  1.0000  -2.2284   0.0000   0.0000   0.0000   0.3553
  20.000   1.1844   0.29067   0.28661  -0.1597  0.0969  1.0000  -2.2170   0.0000   0.0000   0.0000   0.3562


