xflr5 v6.61

 Calculated polar for: SG6043

 1 1 Reynolds number fixed          Mach number fixed         

 xtrf =   1.000 (top)        1.000 (bottom)
 Mach =   0.000     Re =     1.000 e 6     Ncrit =   9.000

  alpha     CL        CD       CDp       Cm    Top Xtr Bot Xtr   Cpmin    Chinge    XCp    
 ------- -------- --------- --------- -------- ------- ------- -------- --------- ---------
   0.000   0.7827   0.00640   0.00141  -0.1814  0.7549  0.2399  -0.8195   0.0000   0.0000   0.0000   0.4808
   0.100   0.7937   0.00633   0.00142  -0.1815  0.7517  0.2810  -0.8285   0.0000   0.0000   0.0000   0.4775
   0.200   0.8046   0.00624   0.00143  -0.1815  0.7482  0.3331  -0.8380   0.0000   0.0000   0.0000   0.4743
   0.300   0.8155   0.00615   0.00146  -0.1816  0.7443  0.3948  -0.8476   0.0000   0.0000   0.0000   0.4712
   0.400   0.8267   0.00605   0.00151  -0.1817  0.7399  0.4641  -0.8575   0.0000   0.0000   0.0000   0.4683
   0.500   0.8378   0.00596   0.00155  -0.1817  0.7379  0.5186  -0.8675   0.0000   0.0000   0.0000   0.4653
   0.600   0.8489   0.00588   0.00158  -0.1817  0.7356  0.5639  -0.8781   0.0000   0.0000   0.0000   0.4624
   0.700   0.8598   0.00581   0.00162  -0.1817  0.7326  0.6110  -0.8898   0.0000   0.0000   0.0000   0.4595
   0.800   0.8706   0.00574   0.00166  -0.1817  0.7290  0.6561  -0.9016   0.0000   0.0000   0.0000   0.4567
   1.100   0.9013   0.00560   0.00178  -0.1810  0.7170  0.7821  -0.9362   0.0000   0.0000   0.0000   0.4485
   1.200   0.9103   0.00557   0.00182  -0.1805  0.7124  0.8213  -0.9482   0.0000   0.0000   0.0000   0.4458
   1.300   0.9189   0.00555   0.00186  -0.1798  0.7071  0.8545  -0.9599   0.0000   0.0000   0.0000   0.4431
   1.400   0.9274   0.00550   0.00188  -0.1792  0.7046  0.8875  -0.9717   0.0000   0.0000   0.0000   0.4405
   1.500   0.9333   0.00541   0.00188  -0.1778  0.7014  0.9377  -0.9827   0.0000   0.0000   0.0000   0.4377
   1.600   0.9450   0.00537   0.00186  -0.1779  0.6970  1.0000  -0.9981   0.0000   0.0000   0.0000   0.4353
   1.700   0.9557   0.00541   0.00187  -0.1778  0.6920  1.0000  -1.0131   0.0000   0.0000   0.0000   0.4330
   1.800   0.9661   0.00546   0.00189  -0.1776  0.6865  1.0000  -1.0293   0.0000   0.0000   0.0000   0.4307
   1.900   0.9760   0.00553   0.00191  -0.1773  0.6801  1.0000  -1.0452   0.0000   0.0000   0.0000   0.4284
   2.000   0.9857   0.00560   0.00193  -0.1770  0.6731  1.0000  -1.0609   0.0000   0.0000   0.0000   0.4262
   2.100   0.9968   0.00563   0.00196  -0.1770  0.6694  1.0000  -1.0778   0.0000   0.0000   0.0000   0.4241
   2.200   1.0076   0.00566   0.00198  -0.1769  0.6646  1.0000  -1.0965   0.0000   0.0000   0.0000   0.4220
   2.300   1.0180   0.00571   0.00203  -0.1768  0.6585  1.0000  -1.1176   0.0000   0.0000   0.0000   0.4199
   2.400   1.0281   0.00578   0.00206  -0.1765  0.6519  1.0000  -1.1383   0.0000   0.0000   0.0000   0.4179
   2.500   1.0376   0.00586   0.00209  -0.1762  0.6449  1.0000  -1.1587   0.0000   0.0000   0.0000   0.4158
   2.600   1.0474   0.00594   0.00213  -0.1759  0.6381  1.0000  -1.1794   0.0000   0.0000   0.0000   0.4139
   2.700   1.0581   0.00598   0.00216  -0.1758  0.6327  1.0000  -1.2012   0.0000   0.0000   0.0000   0.4120
   2.800   1.0682   0.00604   0.00219  -0.1756  0.6243  1.0000  -1.2223   0.0000   0.0000   0.0000   0.4101
   2.900   1.0772   0.00615   0.00224  -0.1751  0.6136  1.0000  -1.2425   0.0000   0.0000   0.0000   0.4081
   3.000   1.0859   0.00627   0.00229  -0.1746  0.6031  1.0000  -1.2624   0.0000   0.0000   0.0000   0.4063
   3.100   1.0963   0.00632   0.00233  -0.1745  0.5965  1.0000  -1.2842   0.0000   0.0000   0.0000   0.4045
   3.200   1.1064   0.00640   0.00237  -0.1743  0.5889  1.0000  -1.3057   0.0000   0.0000   0.0000   0.4027
   3.300   1.1158   0.00650   0.00242  -0.1739  0.5808  1.0000  -1.3280   0.0000   0.0000   0.0000   0.4010
   3.400   1.1246   0.00662   0.00248  -0.1735  0.5715  1.0000  -1.3513   0.0000   0.0000   0.0000   0.3992
   3.500   1.1348   0.00668   0.00253  -0.1733  0.5653  1.0000  -1.3764   0.0000   0.0000   0.0000   0.3975
   3.600   1.1450   0.00675   0.00258  -0.1731  0.5589  1.0000  -1.4017   0.0000   0.0000   0.0000   0.3959
   3.700   1.1546   0.00684   0.00263  -0.1728  0.5499  1.0000  -1.4262   0.0000   0.0000   0.0000   0.3942
   3.800   1.1629   0.00699   0.00271  -0.1722  0.5386  1.0000  -1.4495   0.0000   0.0000   0.0000   0.3926
   3.900   1.1722   0.00710   0.00278  -0.1719  0.5292  1.0000  -1.4739   0.0000   0.0000   0.0000   0.3910
   4.000   1.1817   0.00720   0.00284  -0.1716  0.5192  1.0000  -1.4988   0.0000   0.0000   0.0000   0.3894
   4.100   1.1899   0.00736   0.00293  -0.1710  0.5063  1.0000  -1.5222   0.0000   0.0000   0.0000   0.3878
   4.200   1.1985   0.00750   0.00301  -0.1705  0.4946  1.0000  -1.5460   0.0000   0.0000   0.0000   0.3862
   4.300   1.2081   0.00760   0.00308  -0.1702  0.4861  1.0000  -1.5723   0.0000   0.0000   0.0000   0.3847
   4.400   1.2170   0.00773   0.00316  -0.1698  0.4755  1.0000  -1.6038   0.0000   0.0000   0.0000   0.3832
   4.500   1.2249   0.00791   0.00326  -0.1692  0.4631  1.0000  -1.6359   0.0000   0.0000   0.0000   0.3817
   4.600   1.2346   0.00800   0.00333  -0.1689  0.4554  1.0000  -1.6710   0.0000   0.0000   0.0000   0.3803
   4.700   1.2437   0.00812   0.00341  -0.1686  0.4455  1.0000  -1.7054   0.0000   0.0000   0.0000   0.3788
   4.800   1.2516   0.00831   0.00352  -0.1680  0.4331  1.0000  -1.7380   0.0000   0.0000   0.0000   0.3774
   4.900   1.2602   0.00845   0.00361  -0.1675  0.4219  1.0000  -1.7718   0.0000   0.0000   0.0000   0.3760
   5.000   1.2690   0.00859   0.00376  -0.1671  0.4106  1.0000  -1.8073   0.0000   0.0000   0.0000   0.3746
   5.100   1.2759   0.00883   0.00390  -0.1663  0.3941  1.0000  -1.8388   0.0000   0.0000   0.0000   0.3731
   5.200   1.2843   0.00899   0.00400  -0.1658  0.3811  1.0000  -1.8729   0.0000   0.0000   0.0000   0.3718
   5.300   1.2911   0.00924   0.00415  -0.1650  0.3639  1.0000  -1.9044   0.0000   0.0000   0.0000   0.3704
   5.400   1.2988   0.00944   0.00427  -0.1644  0.3491  1.0000  -1.9376   0.0000   0.0000   0.0000   0.3690
   5.500   1.3062   0.00966   0.00441  -0.1637  0.3345  1.0000  -1.9704   0.0000   0.0000   0.0000   0.3676
   5.600   1.3135   0.00988   0.00455  -0.1631  0.3202  1.0000  -2.0031   0.0000   0.0000   0.0000   0.3663
   5.700   1.3222   0.01001   0.00465  -0.1626  0.3120  1.0000  -2.0385   0.0000   0.0000   0.0000   0.3650
   5.800   1.3297   0.01020   0.00478  -0.1620  0.3011  1.0000  -2.0721   0.0000   0.0000   0.0000   0.3637
   5.900   1.3367   0.01042   0.00492  -0.1612  0.2883  1.0000  -2.1046   0.0000   0.0000   0.0000   0.3624
   6.000   1.3452   0.01054   0.00502  -0.1608  0.2814  1.0000  -2.1402   0.0000   0.0000   0.0000   0.3611
   6.100   1.3527   0.01072   0.00515  -0.1601  0.2719  1.0000  -2.1742   0.0000   0.0000   0.0000   0.3598
   6.200   1.3593   0.01096   0.00530  -0.1593  0.2601  1.0000  -2.2065   0.0000   0.0000   0.0000   0.3585
   6.300   1.3674   0.01110   0.00542  -0.1588  0.2524  1.0000  -2.2420   0.0000   0.0000   0.0000   0.3573
   6.400   1.3752   0.01126   0.00554  -0.1582  0.2445  1.0000  -2.2770   0.0000   0.0000   0.0000   0.3561
   6.500   1.3819   0.01148   0.00570  -0.1574  0.2347  1.0000  -2.3100   0.0000   0.0000   0.0000   0.3548
   6.600   1.3890   0.01168   0.00585  -0.1567  0.2248  1.0000  -2.3439   0.0000   0.0000   0.0000   0.3536
   6.700   1.3971   0.01182   0.00597  -0.1562  0.2189  1.0000  -2.3800   0.0000   0.0000   0.0000   0.3524
   6.800   1.4043   0.01201   0.00612  -0.1555  0.2109  1.0000  -2.4143   0.0000   0.0000   0.0000   0.3512
   6.900   1.4105   0.01226   0.00630  -0.1546  0.2007  1.0000  -2.4481   0.0000   0.0000   0.0000   0.3500
   7.000   1.4182   0.01243   0.00643  -0.1540  0.1937  1.0000  -2.4906   0.0000   0.0000   0.0000   0.3488
   7.100   1.4256   0.01260   0.00657  -0.1534  0.1868  1.0000  -2.5329   0.0000   0.0000   0.0000   0.3477
   7.200   1.4317   0.01285   0.00677  -0.1525  0.1779  1.0000  -2.5723   0.0000   0.0000   0.0000   0.3465
   7.300   1.4380   0.01309   0.00694  -0.1517  0.1681  1.0000  -2.6123   0.0000   0.0000   0.0000   0.3453
   7.400   1.4454   0.01326   0.00709  -0.1511  0.1623  1.0000  -2.6552   0.0000   0.0000   0.0000   0.3442
   7.500   1.4516   0.01350   0.00728  -0.1503  0.1545  1.0000  -2.7033   0.0000   0.0000   0.0000   0.3430
   7.600   1.4572   0.01378   0.00749  -0.1493  0.1447  1.0000  -2.7506   0.0000   0.0000   0.0000   0.3418
   7.700   1.4647   0.01395   0.00765  -0.1487  0.1397  1.0000  -2.8033   0.0000   0.0000   0.0000   0.3407
   7.800   1.4716   0.01415   0.00781  -0.1481  0.1342  1.0000  -2.8551   0.0000   0.0000   0.0000   0.3396
   7.900   1.4786   0.01435   0.00806  -0.1474  0.1303  1.0000  -2.9064   0.0000   0.0000   0.0000   0.3386
   8.000   1.4847   0.01460   0.00827  -0.1465  0.1244  1.0000  -2.9558   0.0000   0.0000   0.0000   0.3374
   8.100   1.4914   0.01481   0.00846  -0.1458  0.1185  1.0000  -3.0074   0.0000   0.0000   0.0000   0.3363
   8.200   1.4987   0.01498   0.00862  -0.1452  0.1157  1.0000  -3.0616   0.0000   0.0000   0.0000   0.3353
   8.300   1.5055   0.01517   0.00880  -0.1445  0.1118  1.0000  -3.1147   0.0000   0.0000   0.0000   0.3343
   8.400   1.5118   0.01541   0.00901  -0.1437  0.1074  1.0000  -3.1665   0.0000   0.0000   0.0000   0.3332
   8.500   1.5178   0.01567   0.00923  -0.1429  0.1025  1.0000  -3.2174   0.0000   0.0000   0.0000   0.3321
   8.600   1.5243   0.01590   0.00944  -0.1422  0.0972  1.0000  -3.2702   0.0000   0.0000   0.0000   0.3311
   8.700   1.5319   0.01606   0.00961  -0.1416  0.0956  1.0000  -3.3269   0.0000   0.0000   0.0000   0.3301
   8.800   1.5391   0.01624   0.00979  -0.1410  0.0937  1.0000  -3.3828   0.0000   0.0000   0.0000   0.3291
   8.900   1.5458   0.01644   0.00999  -0.1403  0.0914  1.0000  -3.4377   0.0000   0.0000   0.0000   0.3281
   9.000   1.5523   0.01667   0.01020  -0.1396  0.0887  1.0000  -3.4918   0.0000   0.0000   0.0000   0.3271
   9.100   1.5583   0.01691   0.01043  -0.1388  0.0858  1.0000  -3.5451   0.0000   0.0000   0.0000   0.3261
   9.200   1.5642   0.01717   0.01067  -0.1380  0.0825  1.0000  -3.5979   0.0000   0.0000   0.0000   0.3251
   9.300   1.5704   0.01742   0.01091  -0.1373  0.0788  1.0000  -3.6518   0.0000   0.0000   0.0000   0.3241
   9.400   1.5773   0.01762   0.01112  -0.1367  0.0767  1.0000  -3.7081   0.0000   0.0000   0.0000   0.3232
   9.500   1.5844   0.01780   0.01131  -0.1361  0.0757  1.0000  -3.7663   0.0000   0.0000   0.0000   0.3222
   9.600   1.5911   0.01801   0.01153  -0.1354  0.0742  1.0000  -3.8232   0.0000   0.0000   0.0000   0.3213
   9.700   1.5973   0.01825   0.01176  -0.1347  0.0722  1.0000  -3.8788   0.0000   0.0000   0.0000   0.3203
   9.800   1.6031   0.01851   0.01202  -0.1339  0.0698  1.0000  -3.9331   0.0000   0.0000   0.0000   0.3194
   9.900   1.6086   0.01880   0.01228  -0.1331  0.0674  1.0000  -3.9933   0.0000   0.0000   0.0000   0.3184
  10.000   1.6140   0.01910   0.01257  -0.1323  0.0647  1.0000  -4.0580   0.0000   0.0000   0.0000   0.3175
  10.100   1.6195   0.01940   0.01286  -0.1315  0.0614  1.0000  -4.1236   0.0000   0.0000   0.0000   0.3165
  10.200   1.6257   0.01966   0.01313  -0.1308  0.0591  1.0000  -4.1919   0.0000   0.0000   0.0000   0.3156
  10.300   1.6323   0.01988   0.01337  -0.1302  0.0583  1.0000  -4.2634   0.0000   0.0000   0.0000   0.3148
  10.400   1.6383   0.02014   0.01363  -0.1295  0.0569  1.0000  -4.3330   0.0000   0.0000   0.0000   0.3139
  10.500   1.6438   0.02043   0.01392  -0.1288  0.0551  1.0000  -4.4008   0.0000   0.0000   0.0000   0.3130
  10.600   1.6488   0.02077   0.01423  -0.1280  0.0529  1.0000  -4.4669   0.0000   0.0000   0.0000   0.3121
  10.700   1.6510   0.02130   0.01471  -0.1268  0.0461  1.0000  -4.5196   0.0000   0.0000   0.0000   0.3111
  10.800   1.6565   0.02161   0.01502  -0.1261  0.0436  1.0000  -4.5875   0.0000   0.0000   0.0000   0.3102
  10.900   1.6625   0.02188   0.01530  -0.1254  0.0427  1.0000  -4.6588   0.0000   0.0000   0.0000   0.3094
  11.000   1.6680   0.02218   0.01561  -0.1247  0.0417  1.0000  -4.7281   0.0000   0.0000   0.0000   0.3085
  11.100   1.6732   0.02250   0.01594  -0.1240  0.0407  1.0000  -4.7966   0.0000   0.0000   0.0000   0.3077
  11.200   1.6781   0.02283   0.01628  -0.1232  0.0397  1.0000  -4.8645   0.0000   0.0000   0.0000   0.3068
  11.300   1.6830   0.02318   0.01662  -0.1224  0.0386  1.0000  -4.9323   0.0000   0.0000   0.0000   0.3059
  11.400   1.6878   0.02354   0.01698  -0.1216  0.0375  1.0000  -5.0001   0.0000   0.0000   0.0000   0.3051
  11.500   1.6925   0.02391   0.01735  -0.1209  0.0363  1.0000  -5.0681   0.0000   0.0000   0.0000   0.3043
  11.600   1.6972   0.02429   0.01773  -0.1201  0.0350  1.0000  -5.1358   0.0000   0.0000   0.0000   0.3034
  11.700   1.7017   0.02468   0.01812  -0.1193  0.0337  1.0000  -5.2032   0.0000   0.0000   0.0000   0.3026
  11.800   1.7063   0.02507   0.01853  -0.1186  0.0324  1.0000  -5.2707   0.0000   0.0000   0.0000   0.3018
  11.900   1.7110   0.02546   0.01894  -0.1178  0.0313  1.0000  -5.3390   0.0000   0.0000   0.0000   0.3010
  12.000   1.7161   0.02582   0.01932  -0.1172  0.0307  1.0000  -5.4100   0.0000   0.0000   0.0000   0.3002
  12.100   1.7217   0.02615   0.01967  -0.1166  0.0305  1.0000  -5.4846   0.0000   0.0000   0.0000   0.2994
  12.200   1.7273   0.02649   0.02003  -0.1160  0.0303  1.0000  -5.5590   0.0000   0.0000   0.0000   0.2987
  12.300   1.7326   0.02684   0.02040  -0.1154  0.0300  1.0000  -5.6326   0.0000   0.0000   0.0000   0.2979
  12.400   1.7374   0.02723   0.02081  -0.1147  0.0296  1.0000  -5.7043   0.0000   0.0000   0.0000   0.2972
  12.500   1.7419   0.02764   0.02124  -0.1140  0.0291  1.0000  -5.7752   0.0000   0.0000   0.0000   0.2964
  12.600   1.7465   0.02806   0.02168  -0.1134  0.0286  1.0000  -5.8462   0.0000   0.0000   0.0000   0.2956
  12.700   1.7509   0.02848   0.02212  -0.1127  0.0279  1.0000  -5.9174   0.0000   0.0000   0.0000   0.2949
  12.800   1.7553   0.02892   0.02257  -0.1120  0.0271  1.0000  -5.9882   0.0000   0.0000   0.0000   0.2942
  12.900   1.7594   0.02939   0.02305  -0.1114  0.0262  1.0000  -6.0581   0.0000   0.0000   0.0000   0.2934
  13.000   1.7631   0.02989   0.02355  -0.1106  0.0253  1.0000  -6.1264   0.0000   0.0000   0.0000   0.2927
  13.100   1.7660   0.03045   0.02411  -0.1099  0.0243  1.0000  -6.1911   0.0000   0.0000   0.0000   0.2919
  13.200   1.7687   0.03103   0.02470  -0.1091  0.0234  1.0000  -6.2548   0.0000   0.0000   0.0000   0.2912
  13.300   1.7717   0.03159   0.02526  -0.1083  0.0223  1.0000  -6.3202   0.0000   0.0000   0.0000   0.2905
  13.400   1.7752   0.03213   0.02581  -0.1077  0.0212  1.0000  -6.3876   0.0000   0.0000   0.0000   0.2898
  13.500   1.7789   0.03264   0.02634  -0.1070  0.0202  1.0000  -6.4565   0.0000   0.0000   0.0000   0.2891
  13.600   1.7830   0.03313   0.02685  -0.1064  0.0198  1.0000  -6.5278   0.0000   0.0000   0.0000   0.2884
  13.700   1.7867   0.03364   0.02738  -0.1058  0.0195  1.0000  -6.5980   0.0000   0.0000   0.0000   0.2877
  13.800   1.7896   0.03420   0.02797  -0.1051  0.0192  1.0000  -6.6643   0.0000   0.0000   0.0000   0.2870
  13.900   1.7924   0.03478   0.02858  -0.1044  0.0189  1.0000  -6.7303   0.0000   0.0000   0.0000   0.2863
  14.000   1.7957   0.03534   0.02920  -0.1038  0.0189  1.0000  -6.7996   0.0000   0.0000   0.0000   0.2856
  14.100   1.7990   0.03591   0.02980  -0.1031  0.0186  1.0000  -6.8683   0.0000   0.0000   0.0000   0.2850
  14.200   1.8022   0.03649   0.03040  -0.1025  0.0182  1.0000  -6.9372   0.0000   0.0000   0.0000   0.2843
  14.300   1.8054   0.03710   0.03103  -0.1019  0.0177  1.0000  -7.0068   0.0000   0.0000   0.0000   0.2837
  14.400   1.8081   0.03774   0.03169  -0.1013  0.0172  1.0000  -7.1104   0.0000   0.0000   0.0000   0.2830
  14.500   1.8099   0.03848   0.03245  -0.1007  0.0167  1.0000  -7.2073   0.0000   0.0000   0.0000   0.2824
  14.600   1.8117   0.03924   0.03323  -0.1001  0.0162  1.0000  -7.3039   0.0000   0.0000   0.0000   0.2818
  14.700   1.8136   0.04000   0.03400  -0.0994  0.0157  1.0000  -7.4023   0.0000   0.0000   0.0000   0.2812
  14.800   1.8155   0.04076   0.03477  -0.0989  0.0151  1.0000  -7.5015   0.0000   0.0000   0.0000   0.2806
  14.900   1.8175   0.04152   0.03555  -0.0983  0.0145  1.0000  -7.6014   0.0000   0.0000   0.0000   0.2800
  15.000   1.8196   0.04229   0.03633  -0.0977  0.0139  1.0000  -7.7026   0.0000   0.0000   0.0000   0.2794
  15.100   1.8212   0.04311   0.03717  -0.0972  0.0133  1.0000  -7.8002   0.0000   0.0000   0.0000   0.2788
  15.200   1.8224   0.04399   0.03807  -0.0966  0.0128  1.0000  -7.8945   0.0000   0.0000   0.0000   0.2782
  15.300   1.8241   0.04482   0.03893  -0.0961  0.0122  1.0000  -7.9932   0.0000   0.0000   0.0000   0.2777
  15.400   1.8261   0.04562   0.03976  -0.0956  0.0118  1.0000  -8.0955   0.0000   0.0000   0.0000   0.2771
  15.500   1.8285   0.04640   0.04056  -0.0952  0.0115  1.0000  -8.2012   0.0000   0.0000   0.0000   0.2766
  15.600   1.8312   0.04714   0.04134  -0.0948  0.0114  1.0000  -8.3107   0.0000   0.0000   0.0000   0.2760
  15.700   1.8337   0.04790   0.04213  -0.0944  0.0113  1.0000  -8.4194   0.0000   0.0000   0.0000   0.2755
  15.800   1.8355   0.04875   0.04301  -0.0940  0.0112  1.0000  -8.5229   0.0000   0.0000   0.0000   0.2750
  15.900   1.8365   0.04971   0.04400  -0.0936  0.0111  1.0000  -8.6190   0.0000   0.0000   0.0000   0.2745
  16.000   1.8378   0.05064   0.04496  -0.0932  0.0109  1.0000  -8.7182   0.0000   0.0000   0.0000   0.2740
  16.100   1.8394   0.05153   0.04588  -0.0928  0.0107  1.0000  -8.8207   0.0000   0.0000   0.0000   0.2735
  16.200   1.8411   0.05242   0.04680  -0.0925  0.0106  1.0000  -8.9244   0.0000   0.0000   0.0000   0.2731
  16.300   1.8427   0.05333   0.04774  -0.0921  0.0104  1.0000  -9.0279   0.0000   0.0000   0.0000   0.2726
  16.400   1.8441   0.05425   0.04869  -0.0918  0.0101  1.0000  -9.1302   0.0000   0.0000   0.0000   0.2721
  16.500   1.8443   0.05535   0.04981  -0.0915  0.0099  1.0000  -9.2211   0.0000   0.0000   0.0000   0.2717
  16.600   1.8440   0.05651   0.05101  -0.0912  0.0097  1.0000  -9.3084   0.0000   0.0000   0.0000   0.2713
  16.700   1.8443   0.05760   0.05213  -0.0909  0.0095  1.0000  -9.4011   0.0000   0.0000   0.0000   0.2709
  16.800   1.8448   0.05867   0.05323  -0.0906  0.0092  1.0000  -9.4960   0.0000   0.0000   0.0000   0.2705
  16.900   1.8453   0.05974   0.05433  -0.0904  0.0090  1.0000  -9.5909   0.0000   0.0000   0.0000   0.2701
  17.000   1.8456   0.06084   0.05545  -0.0901  0.0087  1.0000  -9.6845   0.0000   0.0000   0.0000   0.2697
  17.100   1.8446   0.06214   0.05678  -0.0899  0.0085  1.0000  -9.7656   0.0000   0.0000   0.0000   0.2694
  17.200   1.8430   0.06352   0.05820  -0.0898  0.0083  1.0000  -9.8412   0.0000   0.0000   0.0000   0.2691
  17.300   1.8420   0.06479   0.05950  -0.0896  0.0080  1.0000  -9.9223   0.0000   0.0000   0.0000   0.2688
  17.400   1.8411   0.06603   0.06076  -0.0895  0.0077  1.0000  -10.0056   0.0000   0.0000   0.0000   0.2684
  17.500   1.8404   0.06727   0.06203  -0.0893  0.0075  1.0000  -10.0898   0.0000   0.0000   0.0000   0.2681
  17.600   1.8393   0.06858   0.06337  -0.0892  0.0072  1.0000  -10.1701   0.0000   0.0000   0.0000   0.2678
  17.700   1.8365   0.07018   0.06500  -0.0892  0.0070  1.0000  -10.2339   0.0000   0.0000   0.0000   0.2676
  17.800   1.8348   0.07164   0.06650  -0.0892  0.0067  1.0000  -10.3078   0.0000   0.0000   0.0000   0.2674
  17.900   1.8340   0.07299   0.06788  -0.0892  0.0064  1.0000  -10.3907   0.0000   0.0000   0.0000   0.2672
  18.100   1.8328   0.07566   0.07064  -0.0892  0.0056  1.0000  -10.5551   0.0000   0.0000   0.0000   0.2667
  18.200   1.8306   0.07728   0.07230  -0.0894  0.0054  1.0000  -10.6224   0.0000   0.0000   0.0000   0.2666
  18.300   1.8285   0.07890   0.07396  -0.0896  0.0053  1.0000  -10.6919   0.0000   0.0000   0.0000   0.2664
  18.400   1.8276   0.08035   0.07545  -0.0897  0.0053  1.0000  -10.7726   0.0000   0.0000   0.0000   0.2663
  18.500   1.8268   0.08176   0.07690  -0.0899  0.0052  1.0000  -10.8559   0.0000   0.0000   0.0000   0.2661
  18.600   1.8261   0.08319   0.07836  -0.0900  0.0051  1.0000  -10.9385   0.0000   0.0000   0.0000   0.2659
  18.700   1.8243   0.08478   0.08000  -0.0903  0.0051  1.0000  -11.0102   0.0000   0.0000   0.0000   0.2658
  18.800   1.8208   0.08670   0.08196  -0.0907  0.0050  1.0000  -11.0628   0.0000   0.0000   0.0000   0.2659
  18.900   1.8187   0.08838   0.08368  -0.0910  0.0049  1.0000  -11.1306   0.0000   0.0000   0.0000   0.2658
  19.000   1.8171   0.08997   0.08531  -0.0913  0.0048  1.0000  -11.2030   0.0000   0.0000   0.0000   0.2658
  19.100   1.8154   0.09157   0.08695  -0.0916  0.0047  1.0000  -11.2740   0.0000   0.0000   0.0000   0.2657
  19.200   1.8126   0.09336   0.08878  -0.0920  0.0045  1.0000  -11.3329   0.0000   0.0000   0.0000   0.2657
  19.300   1.8078   0.09556   0.09102  -0.0927  0.0044  1.0000  -11.3681   0.0000   0.0000   0.0000   0.2660
  19.400   1.8043   0.09749   0.09299  -0.0932  0.0042  1.0000  -11.4175   0.0000   0.0000   0.0000   0.2661
  19.500   1.8008   0.09941   0.09495  -0.0938  0.0039  1.0000  -11.4651   0.0000   0.0000   0.0000   0.2662
  19.600   1.7959   0.10155   0.09712  -0.0944  0.0034  1.0000  -11.4975   0.0000   0.0000   0.0000   0.2664
  19.700   1.7895   0.10406   0.09968  -0.0953  0.0032  1.0000  -11.5097   0.0000   0.0000   0.0000   0.2668
  19.800   1.7807   0.10690   0.10257  -0.0963  0.0027  1.0000  -11.4959   0.0000   0.0000   0.0000   0.2674
  19.900   1.7716   0.10977   0.10547  -0.0974  0.0022  1.0000  -11.4763   0.0000   0.0000   0.0000   0.2680
  20.000   1.7621   0.11284   0.10859  -0.0987  0.0019  1.0000  -11.4492   0.0000   0.0000   0.0000   0.2687


