xflr5 v6.61

 Calculated polar for: SG6043

 1 1 Reynolds number fixed          Mach number fixed         

 xtrf =   1.000 (top)        1.000 (bottom)
 Mach =   0.000     Re =     0.300 e 6     Ncrit =   9.000

  alpha     CL        CD       CDp       Cm    Top Xtr Bot Xtr   Cpmin    Chinge    XCp    
 ------- -------- --------- --------- -------- ------- ------- -------- --------- ---------
   0.100   0.7474   0.00928   0.00478  -0.1741  0.8300  0.9370  -0.7993   0.0000   0.0000   0.0000   0.4820
   0.200   0.7588   0.00925   0.00476  -0.1742  0.8274  1.0000  -0.8083   0.0000   0.0000   0.0000   0.4785
   0.300   0.7681   0.00929   0.00477  -0.1738  0.8244  1.0000  -0.8167   0.0000   0.0000   0.0000   0.4751
   0.400   0.7784   0.00931   0.00477  -0.1736  0.8214  1.0000  -0.8260   0.0000   0.0000   0.0000   0.4717
   0.500   0.7895   0.00932   0.00475  -0.1736  0.8184  1.0000  -0.8357   0.0000   0.0000   0.0000   0.4684
   0.600   0.8012   0.00933   0.00472  -0.1736  0.8157  1.0000  -0.8459   0.0000   0.0000   0.0000   0.4651
   0.700   0.8133   0.00932   0.00468  -0.1738  0.8130  1.0000  -0.8571   0.0000   0.0000   0.0000   0.4620
   0.800   0.8258   0.00931   0.00463  -0.1740  0.8103  1.0000  -0.8691   0.0000   0.0000   0.0000   0.4589
   0.900   0.8386   0.00929   0.00457  -0.1742  0.8077  1.0000  -0.8821   0.0000   0.0000   0.0000   0.4558
   1.000   0.8520   0.00929   0.00452  -0.1746  0.8051  1.0000  -0.8956   0.0000   0.0000   0.0000   0.4529
   1.100   0.8658   0.00932   0.00450  -0.1751  0.8024  1.0000  -0.9094   0.0000   0.0000   0.0000   0.4501
   1.200   0.8766   0.00936   0.00452  -0.1750  0.7995  1.0000  -0.9212   0.0000   0.0000   0.0000   0.4474
   1.300   0.8855   0.00939   0.00455  -0.1745  0.7963  1.0000  -0.9327   0.0000   0.0000   0.0000   0.4447
   1.400   0.8952   0.00942   0.00457  -0.1742  0.7928  1.0000  -0.9450   0.0000   0.0000   0.0000   0.4421
   1.500   0.9056   0.00943   0.00457  -0.1740  0.7894  1.0000  -0.9579   0.0000   0.0000   0.0000   0.4395
   1.600   0.9166   0.00944   0.00456  -0.1739  0.7860  1.0000  -0.9725   0.0000   0.0000   0.0000   0.4370
   1.700   0.9281   0.00943   0.00453  -0.1739  0.7827  1.0000  -0.9877   0.0000   0.0000   0.0000   0.4345
   1.800   0.9399   0.00943   0.00449  -0.1740  0.7795  1.0000  -1.0032   0.0000   0.0000   0.0000   0.4321
   1.900   0.9525   0.00943   0.00445  -0.1742  0.7763  1.0000  -1.0211   0.0000   0.0000   0.0000   0.4297
   2.000   0.9658   0.00945   0.00443  -0.1745  0.7729  1.0000  -1.0398   0.0000   0.0000   0.0000   0.4275
   2.100   0.9770   0.00949   0.00445  -0.1745  0.7694  1.0000  -1.0568   0.0000   0.0000   0.0000   0.4253
   2.200   0.9856   0.00951   0.00449  -0.1740  0.7656  1.0000  -1.0716   0.0000   0.0000   0.0000   0.4230
   2.300   0.9950   0.00953   0.00451  -0.1736  0.7615  1.0000  -1.0888   0.0000   0.0000   0.0000   0.4208
   2.400   1.0051   0.00955   0.00458  -0.1733  0.7575  1.0000  -1.1085   0.0000   0.0000   0.0000   0.4187
   2.500   1.0156   0.00956   0.00457  -0.1731  0.7534  1.0000  -1.1297   0.0000   0.0000   0.0000   0.4166
   2.600   1.0268   0.00956   0.00455  -0.1730  0.7495  1.0000  -1.1518   0.0000   0.0000   0.0000   0.4145
   2.700   1.0388   0.00957   0.00452  -0.1731  0.7457  1.0000  -1.1747   0.0000   0.0000   0.0000   0.4126
   2.800   1.0514   0.00960   0.00449  -0.1733  0.7416  1.0000  -1.1985   0.0000   0.0000   0.0000   0.4106
   2.900   1.0621   0.00964   0.00452  -0.1732  0.7375  1.0000  -1.2203   0.0000   0.0000   0.0000   0.4087
   3.000   1.0705   0.00967   0.00457  -0.1726  0.7330  1.0000  -1.2398   0.0000   0.0000   0.0000   0.4068
   3.100   1.0798   0.00969   0.00460  -0.1722  0.7281  1.0000  -1.2602   0.0000   0.0000   0.0000   0.4049
   3.200   1.0896   0.00971   0.00461  -0.1718  0.7230  1.0000  -1.2814   0.0000   0.0000   0.0000   0.4030
   3.300   1.1002   0.00973   0.00460  -0.1716  0.7178  1.0000  -1.3036   0.0000   0.0000   0.0000   0.4012
   3.400   1.1114   0.00975   0.00457  -0.1716  0.7127  1.0000  -1.3270   0.0000   0.0000   0.0000   0.3994
   3.500   1.1233   0.00979   0.00456  -0.1716  0.7076  1.0000  -1.3542   0.0000   0.0000   0.0000   0.3977
   3.600   1.1323   0.00983   0.00462  -0.1712  0.7028  1.0000  -1.3778   0.0000   0.0000   0.0000   0.3960
   3.700   1.1411   0.00987   0.00467  -0.1707  0.6971  1.0000  -1.4014   0.0000   0.0000   0.0000   0.3943
   3.800   1.1506   0.00990   0.00470  -0.1703  0.6910  1.0000  -1.4259   0.0000   0.0000   0.0000   0.3926
   3.900   1.1607   0.00994   0.00471  -0.1700  0.6848  1.0000  -1.4513   0.0000   0.0000   0.0000   0.3909
   4.000   1.1712   0.00999   0.00470  -0.1698  0.6783  1.0000  -1.4774   0.0000   0.0000   0.0000   0.3893
   4.100   1.1814   0.01005   0.00472  -0.1695  0.6717  1.0000  -1.5032   0.0000   0.0000   0.0000   0.3877
   4.200   1.1898   0.01010   0.00479  -0.1689  0.6649  1.0000  -1.5269   0.0000   0.0000   0.0000   0.3860
   4.300   1.1987   0.01016   0.00483  -0.1684  0.6572  1.0000  -1.5525   0.0000   0.0000   0.0000   0.3844
   4.400   1.2081   0.01022   0.00486  -0.1680  0.6494  1.0000  -1.5817   0.0000   0.0000   0.0000   0.3829
   4.500   1.2179   0.01031   0.00488  -0.1677  0.6418  1.0000  -1.6117   0.0000   0.0000   0.0000   0.3813
   4.600   1.2270   0.01039   0.00495  -0.1673  0.6350  1.0000  -1.6454   0.0000   0.0000   0.0000   0.3798
   4.700   1.2359   0.01046   0.00503  -0.1668  0.6277  1.0000  -1.6791   0.0000   0.0000   0.0000   0.3783
   4.800   1.2448   0.01054   0.00509  -0.1663  0.6199  1.0000  -1.7132   0.0000   0.0000   0.0000   0.3769
   4.900   1.2538   0.01065   0.00515  -0.1658  0.6117  1.0000  -1.7476   0.0000   0.0000   0.0000   0.3754
   5.000   1.2627   0.01077   0.00521  -0.1654  0.6035  1.0000  -1.7821   0.0000   0.0000   0.0000   0.3739
   5.100   1.2714   0.01085   0.00540  -0.1648  0.5957  1.0000  -1.8175   0.0000   0.0000   0.0000   0.3725
   5.200   1.2797   0.01096   0.00548  -0.1643  0.5862  1.0000  -1.8514   0.0000   0.0000   0.0000   0.3711
   5.300   1.2876   0.01110   0.00556  -0.1636  0.5758  1.0000  -1.8847   0.0000   0.0000   0.0000   0.3696
   5.400   1.2954   0.01125   0.00565  -0.1629  0.5661  1.0000  -1.9180   0.0000   0.0000   0.0000   0.3682
   5.500   1.3035   0.01136   0.00575  -0.1623  0.5558  1.0000  -1.9519   0.0000   0.0000   0.0000   0.3668
   5.600   1.3108   0.01151   0.00585  -0.1615  0.5444  1.0000  -1.9846   0.0000   0.0000   0.0000   0.3654
   5.700   1.3174   0.01172   0.00596  -0.1606  0.5333  1.0000  -2.0162   0.0000   0.0000   0.0000   0.3640
   5.800   1.3257   0.01183   0.00608  -0.1601  0.5236  1.0000  -2.0507   0.0000   0.0000   0.0000   0.3627
   5.900   1.3329   0.01199   0.00620  -0.1593  0.5124  1.0000  -2.0837   0.0000   0.0000   0.0000   0.3613
   6.000   1.3391   0.01221   0.00634  -0.1583  0.5009  1.0000  -2.1148   0.0000   0.0000   0.0000   0.3599
   6.100   1.3463   0.01238   0.00647  -0.1576  0.4905  1.0000  -2.1480   0.0000   0.0000   0.0000   0.3586
   6.200   1.3531   0.01255   0.00661  -0.1568  0.4782  1.0000  -2.1805   0.0000   0.0000   0.0000   0.3572
   6.300   1.3581   0.01281   0.00678  -0.1556  0.4654  1.0000  -2.2100   0.0000   0.0000   0.0000   0.3558
   6.400   1.3644   0.01301   0.00693  -0.1547  0.4531  1.0000  -2.2419   0.0000   0.0000   0.0000   0.3545
   6.500   1.3695   0.01323   0.00710  -0.1536  0.4388  1.0000  -2.2717   0.0000   0.0000   0.0000   0.3531
   6.600   1.3725   0.01354   0.00729  -0.1520  0.4249  1.0000  -2.2976   0.0000   0.0000   0.0000   0.3516
   6.700   1.3784   0.01374   0.00746  -0.1511  0.4110  1.0000  -2.3291   0.0000   0.0000   0.0000   0.3503
   6.800   1.3816   0.01405   0.00768  -0.1496  0.3963  1.0000  -2.3556   0.0000   0.0000   0.0000   0.3488
   6.900   1.3862   0.01432   0.00788  -0.1484  0.3832  1.0000  -2.3848   0.0000   0.0000   0.0000   0.3475
   7.000   1.3910   0.01459   0.00809  -0.1473  0.3692  1.0000  -2.4145   0.0000   0.0000   0.0000   0.3462
   7.200   1.3996   0.01519   0.00855  -0.1449  0.3437  1.0000  -2.4801   0.0000   0.0000   0.0000   0.3435
   7.300   1.4036   0.01551   0.00880  -0.1437  0.3306  1.0000  -2.5143   0.0000   0.0000   0.0000   0.3422
   7.400   1.4073   0.01585   0.00907  -0.1425  0.3189  1.0000  -2.5478   0.0000   0.0000   0.0000   0.3409
   7.500   1.4131   0.01611   0.00929  -0.1416  0.3076  1.0000  -2.5873   0.0000   0.0000   0.0000   0.3397
   7.600   1.4170   0.01645   0.00956  -0.1404  0.2961  1.0000  -2.6286   0.0000   0.0000   0.0000   0.3384
   7.700   1.4210   0.01679   0.00985  -0.1392  0.2857  1.0000  -2.6703   0.0000   0.0000   0.0000   0.3372
   7.800   1.4268   0.01706   0.01009  -0.1384  0.2753  1.0000  -2.7174   0.0000   0.0000   0.0000   0.3361
   7.900   1.4308   0.01741   0.01037  -0.1372  0.2646  1.0000  -2.7596   0.0000   0.0000   0.0000   0.3348
   8.000   1.4345   0.01778   0.01069  -0.1361  0.2546  1.0000  -2.8011   0.0000   0.0000   0.0000   0.3336
   8.100   1.4404   0.01806   0.01095  -0.1353  0.2454  1.0000  -2.8491   0.0000   0.0000   0.0000   0.3325
   8.200   1.4446   0.01842   0.01125  -0.1342  0.2357  1.0000  -2.8925   0.0000   0.0000   0.0000   0.3314
   8.300   1.4471   0.01888   0.01176  -0.1329  0.2249  1.0000  -2.9296   0.0000   0.0000   0.0000   0.3301
   8.400   1.4530   0.01916   0.01204  -0.1321  0.2169  1.0000  -2.9781   0.0000   0.0000   0.0000   0.3291
   8.500   1.4574   0.01952   0.01236  -0.1311  0.2082  1.0000  -3.0226   0.0000   0.0000   0.0000   0.3280
   8.600   1.4603   0.01997   0.01274  -0.1299  0.1995  1.0000  -3.0628   0.0000   0.0000   0.0000   0.3268
   8.700   1.4654   0.02030   0.01307  -0.1290  0.1926  1.0000  -3.1097   0.0000   0.0000   0.0000   0.3257
   8.800   1.4706   0.02063   0.01339  -0.1282  0.1855  1.0000  -3.1569   0.0000   0.0000   0.0000   0.3247
   8.900   1.4744   0.02104   0.01376  -0.1271  0.1783  1.0000  -3.2005   0.0000   0.0000   0.0000   0.3236
   9.000   1.4772   0.02154   0.01419  -0.1260  0.1706  1.0000  -3.2406   0.0000   0.0000   0.0000   0.3225
   9.100   1.4828   0.02185   0.01452  -0.1252  0.1653  1.0000  -3.2897   0.0000   0.0000   0.0000   0.3215
   9.200   1.4879   0.02220   0.01487  -0.1244  0.1596  1.0000  -3.3377   0.0000   0.0000   0.0000   0.3205
   9.300   1.4918   0.02263   0.01526  -0.1234  0.1537  1.0000  -3.3822   0.0000   0.0000   0.0000   0.3195
   9.400   1.4946   0.02313   0.01571  -0.1223  0.1475  1.0000  -3.4231   0.0000   0.0000   0.0000   0.3184
   9.500   1.4980   0.02360   0.01617  -0.1213  0.1421  1.0000  -3.4659   0.0000   0.0000   0.0000   0.3174
   9.600   1.5042   0.02390   0.01650  -0.1207  0.1382  1.0000  -3.5181   0.0000   0.0000   0.0000   0.3165
   9.700   1.5091   0.02428   0.01688  -0.1199  0.1339  1.0000  -3.5662   0.0000   0.0000   0.0000   0.3155
   9.800   1.5128   0.02473   0.01730  -0.1190  0.1295  1.0000  -3.6109   0.0000   0.0000   0.0000   0.3146
   9.900   1.5155   0.02525   0.01779  -0.1179  0.1250  1.0000  -3.6522   0.0000   0.0000   0.0000   0.3136
  10.000   1.5167   0.02589   0.01840  -0.1167  0.1201  1.0000  -3.6876   0.0000   0.0000   0.0000   0.3125
  10.100   1.5220   0.02625   0.01880  -0.1160  0.1174  1.0000  -3.7372   0.0000   0.0000   0.0000   0.3116
  10.200   1.5278   0.02658   0.01917  -0.1153  0.1148  1.0000  -3.7889   0.0000   0.0000   0.0000   0.3107
  10.300   1.5325   0.02699   0.01960  -0.1146  0.1118  1.0000  -3.8374   0.0000   0.0000   0.0000   0.3098
  10.400   1.5365   0.02745   0.02007  -0.1138  0.1088  1.0000  -3.8833   0.0000   0.0000   0.0000   0.3089
  10.500   1.5397   0.02798   0.02058  -0.1129  0.1057  1.0000  -3.9270   0.0000   0.0000   0.0000   0.3080
  10.600   1.5420   0.02859   0.02117  -0.1119  0.1024  1.0000  -3.9670   0.0000   0.0000   0.0000   0.3071
  10.700   1.5422   0.02938   0.02193  -0.1106  0.0986  1.0000  -3.9983   0.0000   0.0000   0.0000   0.3061
  10.800   1.5454   0.02993   0.02252  -0.1098  0.0962  1.0000  -4.0407   0.0000   0.0000   0.0000   0.3052
  10.900   1.5512   0.03028   0.02292  -0.1092  0.0945  1.0000  -4.0937   0.0000   0.0000   0.0000   0.3044
  11.000   1.5563   0.03068   0.02336  -0.1086  0.0923  1.0000  -4.1514   0.0000   0.0000   0.0000   0.3036
  11.100   1.5609   0.03113   0.02384  -0.1080  0.0899  1.0000  -4.2117   0.0000   0.0000   0.0000   0.3028
  11.200   1.5647   0.03164   0.02435  -0.1072  0.0874  1.0000  -4.2692   0.0000   0.0000   0.0000   0.3020
  11.300   1.5677   0.03222   0.02492  -0.1065  0.0849  1.0000  -4.3238   0.0000   0.0000   0.0000   0.3012
  11.400   1.5695   0.03292   0.02559  -0.1056  0.0823  1.0000  -4.3724   0.0000   0.0000   0.0000   0.3004
  11.500   1.5697   0.03374   0.02647  -0.1045  0.0798  1.0000  -4.4095   0.0000   0.0000   0.0000   0.2995
  11.600   1.5679   0.03476   0.02751  -0.1032  0.0770  1.0000  -4.4385   0.0000   0.0000   0.0000   0.2986
  11.700   1.5739   0.03510   0.02790  -0.1028  0.0761  1.0000  -4.5063   0.0000   0.0000   0.0000   0.2979
  11.800   1.5791   0.03552   0.02836  -0.1023  0.0749  1.0000  -4.5704   0.0000   0.0000   0.0000   0.2972
  11.900   1.5836   0.03598   0.02887  -0.1017  0.0734  1.0000  -4.6319   0.0000   0.0000   0.0000   0.2964
  12.000   1.5877   0.03649   0.02942  -0.1011  0.0719  1.0000  -4.6918   0.0000   0.0000   0.0000   0.2957
  12.100   1.5912   0.03704   0.03000  -0.1005  0.0703  1.0000  -4.7499   0.0000   0.0000   0.0000   0.2950
  12.200   1.5942   0.03764   0.03063  -0.0998  0.0688  1.0000  -4.8061   0.0000   0.0000   0.0000   0.2942
  12.300   1.5968   0.03830   0.03129  -0.0991  0.0672  1.0000  -4.8604   0.0000   0.0000   0.0000   0.2935
  12.400   1.5989   0.03901   0.03200  -0.0985  0.0656  1.0000  -4.9125   0.0000   0.0000   0.0000   0.2928
  12.500   1.6001   0.03981   0.03281  -0.0977  0.0640  1.0000  -4.9603   0.0000   0.0000   0.0000   0.2921
  12.600   1.5998   0.04077   0.03378  -0.0968  0.0622  1.0000  -4.9994   0.0000   0.0000   0.0000   0.2914
  12.700   1.5975   0.04194   0.03498  -0.0958  0.0604  1.0000  -5.0273   0.0000   0.0000   0.0000   0.2906
  12.800   1.5973   0.04294   0.03601  -0.0949  0.0591  1.0000  -5.0651   0.0000   0.0000   0.0000   0.2899
  12.900   1.6021   0.04344   0.03657  -0.0945  0.0585  1.0000  -5.1310   0.0000   0.0000   0.0000   0.2893
  13.000   1.6065   0.04398   0.03716  -0.0941  0.0578  1.0000  -5.1949   0.0000   0.0000   0.0000   0.2886
  13.100   1.6104   0.04458   0.03780  -0.0937  0.0569  1.0000  -5.2567   0.0000   0.0000   0.0000   0.2880
  13.200   1.6140   0.04521   0.03849  -0.0932  0.0559  1.0000  -5.3165   0.0000   0.0000   0.0000   0.2874
  13.300   1.6172   0.04589   0.03921  -0.0928  0.0549  1.0000  -5.3745   0.0000   0.0000   0.0000   0.2868
  13.400   1.6198   0.04664   0.04000  -0.0923  0.0539  1.0000  -5.4296   0.0000   0.0000   0.0000   0.2862
  13.500   1.6220   0.04743   0.04083  -0.0918  0.0529  1.0000  -5.4830   0.0000   0.0000   0.0000   0.2856
  13.600   1.6241   0.04823   0.04167  -0.0913  0.0520  1.0000  -5.5363   0.0000   0.0000   0.0000   0.2850
  13.700   1.6260   0.04908   0.04254  -0.0908  0.0510  1.0000  -5.5882   0.0000   0.0000   0.0000   0.2845
  13.800   1.6274   0.04997   0.04346  -0.0904  0.0500  1.0000  -5.6383   0.0000   0.0000   0.0000   0.2839
  13.900   1.6283   0.05093   0.04443  -0.0899  0.0490  1.0000  -5.6853   0.0000   0.0000   0.0000   0.2834
  14.000   1.6282   0.05200   0.04552  -0.0893  0.0479  1.0000  -5.7264   0.0000   0.0000   0.0000   0.2828
  14.100   1.6265   0.05325   0.04680  -0.0888  0.0468  1.0000  -5.7582   0.0000   0.0000   0.0000   0.2823
  14.200   1.6237   0.05465   0.04823  -0.0881  0.0456  1.0000  -5.7809   0.0000   0.0000   0.0000   0.2818
  14.300   1.6193   0.05622   0.04985  -0.0873  0.0443  1.0000  -5.7914   0.0000   0.0000   0.0000   0.2812
  14.400   1.6203   0.05721   0.05088  -0.0868  0.0436  1.0000  -5.8360   0.0000   0.0000   0.0000   0.2807
  14.500   1.6236   0.05794   0.05167  -0.0866  0.0432  1.0000  -5.8971   0.0000   0.0000   0.0000   0.2803
  14.600   1.6267   0.05871   0.05250  -0.0864  0.0427  1.0000  -5.9568   0.0000   0.0000   0.0000   0.2798
  14.700   1.6289   0.05958   0.05342  -0.0862  0.0420  1.0000  -6.0125   0.0000   0.0000   0.0000   0.2794
  14.800   1.6308   0.06050   0.05439  -0.0860  0.0413  1.0000  -6.0662   0.0000   0.0000   0.0000   0.2790
  14.900   1.6326   0.06142   0.05536  -0.0858  0.0405  1.0000  -6.1198   0.0000   0.0000   0.0000   0.2786
  15.000   1.6343   0.06235   0.05633  -0.0857  0.0397  1.0000  -6.1735   0.0000   0.0000   0.0000   0.2782
  15.100   1.6360   0.06329   0.05731  -0.0855  0.0388  1.0000  -6.2273   0.0000   0.0000   0.0000   0.2778
  15.200   1.6375   0.06424   0.05830  -0.0854  0.0380  1.0000  -6.2817   0.0000   0.0000   0.0000   0.2774
  15.300   1.6387   0.06527   0.05936  -0.0853  0.0372  1.0000  -6.3341   0.0000   0.0000   0.0000   0.2771
  15.400   1.6389   0.06644   0.06055  -0.0852  0.0364  1.0000  -6.3816   0.0000   0.0000   0.0000   0.2768
  15.500   1.6368   0.06788   0.06211  -0.0849  0.0360  1.0000  -6.4063   0.0000   0.0000   0.0000   0.2765
  15.600   1.6357   0.06923   0.06350  -0.0848  0.0354  1.0000  -6.4408   0.0000   0.0000   0.0000   0.2762
  15.700   1.6347   0.07059   0.06488  -0.0847  0.0347  1.0000  -6.5036   0.0000   0.0000   0.0000   0.2760
  15.800   1.6329   0.07207   0.06639  -0.0846  0.0340  1.0000  -6.5603   0.0000   0.0000   0.0000   0.2758
  15.900   1.6295   0.07377   0.06813  -0.0846  0.0332  1.0000  -6.6024   0.0000   0.0000   0.0000   0.2756
  16.000   1.6253   0.07559   0.06998  -0.0845  0.0324  1.0000  -6.6353   0.0000   0.0000   0.0000   0.2755
  16.100   1.6201   0.07751   0.07196  -0.0843  0.0315  1.0000  -6.6564   0.0000   0.0000   0.0000   0.2753
  16.200   1.6147   0.07947   0.07398  -0.0841  0.0307  1.0000  -6.6718   0.0000   0.0000   0.0000   0.2751
  16.300   1.6169   0.08051   0.07507  -0.0843  0.0305  1.0000  -6.7660   0.0000   0.0000   0.0000   0.2749
  16.400   1.6183   0.08168   0.07630  -0.0845  0.0302  1.0000  -6.8523   0.0000   0.0000   0.0000   0.2748
  16.500   1.6192   0.08295   0.07762  -0.0848  0.0299  1.0000  -6.9343   0.0000   0.0000   0.0000   0.2747
  16.600   1.6203   0.08419   0.07892  -0.0851  0.0295  1.0000  -7.0177   0.0000   0.0000   0.0000   0.2745
  16.700   1.6213   0.08542   0.08021  -0.0853  0.0291  1.0000  -7.1007   0.0000   0.0000   0.0000   0.2744
  16.800   1.6221   0.08668   0.08152  -0.0856  0.0286  1.0000  -7.1822   0.0000   0.0000   0.0000   0.2743
  16.900   1.6226   0.08799   0.08287  -0.0859  0.0281  1.0000  -7.2607   0.0000   0.0000   0.0000   0.2742
  17.000   1.6222   0.08947   0.08440  -0.0863  0.0277  1.0000  -7.3305   0.0000   0.0000   0.0000   0.2742
  17.100   1.6216   0.09097   0.08596  -0.0866  0.0272  1.0000  -7.3988   0.0000   0.0000   0.0000   0.2742
  17.200   1.6213   0.09244   0.08748  -0.0870  0.0267  1.0000  -7.4687   0.0000   0.0000   0.0000   0.2742
  17.300   1.6209   0.09390   0.08898  -0.0874  0.0263  1.0000  -7.5392   0.0000   0.0000   0.0000   0.2742
  17.400   1.6205   0.09537   0.09049  -0.0878  0.0258  1.0000  -7.6091   0.0000   0.0000   0.0000   0.2742
  17.500   1.6194   0.09697   0.09214  -0.0883  0.0254  1.0000  -7.6721   0.0000   0.0000   0.0000   0.2743
  17.600   1.6177   0.09870   0.09392  -0.0889  0.0250  1.0000  -7.7282   0.0000   0.0000   0.0000   0.2744
  17.700   1.6162   0.10037   0.09564  -0.0894  0.0247  1.0000  -7.7864   0.0000   0.0000   0.0000   0.2746
  17.800   1.6147   0.10203   0.09734  -0.0900  0.0243  1.0000  -7.8439   0.0000   0.0000   0.0000   0.2747
  17.900   1.6131   0.10373   0.09908  -0.0905  0.0240  1.0000  -7.8998   0.0000   0.0000   0.0000   0.2749
  18.000   1.6105   0.10560   0.10099  -0.0912  0.0237  1.0000  -7.9454   0.0000   0.0000   0.0000   0.2751
  18.100   1.6074   0.10758   0.10302  -0.0920  0.0235  1.0000  -7.9836   0.0000   0.0000   0.0000   0.2754
  18.200   1.6045   0.10949   0.10498  -0.0927  0.0232  1.0000  -8.0243   0.0000   0.0000   0.0000   0.2757
  18.300   1.6018   0.11138   0.10691  -0.0934  0.0229  1.0000  -8.0659   0.0000   0.0000   0.0000   0.2760
  18.400   1.5989   0.11331   0.10889  -0.0942  0.0226  1.0000  -8.1043   0.0000   0.0000   0.0000   0.2764
  18.500   1.5948   0.11547   0.11110  -0.0952  0.0224  1.0000  -8.1292   0.0000   0.0000   0.0000   0.2769
  18.600   1.5907   0.11761   0.11329  -0.0961  0.0221  1.0000  -8.1531   0.0000   0.0000   0.0000   0.2774
  18.700   1.5870   0.11969   0.11542  -0.0970  0.0219  1.0000  -8.1792   0.0000   0.0000   0.0000   0.2778
  18.800   1.5832   0.12176   0.11754  -0.0979  0.0216  1.0000  -8.2034   0.0000   0.0000   0.0000   0.2783
  18.900   1.5788   0.12394   0.11977  -0.0989  0.0213  1.0000  -8.2196   0.0000   0.0000   0.0000   0.2788
  19.000   1.5737   0.12627   0.12216  -0.1001  0.0211  1.0000  -8.2256   0.0000   0.0000   0.0000   0.2795
  19.100   1.5690   0.12851   0.12445  -0.1011  0.0208  1.0000  -8.2337   0.0000   0.0000   0.0000   0.2801
  19.200   1.5642   0.13064   0.12664  -0.1022  0.0205  1.0000  -8.2396   0.0000   0.0000   0.0000   0.2807
  19.300   1.5591   0.13275   0.12882  -0.1033  0.0202  1.0000  -8.2383   0.0000   0.0000   0.0000   0.2814
  19.400   1.5531   0.13501   0.13116  -0.1045  0.0199  1.0000  -8.2249   0.0000   0.0000   0.0000   0.2822
  19.500   1.5500   0.13704   0.13323  -0.1057  0.0199  1.0000  -8.2485   0.0000   0.0000   0.0000   0.2829
  19.600   1.5476   0.13897   0.13522  -0.1069  0.0198  1.0000  -8.2809   0.0000   0.0000   0.0000   0.2835
  19.700   1.5454   0.14087   0.13717  -0.1081  0.0197  1.0000  -8.3151   0.0000   0.0000   0.0000   0.2841
  19.800   1.5431   0.14280   0.13916  -0.1092  0.0197  1.0000  -8.3474   0.0000   0.0000   0.0000   0.2847
  19.900   1.5399   0.14496   0.14139  -0.1106  0.0196  1.0000  -8.3658   0.0000   0.0000   0.0000   0.2854
  20.000   1.5362   0.14726   0.14376  -0.1120  0.0195  1.0000  -8.3784   0.0000   0.0000   0.0000   0.2863


