xflr5 v6.61

 Calculated polar for: SG6043

 1 1 Reynolds number fixed          Mach number fixed         

 xtrf =   1.000 (top)        1.000 (bottom)
 Mach =   0.000     Re =     0.160 e 6     Ncrit =   9.000

  alpha     CL        CD       CDp       Cm    Top Xtr Bot Xtr   Cpmin    Chinge    XCp    
 ------- -------- --------- --------- -------- ------- ------- -------- --------- ---------
   0.000   0.6179   0.01777   0.01235  -0.1579  0.8564  1.0000  -0.7123   0.0000   0.0000   0.0000   0.5050
   0.300   0.6280   0.01855   0.01301  -0.1540  0.8408  1.0000  -0.7236   0.0000   0.0000   0.0000   0.4943
   0.400   0.6437   0.01842   0.01282  -0.1547  0.8393  1.0000  -0.7350   0.0000   0.0000   0.0000   0.4893
   0.500   0.6600   0.01828   0.01260  -0.1556  0.8381  1.0000  -0.7473   0.0000   0.0000   0.0000   0.4844
   0.600   0.6768   0.01812   0.01239  -0.1564  0.8370  1.0000  -0.7604   0.0000   0.0000   0.0000   0.4798
   0.700   0.6939   0.01796   0.01218  -0.1574  0.8360  1.0000  -0.7737   0.0000   0.0000   0.0000   0.4753
   0.800   0.7115   0.01780   0.01197  -0.1584  0.8350  1.0000  -0.7873   0.0000   0.0000   0.0000   0.4710
   0.900   0.7294   0.01762   0.01175  -0.1595  0.8341  1.0000  -0.8018   0.0000   0.0000   0.0000   0.4670
   1.000   0.7473   0.01745   0.01153  -0.1606  0.8332  1.0000  -0.8169   0.0000   0.0000   0.0000   0.4630
   1.100   0.7650   0.01727   0.01131  -0.1617  0.8323  1.0000  -0.8325   0.0000   0.0000   0.0000   0.4593
   1.200   0.7828   0.01709   0.01109  -0.1627  0.8314  1.0000  -0.8489   0.0000   0.0000   0.0000   0.4557
   1.300   0.8006   0.01693   0.01089  -0.1638  0.8305  1.0000  -0.8654   0.0000   0.0000   0.0000   0.4523
   1.600   0.8115   0.01763   0.01157  -0.1598  0.8147  1.0000  -0.8855   0.0000   0.0000   0.0000   0.4443
   1.700   0.8268   0.01747   0.01138  -0.1604  0.8127  1.0000  -0.9018   0.0000   0.0000   0.0000   0.4412
   1.800   0.8430   0.01728   0.01117  -0.1611  0.8109  1.0000  -0.9189   0.0000   0.0000   0.0000   0.4382
   1.900   0.8595   0.01708   0.01095  -0.1619  0.8092  1.0000  -0.9373   0.0000   0.0000   0.0000   0.4354
   2.000   0.8762   0.01688   0.01073  -0.1627  0.8076  1.0000  -0.9566   0.0000   0.0000   0.0000   0.4326
   2.100   0.8933   0.01667   0.01050  -0.1636  0.8061  1.0000  -0.9763   0.0000   0.0000   0.0000   0.4299
   2.200   0.9113   0.01645   0.01025  -0.1646  0.8047  1.0000  -0.9987   0.0000   0.0000   0.0000   0.4273
   2.300   0.9294   0.01624   0.01002  -0.1657  0.8032  1.0000  -1.0216   0.0000   0.0000   0.0000   0.4248
   2.400   0.9475   0.01606   0.00982  -0.1668  0.8017  1.0000  -1.0446   0.0000   0.0000   0.0000   0.4225
   2.500   0.9446   0.01647   0.01026  -0.1643  0.7949  1.0000  -1.0490   0.0000   0.0000   0.0000   0.4202
   2.600   0.9507   0.01658   0.01038  -0.1633  0.7897  1.0000  -1.0632   0.0000   0.0000   0.0000   0.4180
   2.700   0.9623   0.01651   0.01030  -0.1632  0.7860  1.0000  -1.0828   0.0000   0.0000   0.0000   0.4157
   2.800   0.9761   0.01637   0.01022  -0.1635  0.7830  1.0000  -1.1073   0.0000   0.0000   0.0000   0.4134
   2.900   0.9917   0.01618   0.01001  -0.1641  0.7803  1.0000  -1.1340   0.0000   0.0000   0.0000   0.4113
   3.000   1.0085   0.01595   0.00976  -0.1649  0.7778  1.0000  -1.1623   0.0000   0.0000   0.0000   0.4092
   3.100   1.0259   0.01572   0.00951  -0.1658  0.7754  1.0000  -1.1913   0.0000   0.0000   0.0000   0.4072
   3.200   1.0434   0.01552   0.00928  -0.1667  0.7730  1.0000  -1.2207   0.0000   0.0000   0.0000   0.4053
   3.300   1.0574   0.01546   0.00921  -0.1671  0.7698  1.0000  -1.2463   0.0000   0.0000   0.0000   0.4034
   3.400   1.0580   0.01570   0.00948  -0.1651  0.7634  1.0000  -1.2570   0.0000   0.0000   0.0000   0.4013
   3.500   1.0661   0.01572   0.00952  -0.1644  0.7582  1.0000  -1.2763   0.0000   0.0000   0.0000   0.3993
   3.600   1.0779   0.01564   0.00943  -0.1644  0.7539  1.0000  -1.2997   0.0000   0.0000   0.0000   0.3975
   3.700   1.0918   0.01550   0.00928  -0.1647  0.7500  1.0000  -1.3276   0.0000   0.0000   0.0000   0.3957
   3.800   1.1071   0.01531   0.00907  -0.1652  0.7463  1.0000  -1.3592   0.0000   0.0000   0.0000   0.3939
   3.900   1.1232   0.01513   0.00886  -0.1658  0.7427  1.0000  -1.3921   0.0000   0.0000   0.0000   0.3922
   4.000   1.1403   0.01500   0.00868  -0.1668  0.7391  1.0000  -1.4264   0.0000   0.0000   0.0000   0.3907
   4.100   1.1424   0.01516   0.00890  -0.1650  0.7327  1.0000  -1.4415   0.0000   0.0000   0.0000   0.3888
   4.200   1.1498   0.01519   0.00895  -0.1642  0.7266  1.0000  -1.4634   0.0000   0.0000   0.0000   0.3870
   4.300   1.1604   0.01513   0.00889  -0.1639  0.7209  1.0000  -1.4898   0.0000   0.0000   0.0000   0.3853
   4.400   1.1730   0.01501   0.00876  -0.1639  0.7158  1.0000  -1.5191   0.0000   0.0000   0.0000   0.3837
   4.500   1.1881   0.01487   0.00857  -0.1644  0.7111  1.0000  -1.5560   0.0000   0.0000   0.0000   0.3822
   4.600   1.2035   0.01477   0.00843  -0.1650  0.7061  1.0000  -1.5943   0.0000   0.0000   0.0000   0.3808
   4.700   1.2073   0.01489   0.00860  -0.1635  0.6992  1.0000  -1.6151   0.0000   0.0000   0.0000   0.3790
   4.800   1.2147   0.01492   0.00866  -0.1627  0.6922  1.0000  -1.6439   0.0000   0.0000   0.0000   0.3773
   4.900   1.2249   0.01488   0.00861  -0.1623  0.6855  1.0000  -1.6801   0.0000   0.0000   0.0000   0.3758
   5.000   1.2385   0.01478   0.00845  -0.1625  0.6790  1.0000  -1.7225   0.0000   0.0000   0.0000   0.3744
   5.100   1.2528   0.01471   0.00832  -0.1629  0.6723  1.0000  -1.7663   0.0000   0.0000   0.0000   0.3730
   5.200   1.2572   0.01482   0.00862  -0.1615  0.6644  1.0000  -1.7937   0.0000   0.0000   0.0000   0.3714
   5.300   1.2649   0.01486   0.00867  -0.1608  0.6562  1.0000  -1.8265   0.0000   0.0000   0.0000   0.3698
   5.400   1.2759   0.01484   0.00862  -0.1605  0.6482  1.0000  -1.8653   0.0000   0.0000   0.0000   0.3684
   5.500   1.2893   0.01482   0.00851  -0.1607  0.6406  1.0000  -1.9086   0.0000   0.0000   0.0000   0.3671
   5.600   1.2960   0.01491   0.00864  -0.1598  0.6324  1.0000  -1.9397   0.0000   0.0000   0.0000   0.3656
   5.700   1.3031   0.01500   0.00874  -0.1590  0.6235  1.0000  -1.9718   0.0000   0.0000   0.0000   0.3642
   5.800   1.3126   0.01505   0.00876  -0.1585  0.6146  1.0000  -2.0084   0.0000   0.0000   0.0000   0.3628
   5.900   1.3240   0.01510   0.00872  -0.1584  0.6059  1.0000  -2.0491   0.0000   0.0000   0.0000   0.3615
   6.000   1.3309   0.01522   0.00886  -0.1576  0.5968  1.0000  -2.0810   0.0000   0.0000   0.0000   0.3601
   6.100   1.3379   0.01532   0.00897  -0.1567  0.5864  1.0000  -2.1136   0.0000   0.0000   0.0000   0.3587
   6.200   1.3467   0.01542   0.00900  -0.1561  0.5757  1.0000  -2.1499   0.0000   0.0000   0.0000   0.3574
   6.300   1.3551   0.01555   0.00907  -0.1555  0.5652  1.0000  -2.1855   0.0000   0.0000   0.0000   0.3560
   6.400   1.3610   0.01569   0.00922  -0.1544  0.5538  1.0000  -2.2163   0.0000   0.0000   0.0000   0.3546
   6.500   1.3682   0.01585   0.00931  -0.1536  0.5415  1.0000  -2.2500   0.0000   0.0000   0.0000   0.3533
   6.600   1.3758   0.01603   0.00941  -0.1528  0.5300  1.0000  -2.2845   0.0000   0.0000   0.0000   0.3520
   6.700   1.3815   0.01620   0.00958  -0.1518  0.5178  1.0000  -2.3153   0.0000   0.0000   0.0000   0.3506
   6.800   1.3876   0.01640   0.00971  -0.1508  0.5052  1.0000  -2.3473   0.0000   0.0000   0.0000   0.3492
   6.900   1.3939   0.01662   0.00986  -0.1498  0.4933  1.0000  -2.3796   0.0000   0.0000   0.0000   0.3479
   7.000   1.3992   0.01683   0.01006  -0.1487  0.4803  1.0000  -2.4100   0.0000   0.0000   0.0000   0.3466
   7.100   1.4040   0.01709   0.01022  -0.1475  0.4668  1.0000  -2.4444   0.0000   0.0000   0.0000   0.3452
   7.200   1.4089   0.01735   0.01043  -0.1463  0.4539  1.0000  -2.4806   0.0000   0.0000   0.0000   0.3439
   7.300   1.4127   0.01760   0.01064  -0.1450  0.4398  1.0000  -2.5143   0.0000   0.0000   0.0000   0.3425
   7.400   1.4152   0.01794   0.01085  -0.1434  0.4264  1.0000  -2.5456   0.0000   0.0000   0.0000   0.3410
   7.500   1.4193   0.01819   0.01109  -0.1421  0.4128  1.0000  -2.5842   0.0000   0.0000   0.0000   0.3397
   7.600   1.4217   0.01853   0.01134  -0.1405  0.3986  1.0000  -2.6216   0.0000   0.0000   0.0000   0.3383
   7.700   1.4242   0.01889   0.01161  -0.1390  0.3855  1.0000  -2.6592   0.0000   0.0000   0.0000   0.3369
   7.800   1.4273   0.01921   0.01189  -0.1376  0.3713  1.0000  -2.6984   0.0000   0.0000   0.0000   0.3355
   7.900   1.4284   0.01964   0.01220  -0.1359  0.3583  1.0000  -2.7325   0.0000   0.0000   0.0000   0.3341
   8.000   1.4319   0.01998   0.01251  -0.1347  0.3453  1.0000  -2.7729   0.0000   0.0000   0.0000   0.3329
   8.100   1.4339   0.02038   0.01285  -0.1332  0.3322  1.0000  -2.8096   0.0000   0.0000   0.0000   0.3315
   8.200   1.4348   0.02086   0.01322  -0.1315  0.3203  1.0000  -2.8429   0.0000   0.0000   0.0000   0.3302
   8.300   1.4386   0.02121   0.01355  -0.1303  0.3077  1.0000  -2.8845   0.0000   0.0000   0.0000   0.3290
   8.400   1.4389   0.02174   0.01414  -0.1286  0.2944  1.0000  -2.9151   0.0000   0.0000   0.0000   0.3276
   8.500   1.4411   0.02220   0.01455  -0.1273  0.2832  1.0000  -2.9520   0.0000   0.0000   0.0000   0.3264
   8.600   1.4440   0.02262   0.01494  -0.1261  0.2716  1.0000  -2.9913   0.0000   0.0000   0.0000   0.3252
   8.700   1.4447   0.02316   0.01539  -0.1245  0.2613  1.0000  -3.0246   0.0000   0.0000   0.0000   0.3239
   8.800   1.4475   0.02363   0.01582  -0.1233  0.2515  1.0000  -3.0633   0.0000   0.0000   0.0000   0.3228
   8.900   1.4508   0.02406   0.01624  -0.1222  0.2416  1.0000  -3.1039   0.0000   0.0000   0.0000   0.3217
   9.000   1.4520   0.02462   0.01673  -0.1208  0.2328  1.0000  -3.1388   0.0000   0.0000   0.0000   0.3205
   9.100   1.4534   0.02521   0.01724  -0.1195  0.2244  1.0000  -3.1736   0.0000   0.0000   0.0000   0.3193
   9.200   1.4582   0.02560   0.01767  -0.1186  0.2163  1.0000  -3.2183   0.0000   0.0000   0.0000   0.3183
   9.300   1.4608   0.02611   0.01815  -0.1175  0.2086  1.0000  -3.2570   0.0000   0.0000   0.0000   0.3172
   9.400   1.4617   0.02675   0.01870  -0.1162  0.2016  1.0000  -3.2909   0.0000   0.0000   0.0000   0.3161
   9.500   1.4639   0.02735   0.01926  -0.1150  0.1947  1.0000  -3.3276   0.0000   0.0000   0.0000   0.3151
   9.600   1.4688   0.02774   0.01971  -0.1142  0.1884  1.0000  -3.3731   0.0000   0.0000   0.0000   0.3141
   9.700   1.4719   0.02825   0.02021  -0.1132  0.1823  1.0000  -3.4133   0.0000   0.0000   0.0000   0.3131
   9.800   1.4736   0.02886   0.02078  -0.1121  0.1768  1.0000  -3.4495   0.0000   0.0000   0.0000   0.3120
   9.900   1.4743   0.02961   0.02144  -0.1108  0.1709  1.0000  -3.4819   0.0000   0.0000   0.0000   0.3110
  10.000   1.4786   0.03012   0.02197  -0.1100  0.1661  1.0000  -3.5245   0.0000   0.0000   0.0000   0.3100
  10.100   1.4832   0.03056   0.02247  -0.1092  0.1614  1.0000  -3.5693   0.0000   0.0000   0.0000   0.3091
  10.200   1.4868   0.03107   0.02301  -0.1084  0.1567  1.0000  -3.6113   0.0000   0.0000   0.0000   0.3082
  10.300   1.4892   0.03168   0.02359  -0.1074  0.1523  1.0000  -3.6500   0.0000   0.0000   0.0000   0.3073
  10.400   1.4906   0.03240   0.02424  -0.1063  0.1478  1.0000  -3.6852   0.0000   0.0000   0.0000   0.3063
  10.500   1.4928   0.03322   0.02499  -0.1053  0.1426  1.0000  -3.7201   0.0000   0.0000   0.0000   0.3054
  10.600   1.4975   0.03364   0.02550  -0.1046  0.1395  1.0000  -3.7656   0.0000   0.0000   0.0000   0.3045
  10.700   1.5016   0.03412   0.02604  -0.1039  0.1358  1.0000  -3.8095   0.0000   0.0000   0.0000   0.3036
  10.800   1.5051   0.03466   0.02661  -0.1031  0.1321  1.0000  -3.8517   0.0000   0.0000   0.0000   0.3028
  10.900   1.5077   0.03526   0.02721  -0.1022  0.1286  1.0000  -3.8918   0.0000   0.0000   0.0000   0.3019
  11.000   1.5095   0.03596   0.02788  -0.1013  0.1253  1.0000  -3.9287   0.0000   0.0000   0.0000   0.3011
  11.100   1.5111   0.03683   0.02868  -0.1004  0.1212  1.0000  -3.9627   0.0000   0.0000   0.0000   0.3002
  11.200   1.5154   0.03752   0.02938  -0.0996  0.1179  1.0000  -4.0035   0.0000   0.0000   0.0000   0.2993
  11.300   1.5194   0.03803   0.02997  -0.0989  0.1157  1.0000  -4.0461   0.0000   0.0000   0.0000   0.2985
  11.400   1.5232   0.03859   0.03059  -0.0982  0.1132  1.0000  -4.0875   0.0000   0.0000   0.0000   0.2977
  11.500   1.5266   0.03918   0.03123  -0.0975  0.1106  1.0000  -4.1279   0.0000   0.0000   0.0000   0.2969
  11.600   1.5295   0.03980   0.03189  -0.0967  0.1081  1.0000  -4.1752   0.0000   0.0000   0.0000   0.2961
  11.700   1.5321   0.04046   0.03257  -0.0960  0.1058  1.0000  -4.2242   0.0000   0.0000   0.0000   0.2953
  11.800   1.5343   0.04119   0.03329  -0.0952  0.1035  1.0000  -4.2718   0.0000   0.0000   0.0000   0.2945
  11.900   1.5370   0.04196   0.03411  -0.0944  0.1011  1.0000  -4.3164   0.0000   0.0000   0.0000   0.2938
  12.100   1.5465   0.04354   0.03570  -0.0932  0.0957  1.0000  -4.4219   0.0000   0.0000   0.0000   0.2922
  12.200   1.5492   0.04415   0.03640  -0.0925  0.0941  1.0000  -4.4710   0.0000   0.0000   0.0000   0.2915
  12.300   1.5519   0.04479   0.03711  -0.0918  0.0923  1.0000  -4.5205   0.0000   0.0000   0.0000   0.2908
  12.400   1.5544   0.04546   0.03785  -0.0911  0.0904  1.0000  -4.5694   0.0000   0.0000   0.0000   0.2901
  12.500   1.5565   0.04616   0.03859  -0.0905  0.0885  1.0000  -4.6177   0.0000   0.0000   0.0000   0.2894
  12.600   1.5585   0.04688   0.03935  -0.0898  0.0866  1.0000  -4.6660   0.0000   0.0000   0.0000   0.2887
  12.700   1.5603   0.04762   0.04012  -0.0892  0.0849  1.0000  -4.7141   0.0000   0.0000   0.0000   0.2880
  12.800   1.5620   0.04840   0.04091  -0.0886  0.0833  1.0000  -4.7618   0.0000   0.0000   0.0000   0.2873
  12.900   1.5641   0.04922   0.04173  -0.0880  0.0815  1.0000  -4.8102   0.0000   0.0000   0.0000   0.2867
  13.000   1.5683   0.05012   0.04259  -0.0874  0.0793  1.0000  -4.8627   0.0000   0.0000   0.0000   0.2860
  13.100   1.5763   0.05115   0.04364  -0.0869  0.0767  1.0000  -4.9210   0.0000   0.0000   0.0000   0.2852
  13.200   1.5782   0.05187   0.04445  -0.0863  0.0759  1.0000  -4.9667   0.0000   0.0000   0.0000   0.2846
  13.300   1.5801   0.05263   0.04530  -0.0856  0.0750  1.0000  -5.0117   0.0000   0.0000   0.0000   0.2839
  13.400   1.5817   0.05345   0.04620  -0.0850  0.0739  1.0000  -5.0546   0.0000   0.0000   0.0000   0.2833
  13.500   1.5832   0.05430   0.04714  -0.0844  0.0728  1.0000  -5.0966   0.0000   0.0000   0.0000   0.2826
  13.600   1.5846   0.05517   0.04808  -0.0838  0.0715  1.0000  -5.1384   0.0000   0.0000   0.0000   0.2820
  13.700   1.5860   0.05604   0.04903  -0.0833  0.0703  1.0000  -5.1801   0.0000   0.0000   0.0000   0.2814
  13.800   1.5872   0.05692   0.04997  -0.0827  0.0691  1.0000  -5.2221   0.0000   0.0000   0.0000   0.2808
  13.900   1.5884   0.05780   0.05090  -0.0822  0.0679  1.0000  -5.2643   0.0000   0.0000   0.0000   0.2802
  14.000   1.5892   0.05868   0.05182  -0.0817  0.0667  1.0000  -5.3065   0.0000   0.0000   0.0000   0.2797
  14.100   1.5897   0.05959   0.05276  -0.0811  0.0656  1.0000  -5.3477   0.0000   0.0000   0.0000   0.2791
  14.200   1.5900   0.06053   0.05372  -0.0807  0.0645  1.0000  -5.3888   0.0000   0.0000   0.0000   0.2786
  14.300   1.5904   0.06151   0.05472  -0.0802  0.0634  1.0000  -5.4295   0.0000   0.0000   0.0000   0.2781
  14.400   1.5919   0.06256   0.05577  -0.0797  0.0620  1.0000  -5.4720   0.0000   0.0000   0.0000   0.2775
  14.500   1.5963   0.06454   0.05780  -0.0790  0.0593  1.0000  -5.4981   0.0000   0.0000   0.0000   0.2768
  14.600   1.5948   0.06553   0.05889  -0.0785  0.0589  1.0000  -5.5288   0.0000   0.0000   0.0000   0.2764
  14.700   1.5935   0.06657   0.06001  -0.0781  0.0584  1.0000  -5.5598   0.0000   0.0000   0.0000   0.2759
  14.800   1.5924   0.06765   0.06118  -0.0778  0.0578  1.0000  -5.5908   0.0000   0.0000   0.0000   0.2755
  14.900   1.5911   0.06879   0.06241  -0.0774  0.0571  1.0000  -5.6201   0.0000   0.0000   0.0000   0.2751
  15.000   1.5897   0.06999   0.06370  -0.0771  0.0564  1.0000  -5.6479   0.0000   0.0000   0.0000   0.2747
  15.100   1.5882   0.07122   0.06502  -0.0768  0.0556  1.0000  -5.6754   0.0000   0.0000   0.0000   0.2744
  15.200   1.5866   0.07250   0.06638  -0.0766  0.0548  1.0000  -5.7014   0.0000   0.0000   0.0000   0.2741
  15.300   1.5851   0.07379   0.06775  -0.0764  0.0540  1.0000  -5.7278   0.0000   0.0000   0.0000   0.2738
  15.400   1.5834   0.07513   0.06917  -0.0762  0.0532  1.0000  -5.7528   0.0000   0.0000   0.0000   0.2735
  15.500   1.5816   0.07648   0.07059  -0.0761  0.0525  1.0000  -5.7776   0.0000   0.0000   0.0000   0.2732
  15.600   1.5800   0.07783   0.07201  -0.0760  0.0518  1.0000  -5.8031   0.0000   0.0000   0.0000   0.2730
  15.700   1.5786   0.07917   0.07342  -0.0759  0.0511  1.0000  -5.8291   0.0000   0.0000   0.0000   0.2728
  15.800   1.5774   0.08053   0.07483  -0.0758  0.0504  1.0000  -5.8653   0.0000   0.0000   0.0000   0.2725
  15.900   1.5758   0.08192   0.07628  -0.0758  0.0499  1.0000  -5.9026   0.0000   0.0000   0.0000   0.2723
  16.000   1.5741   0.08334   0.07775  -0.0758  0.0493  1.0000  -5.9393   0.0000   0.0000   0.0000   0.2722
  16.100   1.5726   0.08475   0.07922  -0.0759  0.0487  1.0000  -5.9769   0.0000   0.0000   0.0000   0.2720
  16.200   1.5709   0.08620   0.08071  -0.0760  0.0482  1.0000  -6.0132   0.0000   0.0000   0.0000   0.2719
  16.300   1.5692   0.08766   0.08223  -0.0761  0.0477  1.0000  -6.0487   0.0000   0.0000   0.0000   0.2718
  16.400   1.5670   0.08921   0.08391  -0.0762  0.0472  1.0000  -6.0877   0.0000   0.0000   0.0000   0.2717
  16.500   1.5640   0.09091   0.08566  -0.0764  0.0467  1.0000  -6.1259   0.0000   0.0000   0.0000   0.2717
  16.600   1.5604   0.09271   0.08753  -0.0766  0.0463  1.0000  -6.1549   0.0000   0.0000   0.0000   0.2717
  16.700   1.5560   0.09467   0.08957  -0.0769  0.0458  1.0000  -6.1743   0.0000   0.0000   0.0000   0.2718
  16.800   1.5507   0.09680   0.09179  -0.0773  0.0454  1.0000  -6.1820   0.0000   0.0000   0.0000   0.2720
  16.900   1.5441   0.09914   0.09424  -0.0778  0.0451  1.0000  -6.1766   0.0000   0.0000   0.0000   0.2724
  17.000   1.5363   0.10171   0.09691  -0.0785  0.0449  1.0000  -6.1583   0.0000   0.0000   0.0000   0.2729
  17.100   1.5277   0.10441   0.09972  -0.0794  0.0446  1.0000  -6.1317   0.0000   0.0000   0.0000   0.2735
  17.200   1.5186   0.10722   0.10265  -0.0804  0.0444  1.0000  -6.0981   0.0000   0.0000   0.0000   0.2742
  17.300   1.5090   0.11014   0.10568  -0.0816  0.0443  1.0000  -6.0583   0.0000   0.0000   0.0000   0.2752
  17.400   1.4992   0.11305   0.10870  -0.0830  0.0442  1.0000  -6.0149   0.0000   0.0000   0.0000   0.2762
  17.500   1.4893   0.11602   0.11178  -0.0845  0.0441  1.0000  -5.9682   0.0000   0.0000   0.0000   0.2774
  17.600   1.4793   0.11910   0.11496  -0.0861  0.0441  1.0000  -5.9182   0.0000   0.0000   0.0000   0.2787
  17.800   1.4596   0.12552   0.12150  -0.0899  0.0441  1.0000  -5.8108   0.0000   0.0000   0.0000   0.2816
  17.900   1.4492   0.12900   0.12508  -0.0920  0.0441  1.0000  -5.7507   0.0000   0.0000   0.0000   0.2833
  18.000   1.4387   0.13263   0.12881  -0.0943  0.0441  1.0000  -5.6869   0.0000   0.0000   0.0000   0.2851
  18.100   1.4281   0.13642   0.13269  -0.0968  0.0441  1.0000  -5.6185   0.0000   0.0000   0.0000   0.2872
  18.200   1.4174   0.14039   0.13675  -0.0994  0.0442  1.0000  -5.5448   0.0000   0.0000   0.0000   0.2893
  18.300   1.4064   0.14459   0.14103  -0.1022  0.0442  1.0000  -5.4638   0.0000   0.0000   0.0000   0.2917
  18.400   1.3949   0.14908   0.14561  -0.1053  0.0443  1.0000  -5.3774   0.0000   0.0000   0.0000   0.2943
  18.500   1.3826   0.15399   0.15060  -0.1087  0.0445  1.0000  -5.2814   0.0000   0.0000   0.0000   0.2973
  18.600   1.3679   0.15981   0.15651  -0.1127  0.0448  1.0000  -5.1541   0.0000   0.0000   0.0000   0.3010
  18.700   1.1819   0.23575   0.23234  -0.1528  0.0560  1.0000  -2.5927   0.0000   0.0000   0.0000   0.3518
  18.800   1.1819   0.23855   0.23515  -0.1537  0.0565  1.0000  -2.5699   0.0000   0.0000   0.0000   0.3524
  18.900   1.1824   0.24114   0.23775  -0.1544  0.0570  1.0000  -2.5556   0.0000   0.0000   0.0000   0.3527
  19.000   1.1833   0.24361   0.24022  -0.1549  0.0577  1.0000  -2.5491   0.0000   0.0000   0.0000   0.3528
  19.100   1.1940   0.24277   0.23953  -0.1524  0.0600  1.0000  -2.6580   0.0000   0.0000   0.0000   0.3492
  19.300   1.1773   0.26410   0.26076  -0.1584  0.0764  1.0000  -2.2277   0.0000   0.0000   0.0000   0.3566
  19.400   1.1749   0.26658   0.26324  -0.1605  0.0760  1.0000  -2.1850   0.0000   0.0000   0.0000   0.3586
  19.500   1.1628   0.26936   0.26598  -0.1662  0.0728  1.0000  -2.0257   0.0000   0.0000   0.0000   0.3649
  19.600   1.1618   0.27184   0.26847  -0.1678  0.0707  1.0000  -2.0028   0.0000   0.0000   0.0000   0.3662
  19.700   1.1623   0.27404   0.27067  -0.1688  0.0690  1.0000  -2.0018   0.0000   0.0000   0.0000   0.3668
  19.800   1.1634   0.27607   0.27271  -0.1696  0.0676  1.0000  -2.0093   0.0000   0.0000   0.0000   0.3671
  19.900   1.1649   0.27798   0.27463  -0.1702  0.0664  1.0000  -2.0227   0.0000   0.0000   0.0000   0.3673
  20.000   1.1667   0.27978   0.27644  -0.1707  0.0654  1.0000  -2.0410   0.0000   0.0000   0.0000   0.3672


