  
       XFOIL         Version 6.99
  
 Calculated polar for: GOE 735 AIRFOIL                                 
  
 1 1 Reynolds number fixed          Mach number fixed         
  
 xtrf =   1.000 (top)        1.000 (bottom)  
 Mach =   0.000     Re =     0.550 e 6     Ncrit =   9.000  9.000
  
   alpha    CL        CD       CDp       CM     Top_Xtr  Bot_Xtr  Top_Itr  Bot_Itr
  ------ -------- --------- --------- -------- -------- -------- -------- --------
   0.000   0.2387   0.01043   0.00193  -0.0087   0.4201   0.4988  69.3583 240.8554
   0.000   0.2387   0.01043   0.00193  -0.0087   0.4201   0.4988  69.3583 240.8554
   0.000   0.2387   0.01043   0.00193  -0.0087   0.4201   0.4988  69.3583 240.8554
   0.000   0.2387   0.01043   0.00193  -0.0087   0.4201   0.4988  69.3583 240.8554
   0.000   0.2387   0.01043   0.00193  -0.0087   0.4201   0.4988  69.3583 240.8554
   1.000   0.3241   0.00951   0.00220  -0.0026   0.4065   0.8560  70.6137 270.3490
   1.000   0.3241   0.00951   0.00220  -0.0026   0.4065   0.8560  70.6137 270.3489
   1.000   0.3241   0.00951   0.00220  -0.0026   0.4065   0.8560  70.6137 270.3489
   1.000   0.3241   0.00951   0.00220  -0.0026   0.4065   0.8560  70.6137 270.3489
   1.000   0.3241   0.00951   0.00220  -0.0026   0.4065   0.8560  70.6137 270.3489
   2.000   0.4620   0.01025   0.00274  -0.0070   0.3925   0.9337  71.9122 280.2281
   2.000   0.4620   0.01025   0.00274  -0.0070   0.3925   0.9337  71.9122 280.2282
   2.000   0.4620   0.01025   0.00274  -0.0070   0.3925   0.9337  71.9122 280.2282
   2.000   0.4620   0.01025   0.00274  -0.0070   0.3925   0.9337  71.9122 280.2282
   2.000   0.4620   0.01025   0.00274  -0.0070   0.3925   0.9337  71.9122 280.2282
   3.000   0.6176   0.01130   0.00340  -0.0153   0.3790   0.9589  73.1948 285.4750
   3.000   0.6176   0.01130   0.00340  -0.0153   0.3790   0.9589  73.1947 285.4762
   3.000   0.6176   0.01130   0.00340  -0.0153   0.3790   0.9589  73.1947 285.4762
   3.000   0.6176   0.01130   0.00340  -0.0153   0.3790   0.9589  73.1947 285.4762
   3.000   0.6176   0.01130   0.00340  -0.0153   0.3790   0.9589  73.1947 285.4762
   4.000   0.7888   0.01224   0.00396  -0.0272   0.3657   0.9760  74.4650 290.2993
   4.000   0.7888   0.01224   0.00396  -0.0272   0.3657   0.9760  74.4650 290.2998
   4.000   0.7888   0.01224   0.00396  -0.0272   0.3657   0.9760  74.4650 290.2998
   4.000   0.7888   0.01224   0.00396  -0.0272   0.3657   0.9760  74.4650 290.2998
   4.000   0.7888   0.01224   0.00396  -0.0272   0.3657   0.9760  74.4650 290.2998
   5.000   0.9425   0.01286   0.00420  -0.0366   0.3538   0.9879  75.6214 294.5347
   5.000   0.9425   0.01286   0.00420  -0.0366   0.3538   0.9879  75.6213 294.5368
   5.000   0.9425   0.01286   0.00420  -0.0366   0.3538   0.9879  75.6213 294.5368
   5.000   0.9425   0.01286   0.00420  -0.0366   0.3538   0.9879  75.6213 294.5368
   5.000   0.9425   0.01286   0.00420  -0.0366   0.3538   0.9879  75.6213 294.5368
   6.000   1.0919   0.01338   0.00433  -0.0455   0.3426   0.9978  76.7264 298.8068
   6.000   1.0919   0.01338   0.00433  -0.0455   0.3426   0.9978  76.7264 298.8073
   6.000   1.0919   0.01338   0.00433  -0.0455   0.3426   0.9978  76.7264 298.8073
   6.000   1.0919   0.01338   0.00433  -0.0455   0.3426   0.9978  76.7264 298.8073
   6.000   1.0919   0.01338   0.00433  -0.0455   0.3426   0.9978  76.7264 298.8073
   7.000   1.1919   0.01403   0.00450  -0.0450   0.3325   1.0000  77.7339 300.0000
   7.000   1.1919   0.01403   0.00450  -0.0450   0.3325   1.0000  77.7339 300.0000
   7.000   1.1919   0.01403   0.00450  -0.0450   0.3325   1.0000  77.7339 300.0000
   7.000   1.1919   0.01403   0.00450  -0.0450   0.3325   1.0000  77.7339 300.0000
   7.000   1.1919   0.01403   0.00450  -0.0450   0.3325   1.0000  77.7339 300.0000
   8.000   1.2662   0.01488   0.00472  -0.0398   0.3231   1.0000  78.6869 300.0000
   8.000   1.2662   0.01488   0.00472  -0.0398   0.3231   1.0000  78.6870 300.0000
   8.000   1.2662   0.01488   0.00472  -0.0398   0.3231   1.0000  78.6870 300.0000
   8.000   1.2662   0.01488   0.00472  -0.0398   0.3231   1.0000  78.6870 300.0000
   8.000   1.2662   0.01488   0.00472  -0.0398   0.3231   1.0000  78.6870 300.0000
   9.000   1.3278   0.01591   0.00494  -0.0324   0.3144   1.0000  79.5749 300.0000
   9.000   1.3278   0.01591   0.00494  -0.0324   0.3144   1.0000  79.5749 300.0000
   9.000   1.3278   0.01591   0.00494  -0.0324   0.3144   1.0000  79.5749 300.0000
   9.000   1.3278   0.01591   0.00494  -0.0324   0.3144   1.0000  79.5749 300.0000
   9.000   1.3278   0.01591   0.00494  -0.0324   0.3144   1.0000  79.5749 300.0000
  10.000   1.3585   0.01714   0.00498  -0.0201   0.3065   1.0000  80.3937 300.0000
  10.000   1.3585   0.01714   0.00498  -0.0201   0.3065   1.0000  80.3938 300.0000
  10.000   1.3585   0.01714   0.00498  -0.0201   0.3065   1.0000  80.3938 300.0000
  10.000   1.3585   0.01714   0.00498  -0.0201   0.3065   1.0000  80.3938 300.0000
  10.000   1.3585   0.01714   0.00498  -0.0201   0.3065   1.0000  80.3938 300.0000
  11.000   1.3912   0.01898   0.00521  -0.0101   0.2983   1.0000  81.2429 300.0000
  11.000   1.3912   0.01898   0.00521  -0.0101   0.2983   1.0000  81.2429 300.0000
  11.000   1.3912   0.01898   0.00521  -0.0101   0.2983   1.0000  81.2429 300.0000
  11.000   1.3912   0.01898   0.00521  -0.0101   0.2983   1.0000  81.2429 300.0000
  11.000   1.3912   0.01898   0.00521  -0.0101   0.2983   1.0000  81.2429 300.0000
  12.000   1.4392   0.02142   0.00579  -0.0044   0.2896   1.0000  82.1599 300.0000
  12.000   1.4392   0.02142   0.00579  -0.0044   0.2896   1.0000  82.1599 300.0000
  12.000   1.4392   0.02142   0.00579  -0.0044   0.2896   1.0000  82.1599 300.0000
  12.000   1.4392   0.02142   0.00579  -0.0044   0.2896   1.0000  82.1599 300.0000
  12.000   1.4392   0.02142   0.00579  -0.0044   0.2896   1.0000  82.1599 300.0000
  13.000   1.4861   0.02456   0.00672  -0.0002   0.2804   1.0000  83.1476 300.0000
  13.000   1.4861   0.02456   0.00672  -0.0002   0.2804   1.0000  83.1477 300.0000
  13.000   1.4861   0.02456   0.00672  -0.0002   0.2804   1.0000  83.1477 300.0000
  13.000   1.4861   0.02456   0.00672  -0.0002   0.2804   1.0000  83.1477 300.0000
  13.000   1.4861   0.02456   0.00672  -0.0002   0.2804   1.0000  83.1477 300.0000
  14.000   1.5258   0.02865   0.00817   0.0031   0.2706   1.0000  84.2161 300.0000
  14.000   1.5258   0.02865   0.00817   0.0031   0.2706   1.0000  84.2161 300.0000
  14.000   1.5258   0.02865   0.00817   0.0031   0.2706   1.0000  84.2161 300.0000
  14.000   1.5258   0.02865   0.00817   0.0031   0.2706   1.0000  84.2161 300.0000
  14.000   1.5258   0.02865   0.00817   0.0031   0.2706   1.0000  84.2161 300.0000
  15.000   1.5512   0.03428   0.01054   0.0057   0.2590   1.0000  85.5012 300.0000
  15.000   1.5512   0.03428   0.01054   0.0057   0.2590   1.0000  85.5012 300.0000
  15.000   1.5512   0.03428   0.01054   0.0057   0.2590   1.0000  85.5012 300.0000
  15.000   1.5512   0.03428   0.01054   0.0057   0.2590   1.0000  85.5012 300.0000
  15.000   1.5512   0.03428   0.01054   0.0057   0.2590   1.0000  85.5012 300.0000
  16.000   1.5644   0.04183   0.01409   0.0070   0.2451   1.0000  87.0678 300.0000
  16.000   1.5644   0.04184   0.01409   0.0070   0.2451   1.0000  87.0679 300.0000
  16.000   1.5644   0.04184   0.01409   0.0070   0.2451   1.0000  87.0679 300.0000
  16.000   1.5644   0.04184   0.01409   0.0070   0.2451   1.0000  87.0679 300.0000
  16.000   1.5644   0.04184   0.01409   0.0070   0.2451   1.0000  87.0679 300.0000
  17.000   1.5599   0.05208   0.01978   0.0069   0.2300   1.0000  88.8130 300.0000
  17.000   1.5599   0.05208   0.01978   0.0069   0.2300   1.0000  88.8130 300.0000
  17.000   1.5599   0.05208   0.01978   0.0069   0.2300   1.0000  88.8130 300.0000
  17.000   1.5599   0.05208   0.01978   0.0069   0.2300   1.0000  88.8130 300.0000
  17.000   1.5599   0.05208   0.01978   0.0069   0.2300   1.0000  88.8130 300.0000
  18.000   1.5471   0.06378   0.02674   0.0059   0.2153   1.0000  90.5660 300.0000
  18.000   1.5471   0.06378   0.02674   0.0059   0.2153   1.0000  90.5660 300.0000
  18.000   1.5471   0.06378   0.02674   0.0059   0.2153   1.0000  90.5660 300.0000
  18.000   1.5471   0.06378   0.02674   0.0059   0.2153   1.0000  90.5660 300.0000
  18.000   1.5471   0.06378   0.02674   0.0059   0.2153   1.0000  90.5660 300.0000
  19.000   1.5273   0.07677   0.03503   0.0040   0.2007   1.0000  92.3557 300.0000
  19.000   1.5273   0.07677   0.03503   0.0040   0.2007   1.0000  92.3558 300.0000
  19.000   1.5273   0.07677   0.03503   0.0040   0.2007   1.0000  92.3558 300.0000
  19.000   1.5273   0.07677   0.03503   0.0040   0.2007   1.0000  92.3558 300.0000
  19.000   1.5273   0.07677   0.03503   0.0040   0.2007   1.0000  92.3558 300.0000
