  
       XFOIL         Version 6.99
  
 Calculated polar for: GOE 735 AIRFOIL                                 
  
 1 1 Reynolds number fixed          Mach number fixed         
  
 xtrf =   1.000 (top)        1.000 (bottom)  
 Mach =   0.000     Re =     0.425 e 6     Ncrit =   9.000  9.000
  
   alpha    CL        CD       CDp       CM     Top_Xtr  Bot_Xtr  Top_Itr  Bot_Itr
  ------ -------- --------- --------- -------- -------- -------- -------- --------
   0.000   0.2270   0.01087   0.00233  -0.0067   0.4329   0.6273  68.1990 251.0680
   0.000   0.2270   0.01087   0.00233  -0.0067   0.4329   0.6273  68.1990 251.0682
   0.000   0.2270   0.01087   0.00233  -0.0067   0.4329   0.6273  68.1990 251.0682
   0.000   0.2270   0.01087   0.00233  -0.0067   0.4329   0.6273  68.1990 251.0682
   0.000   0.2270   0.01087   0.00233  -0.0067   0.4329   0.6273  68.1990 251.0682
   1.000   0.3465   0.01074   0.00296  -0.0068   0.4175   0.8960  69.6013 274.7268
   1.000   0.3465   0.01074   0.00296  -0.0068   0.4175   0.8960  69.6014 274.7290
   1.000   0.3465   0.01074   0.00296  -0.0068   0.4175   0.8960  69.6014 274.7290
   1.000   0.3465   0.01074   0.00296  -0.0068   0.4175   0.8960  69.6014 274.7290
   1.000   0.3465   0.01074   0.00296  -0.0068   0.4175   0.8960  69.6014 274.7290
   2.000   0.4894   0.01177   0.00360  -0.0120   0.4031   0.9435  70.9266 282.0703
   2.000   0.4894   0.01177   0.00360  -0.0120   0.4031   0.9435  70.9266 282.0704
   2.000   0.4894   0.01177   0.00360  -0.0120   0.4031   0.9435  70.9266 282.0704
   2.000   0.4894   0.01177   0.00360  -0.0120   0.4031   0.9435  70.9266 282.0704
   2.000   0.4894   0.01177   0.00360  -0.0120   0.4031   0.9435  70.9266 282.0704
   3.000   0.6712   0.01300   0.00442  -0.0253   0.3883   0.9685  72.3119 288.0072
   3.000   0.6712   0.01300   0.00442  -0.0253   0.3883   0.9685  72.3119 288.0061
   3.000   0.6712   0.01300   0.00442  -0.0253   0.3883   0.9685  72.3119 288.0061
   3.000   0.6712   0.01300   0.00442  -0.0253   0.3883   0.9685  72.3119 288.0061
   3.000   0.6712   0.01300   0.00442  -0.0253   0.3883   0.9685  72.3119 288.0061
   4.000   0.8432   0.01369   0.00473  -0.0379   0.3748   0.9854  73.5930 293.5609
   4.000   0.8432   0.01369   0.00473  -0.0379   0.3748   0.9854  73.5930 293.5605
   4.000   0.8432   0.01369   0.00473  -0.0379   0.3748   0.9854  73.5930 293.5605
   4.000   0.8432   0.01369   0.00473  -0.0379   0.3748   0.9854  73.5930 293.5605
   4.000   0.8432   0.01369   0.00473  -0.0379   0.3748   0.9854  73.5930 293.5605
   5.000   0.9937   0.01411   0.00479  -0.0469   0.3629   0.9970  74.7422 298.4381
   5.000   0.9937   0.01411   0.00479  -0.0469   0.3629   0.9970  74.7422 298.4380
   5.000   0.9937   0.01411   0.00479  -0.0469   0.3629   0.9970  74.7422 298.4380
   5.000   0.9937   0.01411   0.00479  -0.0469   0.3629   0.9970  74.7422 298.4380
   5.000   0.9937   0.01411   0.00479  -0.0469   0.3629   0.9970  74.7422 298.4380
   6.000   1.1001   0.01468   0.00495  -0.0475   0.3524   1.0000  75.7605 300.0000
   6.000   1.1001   0.01469   0.00495  -0.0475   0.3524   1.0000  75.7605 300.0000
   6.000   1.1001   0.01469   0.00495  -0.0475   0.3524   1.0000  75.7605 300.0000
   6.000   1.1001   0.01469   0.00495  -0.0475   0.3524   1.0000  75.7605 300.0000
   6.000   1.1001   0.01469   0.00495  -0.0475   0.3524   1.0000  75.7605 300.0000
   7.000   1.1823   0.01546   0.00520  -0.0436   0.3426   1.0000  76.7288 300.0000
   7.000   1.1823   0.01546   0.00520  -0.0436   0.3426   1.0000  76.7288 300.0000
   7.000   1.1823   0.01546   0.00520  -0.0436   0.3426   1.0000  76.7288 300.0000
   7.000   1.1823   0.01546   0.00520  -0.0436   0.3426   1.0000  76.7288 300.0000
   7.000   1.1823   0.01546   0.00520  -0.0436   0.3426   1.0000  76.7288 300.0000
   8.000   1.2569   0.01638   0.00546  -0.0384   0.3329   1.0000  77.6986 300.0000
   8.000   1.2569   0.01638   0.00546  -0.0384   0.3329   1.0000  77.6986 300.0000
   8.000   1.2569   0.01638   0.00546  -0.0384   0.3329   1.0000  77.6986 300.0000
   8.000   1.2569   0.01638   0.00546  -0.0384   0.3329   1.0000  77.6986 300.0000
   8.000   1.2569   0.01638   0.00546  -0.0384   0.3329   1.0000  77.6986 300.0000
   9.000   1.3215   0.01747   0.00572  -0.0316   0.3238   1.0000  78.6171 300.0000
   9.000   1.3215   0.01747   0.00572  -0.0316   0.3238   1.0000  78.6171 300.0000
   9.000   1.3215   0.01747   0.00572  -0.0316   0.3238   1.0000  78.6171 300.0000
   9.000   1.3215   0.01747   0.00572  -0.0316   0.3238   1.0000  78.6171 300.0000
   9.000   1.3215   0.01747   0.00572  -0.0316   0.3238   1.0000  78.6171 300.0000
  10.000   1.3719   0.01875   0.00592  -0.0227   0.3151   1.0000  79.4971 300.0000
  10.000   1.3719   0.01875   0.00592  -0.0227   0.3151   1.0000  79.4972 300.0000
  10.000   1.3719   0.01875   0.00592  -0.0227   0.3151   1.0000  79.4972 300.0000
  10.000   1.3719   0.01875   0.00592  -0.0227   0.3151   1.0000  79.4972 300.0000
  10.000   1.3719   0.01875   0.00592  -0.0227   0.3151   1.0000  79.4972 300.0000
  11.000   1.3999   0.02030   0.00595  -0.0111   0.3070   1.0000  80.3416 300.0000
  11.000   1.3999   0.02030   0.00595  -0.0111   0.3070   1.0000  80.3416 300.0000
  11.000   1.3999   0.02030   0.00595  -0.0111   0.3070   1.0000  80.3416 300.0000
  11.000   1.3999   0.02030   0.00595  -0.0111   0.3070   1.0000  80.3416 300.0000
  11.000   1.3999   0.02030   0.00595  -0.0111   0.3070   1.0000  80.3416 300.0000
  12.000   1.4441   0.02255   0.00637  -0.0045   0.2981   1.0000  81.2694 300.0000
  12.000   1.4441   0.02255   0.00637  -0.0045   0.2981   1.0000  81.2692 300.0000
  12.000   1.4441   0.02255   0.00637  -0.0045   0.2981   1.0000  81.2692 300.0000
  12.000   1.4441   0.02255   0.00637  -0.0045   0.2981   1.0000  81.2692 300.0000
  12.000   1.4441   0.02255   0.00637  -0.0045   0.2981   1.0000  81.2692 300.0000
  13.000   1.4879   0.02554   0.00716   0.0004   0.2886   1.0000  82.2709 300.0000
  13.000   1.4879   0.02554   0.00716   0.0004   0.2886   1.0000  82.2709 300.0000
  13.000   1.4879   0.02554   0.00716   0.0004   0.2886   1.0000  82.2709 300.0000
  13.000   1.4879   0.02554   0.00716   0.0004   0.2886   1.0000  82.2709 300.0000
  13.000   1.4879   0.02554   0.00716   0.0004   0.2886   1.0000  82.2709 300.0000
  14.000   1.5260   0.02945   0.00844   0.0041   0.2787   1.0000  83.3336 300.0000
  14.000   1.5260   0.02945   0.00844   0.0041   0.2787   1.0000  83.3336 300.0000
  14.000   1.5260   0.02945   0.00844   0.0041   0.2787   1.0000  83.3336 300.0000
  14.000   1.5260   0.02945   0.00844   0.0041   0.2787   1.0000  83.3336 300.0000
  14.000   1.5260   0.02945   0.00844   0.0041   0.2787   1.0000  83.3336 300.0000
  15.000   1.5538   0.03455   0.01042   0.0070   0.2680   1.0000  84.4990 300.0000
  15.000   1.5538   0.03455   0.01042   0.0070   0.2680   1.0000  84.4990 300.0000
  15.000   1.5538   0.03455   0.01042   0.0070   0.2680   1.0000  84.4990 300.0000
  15.000   1.5538   0.03455   0.01042   0.0070   0.2680   1.0000  84.4990 300.0000
  15.000   1.5538   0.03455   0.01042   0.0070   0.2680   1.0000  84.4990 300.0000
  16.000   1.5714   0.04106   0.01310   0.0088   0.2549   1.0000  85.9560 300.0000
  16.000   1.5714   0.04106   0.01310   0.0088   0.2549   1.0000  85.9560 300.0000
  16.000   1.5714   0.04106   0.01310   0.0088   0.2549   1.0000  85.9560 300.0000
  16.000   1.5714   0.04106   0.01310   0.0088   0.2549   1.0000  85.9560 300.0000
  16.000   1.5714   0.04106   0.01310   0.0088   0.2549   1.0000  85.9560 300.0000
  17.000   1.5553   0.05201   0.01929   0.0088   0.2396   1.0000  87.6949 300.0000
  17.000   1.5553   0.05201   0.01929   0.0088   0.2396   1.0000  87.6948 300.0000
  17.000   1.5553   0.05201   0.01929   0.0088   0.2396   1.0000  87.6948 300.0000
  17.000   1.5553   0.05201   0.01929   0.0088   0.2396   1.0000  87.6948 300.0000
  17.000   1.5553   0.05201   0.01929   0.0088   0.2396   1.0000  87.6948 300.0000
  18.000   1.5412   0.06377   0.02628   0.0076   0.2249   1.0000  89.4128 300.0000
  18.000   1.5412   0.06377   0.02628   0.0076   0.2249   1.0000  89.4128 300.0000
  18.000   1.5412   0.06377   0.02628   0.0076   0.2249   1.0000  89.4128 300.0000
  18.000   1.5412   0.06377   0.02628   0.0076   0.2249   1.0000  89.4128 300.0000
  18.000   1.5412   0.06377   0.02628   0.0076   0.2249   1.0000  89.4128 300.0000
  19.000   1.5288   0.07590   0.03380   0.0056   0.2107   1.0000  91.1205 300.0000
  19.000   1.5288   0.07589   0.03380   0.0056   0.2107   1.0000  91.1204 300.0000
  19.000   1.5288   0.07589   0.03380   0.0056   0.2107   1.0000  91.1204 300.0000
  19.000   1.5288   0.07589   0.03380   0.0056   0.2107   1.0000  91.1204 300.0000
  19.000   1.5288   0.07589   0.03380   0.0056   0.2107   1.0000  91.1204 300.0000
