  
       XFOIL         Version 6.99
  
 Calculated polar for: GOE 735 AIRFOIL                                 
  
 1 1 Reynolds number fixed          Mach number fixed         
  
 xtrf =   1.000 (top)        1.000 (bottom)  
 Mach =   0.000     Re =     0.350 e 6     Ncrit =   9.000  9.000
  
   alpha    CL        CD       CDp       CM     Top_Xtr  Bot_Xtr  Top_Itr  Bot_Itr
  ------ -------- --------- --------- -------- -------- -------- -------- --------
   0.000   0.2195   0.01131   0.00286  -0.0052   0.4430   0.7347  67.2803 259.7595
   0.000   0.2195   0.01131   0.00286  -0.0052   0.4430   0.7347  67.2803 259.7590
   0.000   0.2195   0.01131   0.00286  -0.0052   0.4430   0.7347  67.2803 259.7589
   0.000   0.2195   0.01131   0.00286  -0.0052   0.4430   0.7347  67.2803 259.7589
   0.000   0.2195   0.01131   0.00286  -0.0052   0.4430   0.7347  67.2803 259.7589
   1.000   0.3650   0.01194   0.00369  -0.0101   0.4266   0.9134  68.7708 277.0160
   1.000   0.3650   0.01194   0.00369  -0.0101   0.4266   0.9134  68.7709 277.0167
   1.000   0.3650   0.01194   0.00369  -0.0101   0.4266   0.9134  68.7709 277.0167
   1.000   0.3650   0.01194   0.00369  -0.0101   0.4266   0.9134  68.7709 277.0167
   1.000   0.3650   0.01194   0.00369  -0.0101   0.4266   0.9134  68.7709 277.0167
   2.000   0.5228   0.01317   0.00447  -0.0182   0.4114   0.9485  70.1631 283.1059
   2.000   0.5228   0.01317   0.00447  -0.0182   0.4114   0.9485  70.1630 283.1073
   2.000   0.5228   0.01317   0.00447  -0.0182   0.4114   0.9485  70.1630 283.1073
   2.000   0.5228   0.01317   0.00447  -0.0182   0.4114   0.9485  70.1630 283.1073
   2.000   0.5228   0.01317   0.00447  -0.0182   0.4114   0.9485  70.1630 283.1073
   3.000   0.7180   0.01431   0.00519  -0.0342   0.3957   0.9764  71.6147 290.4182
   3.000   0.7180   0.01431   0.00519  -0.0342   0.3957   0.9764  71.6147 290.4199
   3.000   0.7180   0.01431   0.00519  -0.0342   0.3957   0.9764  71.6147 290.4199
   3.000   0.7180   0.01431   0.00519  -0.0342   0.3957   0.9764  71.6147 290.4199
   3.000   0.7180   0.01431   0.00519  -0.0342   0.3957   0.9764  71.6147 290.4199
   4.000   0.8913   0.01474   0.00523  -0.0473   0.3824   0.9951  72.8680 297.5516
   4.000   0.8913   0.01474   0.00523  -0.0473   0.3824   0.9951  72.8679 297.5612
   4.000   0.8913   0.01474   0.00523  -0.0473   0.3824   0.9951  72.8679 297.5613
   4.000   0.8913   0.01474   0.00523  -0.0473   0.3824   0.9951  72.8679 297.5613
   4.000   0.8913   0.01474   0.00523  -0.0473   0.3824   0.9951  72.8679 297.5613
   5.000   1.0084   0.01520   0.00530  -0.0500   0.3712   1.0000  73.9396 300.0000
   5.000   1.0084   0.01520   0.00530  -0.0500   0.3712   1.0000  73.9401 300.0000
   5.000   1.0084   0.01520   0.00530  -0.0500   0.3712   1.0000  73.9401 300.0000
   5.000   1.0084   0.01520   0.00530  -0.0500   0.3712   1.0000  73.9401 300.0000
   5.000   1.0084   0.01520   0.00530  -0.0500   0.3712   1.0000  73.9401 300.0000
   6.000   1.0959   0.01591   0.00557  -0.0469   0.3609   1.0000  74.9291 300.0000
   6.000   1.0959   0.01591   0.00557  -0.0469   0.3609   1.0000  74.9292 300.0000
   6.000   1.0959   0.01591   0.00557  -0.0469   0.3609   1.0000  74.9292 300.0000
   6.000   1.0959   0.01591   0.00557  -0.0469   0.3609   1.0000  74.9292 300.0000
   6.000   1.0959   0.01591   0.00557  -0.0469   0.3609   1.0000  74.9292 300.0000
   7.000   1.1788   0.01676   0.00588  -0.0431   0.3509   1.0000  75.9059 300.0000
   7.000   1.1788   0.01676   0.00588  -0.0431   0.3509   1.0000  75.9061 300.0000
   7.000   1.1788   0.01676   0.00588  -0.0431   0.3509   1.0000  75.9061 300.0000
   7.000   1.1788   0.01676   0.00588  -0.0431   0.3509   1.0000  75.9061 300.0000
   7.000   1.1788   0.01676   0.00588  -0.0431   0.3509   1.0000  75.9061 300.0000
   8.000   1.2551   0.01774   0.00620  -0.0382   0.3410   1.0000  76.8866 300.0000
   8.000   1.2551   0.01774   0.00620  -0.0382   0.3410   1.0000  76.8866 300.0000
   8.000   1.2551   0.01774   0.00620  -0.0382   0.3410   1.0000  76.8866 300.0000
   8.000   1.2551   0.01774   0.00620  -0.0382   0.3410   1.0000  76.8866 300.0000
   8.000   1.2551   0.01774   0.00620  -0.0382   0.3410   1.0000  76.8866 300.0000
   9.000   1.3230   0.01889   0.00653  -0.0321   0.3315   1.0000  77.8383 300.0000
   9.000   1.3230   0.01889   0.00653  -0.0321   0.3315   1.0000  77.8383 300.0000
   9.000   1.3230   0.01889   0.00653  -0.0321   0.3315   1.0000  77.8383 300.0000
   9.000   1.3230   0.01889   0.00653  -0.0321   0.3315   1.0000  77.8383 300.0000
   9.000   1.3230   0.01889   0.00653  -0.0321   0.3315   1.0000  77.8383 300.0000
  10.000   1.3800   0.02021   0.00683  -0.0244   0.3224   1.0000  78.7597 300.0000
  10.000   1.3800   0.02021   0.00683  -0.0244   0.3224   1.0000  78.7598 300.0000
  10.000   1.3800   0.02021   0.00683  -0.0244   0.3224   1.0000  78.7598 300.0000
  10.000   1.3800   0.02021   0.00683  -0.0244   0.3224   1.0000  78.7598 300.0000
  10.000   1.3800   0.02021   0.00683  -0.0244   0.3224   1.0000  78.7598 300.0000
  11.000   1.4152   0.02175   0.00697  -0.0137   0.3136   1.0000  79.6539 300.0000
  11.000   1.4152   0.02175   0.00697  -0.0137   0.3136   1.0000  79.6539 300.0000
  11.000   1.4152   0.02175   0.00697  -0.0137   0.3136   1.0000  79.6539 300.0000
  11.000   1.4152   0.02175   0.00697  -0.0137   0.3136   1.0000  79.6539 300.0000
  11.000   1.4152   0.02175   0.00697  -0.0137   0.3136   1.0000  79.6539 300.0000
  12.000   1.4504   0.02390   0.00729  -0.0052   0.3045   1.0000  80.5933 300.0000
  12.000   1.4504   0.02390   0.00729  -0.0052   0.3045   1.0000  80.5932 300.0000
  12.000   1.4504   0.02390   0.00729  -0.0052   0.3045   1.0000  80.5932 300.0000
  12.000   1.4504   0.02390   0.00729  -0.0052   0.3045   1.0000  80.5932 300.0000
  12.000   1.4504   0.02390   0.00729  -0.0052   0.3045   1.0000  80.5932 300.0000
  13.000   1.4906   0.02682   0.00800   0.0004   0.2950   1.0000  81.5942 300.0000
  13.000   1.4906   0.02682   0.00800   0.0004   0.2950   1.0000  81.5941 300.0000
  13.000   1.4906   0.02682   0.00800   0.0004   0.2950   1.0000  81.5941 300.0000
  13.000   1.4906   0.02682   0.00800   0.0004   0.2950   1.0000  81.5941 300.0000
  13.000   1.4906   0.02682   0.00800   0.0004   0.2950   1.0000  81.5941 300.0000
  14.000   1.5274   0.03058   0.00914   0.0045   0.2850   1.0000  82.6541 300.0000
  14.000   1.5274   0.03058   0.00914   0.0045   0.2850   1.0000  82.6541 300.0000
  14.000   1.5274   0.03058   0.00914   0.0045   0.2850   1.0000  82.6541 300.0000
  14.000   1.5274   0.03058   0.00914   0.0045   0.2850   1.0000  82.6541 300.0000
  14.000   1.5274   0.03058   0.00914   0.0045   0.2850   1.0000  82.6541 300.0000
  15.000   1.5591   0.03520   0.01072   0.0076   0.2746   1.0000  83.7787 300.0000
  15.000   1.5591   0.03520   0.01072   0.0076   0.2746   1.0000  83.7788 300.0000
  15.000   1.5591   0.03520   0.01072   0.0076   0.2746   1.0000  83.7788 300.0000
  15.000   1.5591   0.03520   0.01072   0.0076   0.2746   1.0000  83.7788 300.0000
  15.000   1.5591   0.03520   0.01072   0.0076   0.2746   1.0000  83.7788 300.0000
  16.000   1.5770   0.04123   0.01307   0.0098   0.2626   1.0000  85.0992 300.0000
  16.000   1.5770   0.04123   0.01307   0.0098   0.2626   1.0000  85.0992 300.0000
  16.000   1.5770   0.04123   0.01307   0.0098   0.2626   1.0000  85.0992 300.0000
  16.000   1.5770   0.04123   0.01307   0.0098   0.2626   1.0000  85.0992 300.0000
  16.000   1.5770   0.04123   0.01307   0.0098   0.2626   1.0000  85.0992 300.0000
  17.000   1.5570   0.05177   0.01880   0.0103   0.2473   1.0000  86.8163 300.0000
  17.000   1.5570   0.05177   0.01880   0.0103   0.2473   1.0000  86.8163 300.0000
  17.000   1.5570   0.05177   0.01880   0.0103   0.2473   1.0000  86.8163 300.0000
  17.000   1.5570   0.05177   0.01880   0.0103   0.2473   1.0000  86.8163 300.0000
  17.000   1.5570   0.05177   0.01880   0.0103   0.2473   1.0000  86.8163 300.0000
  18.000   1.5300   0.06473   0.02680   0.0089   0.2321   1.0000  88.5678 300.0000
  18.000   1.5300   0.06473   0.02680   0.0089   0.2321   1.0000  88.5678 300.0000
  18.000   1.5300   0.06473   0.02680   0.0089   0.2321   1.0000  88.5678 300.0000
  18.000   1.5300   0.06473   0.02680   0.0089   0.2321   1.0000  88.5678 300.0000
  18.000   1.5300   0.06473   0.02680   0.0089   0.2321   1.0000  88.5678 300.0000
  19.000   1.5119   0.07755   0.03504   0.0065   0.2178   1.0000  90.2654 300.0000
  19.000   1.5119   0.07755   0.03504   0.0065   0.2178   1.0000  90.2654 300.0000
  19.000   1.5119   0.07755   0.03504   0.0065   0.2178   1.0000  90.2654 300.0000
  19.000   1.5119   0.07755   0.03504   0.0065   0.2178   1.0000  90.2654 300.0000
  19.000   1.5119   0.07755   0.03504   0.0065   0.2178   1.0000  90.2654 300.0000
