  
       XFOIL         Version 6.99
  
 Calculated polar for: GOE 735 AIRFOIL                                 
  
 1 1 Reynolds number fixed          Mach number fixed         
  
 xtrf =   1.000 (top)        1.000 (bottom)  
 Mach =   0.000     Re =     0.500 e 6     Ncrit =   9.000  9.000
  
   alpha    CL        CD       CDp       CM     Top_Xtr  Bot_Xtr  Top_Itr  Bot_Itr
  ------ -------- --------- --------- -------- -------- -------- -------- --------
   0.000   0.2342   0.01058   0.00205  -0.0080   0.4248   0.5501  68.9334 244.9480
   0.000   0.2342   0.01058   0.00205  -0.0080   0.4248   0.5500  68.9334 244.9464
   0.000   0.2342   0.01058   0.00205  -0.0080   0.4248   0.5500  68.9334 244.9464
   0.000   0.2342   0.01058   0.00205  -0.0080   0.4248   0.5500  68.9334 244.9464
   0.000   0.2342   0.01058   0.00205  -0.0080   0.4248   0.5500  68.9334 244.9464
   1.000   0.3308   0.00993   0.00245  -0.0039   0.4107   0.8744  70.2260 272.2494
   1.000   0.3308   0.00993   0.00245  -0.0039   0.4107   0.8744  70.2260 272.2491
   1.000   0.3308   0.00993   0.00245  -0.0039   0.4107   0.8744  70.2260 272.2491
   1.000   0.3308   0.00993   0.00245  -0.0039   0.4107   0.8744  70.2260 272.2491
   1.000   0.3308   0.00993   0.00245  -0.0039   0.4107   0.8744  70.2260 272.2491
   2.000   0.4694   0.01074   0.00304  -0.0083   0.3962   0.9383  71.5726 281.0702
   2.000   0.4694   0.01074   0.00304  -0.0083   0.3962   0.9383  71.5725 281.0697
   2.000   0.4694   0.01074   0.00304  -0.0083   0.3962   0.9383  71.5725 281.0697
   2.000   0.4694   0.01074   0.00304  -0.0083   0.3962   0.9383  71.5725 281.0697
   2.000   0.4694   0.01074   0.00304  -0.0083   0.3962   0.9383  71.5725 281.0697
   3.000   0.6359   0.01190   0.00375  -0.0187   0.3823   0.9619  72.8748 286.2320
   3.000   0.6359   0.01190   0.00375  -0.0187   0.3823   0.9619  72.8748 286.2319
   3.000   0.6359   0.01190   0.00375  -0.0187   0.3823   0.9619  72.8748 286.2319
   3.000   0.6359   0.01190   0.00375  -0.0187   0.3823   0.9619  72.8748 286.2319
   3.000   0.6359   0.01190   0.00375  -0.0187   0.3823   0.9619  72.8748 286.2319
   4.000   0.8067   0.01280   0.00422  -0.0307   0.3693   0.9789  74.1215 291.2470
   4.000   0.8067   0.01280   0.00422  -0.0307   0.3693   0.9789  74.1215 291.2486
   4.000   0.8067   0.01280   0.00422  -0.0307   0.3693   0.9789  74.1215 291.2486
   4.000   0.8067   0.01280   0.00422  -0.0307   0.3693   0.9789  74.1215 291.2486
   4.000   0.8067   0.01280   0.00422  -0.0307   0.3693   0.9789  74.1215 291.2486
   5.000   0.9597   0.01335   0.00443  -0.0400   0.3572   0.9910  75.2891 295.7949
   5.000   0.9597   0.01335   0.00443  -0.0400   0.3572   0.9910  75.2891 295.7982
   5.000   0.9597   0.01335   0.00443  -0.0400   0.3572   0.9910  75.2891 295.7983
   5.000   0.9597   0.01335   0.00443  -0.0400   0.3572   0.9910  75.2891 295.7983
   5.000   0.9597   0.01335   0.00443  -0.0400   0.3572   0.9910  75.2891 295.7983
   6.000   1.1055   0.01382   0.00454  -0.0483   0.3459   1.0000  76.4013 300.0000
   6.000   1.1055   0.01382   0.00454  -0.0483   0.3459   1.0000  76.4013 300.0000
   6.000   1.1055   0.01382   0.00454  -0.0483   0.3459   1.0000  76.4013 300.0000
   6.000   1.1055   0.01382   0.00454  -0.0483   0.3459   1.0000  76.4013 300.0000
   6.000   1.1055   0.01382   0.00454  -0.0483   0.3459   1.0000  76.4013 300.0000
   7.000   1.1877   0.01455   0.00475  -0.0444   0.3362   1.0000  77.3635 300.0000
   7.000   1.1877   0.01455   0.00475  -0.0444   0.3362   1.0000  77.3635 300.0000
   7.000   1.1877   0.01455   0.00475  -0.0444   0.3362   1.0000  77.3635 300.0000
   7.000   1.1877   0.01455   0.00475  -0.0444   0.3362   1.0000  77.3635 300.0000
   7.000   1.1877   0.01455   0.00475  -0.0444   0.3362   1.0000  77.3635 300.0000
   8.000   1.2619   0.01543   0.00497  -0.0391   0.3267   1.0000  78.3183 300.0000
   8.000   1.2619   0.01543   0.00497  -0.0391   0.3267   1.0000  78.3183 300.0000
   8.000   1.2619   0.01543   0.00497  -0.0391   0.3267   1.0000  78.3183 300.0000
   8.000   1.2619   0.01543   0.00497  -0.0391   0.3267   1.0000  78.3183 300.0000
   8.000   1.2619   0.01543   0.00497  -0.0391   0.3267   1.0000  78.3183 300.0000
   9.000   1.3250   0.01647   0.00518  -0.0321   0.3180   1.0000  79.2064 300.0000
   9.000   1.3250   0.01647   0.00518  -0.0321   0.3180   1.0000  79.2064 300.0000
   9.000   1.3250   0.01647   0.00518  -0.0321   0.3180   1.0000  79.2064 300.0000
   9.000   1.3250   0.01647   0.00518  -0.0321   0.3180   1.0000  79.2064 300.0000
   9.000   1.3250   0.01647   0.00518  -0.0321   0.3180   1.0000  79.2064 300.0000
  10.000   1.3683   0.01768   0.00523  -0.0218   0.3097   1.0000  80.0537 300.0000
  10.000   1.3683   0.01767   0.00523  -0.0218   0.3097   1.0000  80.0538 300.0000
  10.000   1.3683   0.01767   0.00523  -0.0218   0.3097   1.0000  80.0538 300.0000
  10.000   1.3683   0.01767   0.00523  -0.0218   0.3097   1.0000  80.0538 300.0000
  10.000   1.3683   0.01767   0.00523  -0.0218   0.3097   1.0000  80.0538 300.0000
  11.000   1.3946   0.01936   0.00536  -0.0104   0.3015   1.0000  80.9085 300.0000
  11.000   1.3946   0.01936   0.00536  -0.0104   0.3015   1.0000  80.9085 300.0000
  11.000   1.3946   0.01936   0.00536  -0.0104   0.3015   1.0000  80.9085 300.0000
  11.000   1.3946   0.01936   0.00536  -0.0104   0.3015   1.0000  80.9085 300.0000
  11.000   1.3946   0.01936   0.00536  -0.0104   0.3015   1.0000  80.9085 300.0000
  12.000   1.4394   0.02179   0.00594  -0.0042   0.2927   1.0000  81.8406 300.0000
  12.000   1.4394   0.02179   0.00595  -0.0042   0.2927   1.0000  81.8405 300.0000
  12.000   1.4394   0.02179   0.00595  -0.0042   0.2927   1.0000  81.8405 300.0000
  12.000   1.4394   0.02179   0.00595  -0.0042   0.2927   1.0000  81.8405 300.0000
  12.000   1.4394   0.02179   0.00595  -0.0042   0.2927   1.0000  81.8405 300.0000
  13.000   1.4852   0.02490   0.00685   0.0001   0.2833   1.0000  82.8366 300.0000
  13.000   1.4852   0.02490   0.00685   0.0001   0.2833   1.0000  82.8365 300.0000
  13.000   1.4852   0.02490   0.00685   0.0001   0.2833   1.0000  82.8365 300.0000
  13.000   1.4852   0.02490   0.00685   0.0001   0.2833   1.0000  82.8365 300.0000
  13.000   1.4852   0.02490   0.00685   0.0001   0.2833   1.0000  82.8365 300.0000
  14.000   1.5270   0.02876   0.00811   0.0035   0.2736   1.0000  83.8889 300.0000
  14.000   1.5270   0.02876   0.00811   0.0035   0.2736   1.0000  83.8889 300.0000
  14.000   1.5270   0.02876   0.00811   0.0035   0.2736   1.0000  83.8889 300.0000
  14.000   1.5270   0.02876   0.00811   0.0035   0.2736   1.0000  83.8889 300.0000
  14.000   1.5270   0.02876   0.00811   0.0035   0.2736   1.0000  83.8889 300.0000
  15.000   1.5571   0.03386   0.01005   0.0062   0.2627   1.0000  85.0874 300.0000
  15.000   1.5571   0.03386   0.01005   0.0062   0.2627   1.0000  85.0874 300.0000
  15.000   1.5571   0.03386   0.01005   0.0062   0.2627   1.0000  85.0874 300.0000
  15.000   1.5571   0.03386   0.01005   0.0062   0.2627   1.0000  85.0874 300.0000
  15.000   1.5571   0.03386   0.01005   0.0062   0.2627   1.0000  85.0874 300.0000
  16.000   1.5601   0.04216   0.01422   0.0076   0.2483   1.0000  86.6984 300.0000
  16.000   1.5601   0.04216   0.01422   0.0076   0.2483   1.0000  86.6984 300.0000
  16.000   1.5601   0.04216   0.01422   0.0076   0.2483   1.0000  86.6984 300.0000
  16.000   1.5601   0.04216   0.01422   0.0076   0.2483   1.0000  86.6984 300.0000
  16.000   1.5601   0.04216   0.01422   0.0076   0.2483   1.0000  86.6984 300.0000
  17.000   1.5573   0.05212   0.01965   0.0076   0.2335   1.0000  88.4025 300.0000
  17.000   1.5573   0.05212   0.01965   0.0076   0.2335   1.0000  88.4024 300.0000
  17.000   1.5573   0.05212   0.01965   0.0076   0.2335   1.0000  88.4024 300.0000
  17.000   1.5573   0.05212   0.01965   0.0076   0.2335   1.0000  88.4024 300.0000
  17.000   1.5573   0.05212   0.01965   0.0076   0.2335   1.0000  88.4024 300.0000
  18.000   1.5491   0.06324   0.02608   0.0066   0.2191   1.0000  90.1018 300.0000
  18.000   1.5491   0.06324   0.02608   0.0066   0.2191   1.0000  90.1018 300.0000
  18.000   1.5491   0.06324   0.02608   0.0066   0.2191   1.0000  90.1018 300.0000
  18.000   1.5491   0.06324   0.02608   0.0066   0.2191   1.0000  90.1018 300.0000
  18.000   1.5491   0.06324   0.02608   0.0066   0.2191   1.0000  90.1018 300.0000
  19.000   1.5286   0.07633   0.03446   0.0046   0.2044   1.0000  91.8970 300.0000
  19.000   1.5286   0.07633   0.03446   0.0046   0.2044   1.0000  91.8970 300.0000
  19.000   1.5286   0.07633   0.03446   0.0046   0.2044   1.0000  91.8970 300.0000
  19.000   1.5286   0.07633   0.03446   0.0046   0.2044   1.0000  91.8970 300.0000
  19.000   1.5286   0.07633   0.03446   0.0046   0.2044   1.0000  91.8970 300.0000
