  
       XFOIL         Version 6.99
  
 Calculated polar for: GOE 735 AIRFOIL                                 
  
 1 1 Reynolds number fixed          Mach number fixed         
  
 xtrf =   1.000 (top)        1.000 (bottom)  
 Mach =   0.000     Re =     0.300 e 6     Ncrit =   9.000  9.000
  
   alpha    CL        CD       CDp       CM     Top_Xtr  Bot_Xtr  Top_Itr  Bot_Itr
  ------ -------- --------- --------- -------- -------- -------- -------- --------
   0.000   0.2272   0.01199   0.00351  -0.0065   0.4510   0.8076  66.5647 265.8942
   0.000   0.2272   0.01199   0.00351  -0.0065   0.4510   0.8076  66.5647 265.8927
   0.000   0.2272   0.01199   0.00351  -0.0065   0.4510   0.8076  66.5647 265.8927
   0.000   0.2272   0.01199   0.00351  -0.0065   0.4510   0.8076  66.5647 265.8927
   0.000   0.2272   0.01199   0.00351  -0.0065   0.4510   0.8076  66.5647 265.8927
   1.000   0.3855   0.01314   0.00442  -0.0137   0.4345   0.9220  68.0516 278.2970
   1.000   0.3855   0.01314   0.00442  -0.0137   0.4345   0.9220  68.0515 278.2976
   1.000   0.3855   0.01314   0.00442  -0.0137   0.4345   0.9220  68.0515 278.2976
   1.000   0.3855   0.01314   0.00442  -0.0137   0.4345   0.9220  68.0515 278.2976
   1.000   0.3855   0.01314   0.00442  -0.0137   0.4345   0.9220  68.0515 278.2976
   2.000   0.5540   0.01440   0.00530  -0.0239   0.4179   0.9541  69.5659 284.3298
   2.000   0.5540   0.01440   0.00530  -0.0239   0.4179   0.9541  69.5659 284.3298
   2.000   0.5540   0.01440   0.00530  -0.0239   0.4179   0.9541  69.5659 284.3298
   2.000   0.5540   0.01440   0.00530  -0.0239   0.4179   0.9541  69.5659 284.3298
   2.000   0.5540   0.01440   0.00530  -0.0239   0.4179   0.9541  69.5659 284.3298
   3.000   0.7549   0.01536   0.00573  -0.0412   0.4028   0.9847  70.9594 293.3025
   3.000   0.7549   0.01536   0.00573  -0.0412   0.4028   0.9847  70.9594 293.3025
   3.000   0.7549   0.01536   0.00573  -0.0412   0.4028   0.9847  70.9594 293.3025
   3.000   0.7549   0.01536   0.00573  -0.0412   0.4028   0.9847  70.9594 293.3025
   3.000   0.7549   0.01536   0.00573  -0.0412   0.4028   0.9847  70.9594 293.3025
   4.000   0.9148   0.01563   0.00575  -0.0521   0.3891   1.0000  72.2380 300.0000
   4.000   0.9148   0.01563   0.00575  -0.0521   0.3891   1.0000  72.2380 300.0000
   4.000   0.9148   0.01563   0.00575  -0.0521   0.3891   1.0000  72.2380 300.0000
   4.000   0.9148   0.01563   0.00575  -0.0521   0.3891   1.0000  72.2380 300.0000
   4.000   0.9148   0.01563   0.00575  -0.0521   0.3891   1.0000  72.2380 300.0000
   5.000   1.0044   0.01630   0.00603  -0.0495   0.3781   1.0000  73.2767 300.0000
   5.000   1.0044   0.01630   0.00603  -0.0495   0.3781   1.0000  73.2769 300.0000
   5.000   1.0044   0.01630   0.00603  -0.0495   0.3781   1.0000  73.2770 300.0000
   5.000   1.0044   0.01630   0.00603  -0.0495   0.3781   1.0000  73.2770 300.0000
   5.000   1.0044   0.01630   0.00603  -0.0495   0.3781   1.0000  73.2770 300.0000
   6.000   1.0914   0.01710   0.00638  -0.0464   0.3677   1.0000  74.2737 300.0000
   6.000   1.0914   0.01710   0.00638  -0.0464   0.3677   1.0000  74.2738 300.0000
   6.000   1.0914   0.01710   0.00638  -0.0464   0.3677   1.0000  74.2738 300.0000
   6.000   1.0914   0.01710   0.00638  -0.0464   0.3677   1.0000  74.2738 300.0000
   6.000   1.0914   0.01710   0.00638  -0.0464   0.3677   1.0000  74.2738 300.0000
   7.000   1.1739   0.01807   0.00677  -0.0426   0.3576   1.0000  75.2503 300.0000
   7.000   1.1739   0.01807   0.00677  -0.0426   0.3576   1.0000  75.2503 300.0000
   7.000   1.1739   0.01807   0.00677  -0.0426   0.3576   1.0000  75.2503 300.0000
   7.000   1.1739   0.01807   0.00677  -0.0426   0.3576   1.0000  75.2503 300.0000
   7.000   1.1739   0.01807   0.00677  -0.0426   0.3576   1.0000  75.2503 300.0000
   8.000   1.2508   0.01916   0.00717  -0.0378   0.3476   1.0000  76.2312 300.0000
   8.000   1.2508   0.01916   0.00717  -0.0378   0.3476   1.0000  76.2312 300.0000
   8.000   1.2508   0.01916   0.00717  -0.0378   0.3476   1.0000  76.2312 300.0000
   8.000   1.2508   0.01916   0.00717  -0.0378   0.3476   1.0000  76.2312 300.0000
   8.000   1.2508   0.01916   0.00717  -0.0378   0.3476   1.0000  76.2312 300.0000
   9.000   1.3217   0.02038   0.00753  -0.0322   0.3380   1.0000  77.1885 300.0000
   9.000   1.3217   0.02038   0.00753  -0.0322   0.3380   1.0000  77.1886 300.0000
   9.000   1.3217   0.02038   0.00753  -0.0322   0.3380   1.0000  77.1886 300.0000
   9.000   1.3217   0.02038   0.00753  -0.0322   0.3380   1.0000  77.1886 300.0000
   9.000   1.3217   0.02038   0.00753  -0.0322   0.3380   1.0000  77.1886 300.0000
  10.000   1.3868   0.02173   0.00784  -0.0259   0.3287   1.0000  78.1186 300.0000
  10.000   1.3868   0.02173   0.00784  -0.0259   0.3287   1.0000  78.1187 300.0000
  10.000   1.3868   0.02173   0.00784  -0.0259   0.3287   1.0000  78.1187 300.0000
  10.000   1.3868   0.02173   0.00784  -0.0259   0.3287   1.0000  78.1187 300.0000
  10.000   1.3868   0.02173   0.00784  -0.0259   0.3287   1.0000  78.1187 300.0000
  11.000   1.4451   0.02322   0.00804  -0.0189   0.3195   1.0000  79.0477 300.0000
  11.000   1.4451   0.02322   0.00804  -0.0189   0.3195   1.0000  79.0477 300.0000
  11.000   1.4451   0.02322   0.00804  -0.0189   0.3195   1.0000  79.0477 300.0000
  11.000   1.4451   0.02322   0.00804  -0.0189   0.3195   1.0000  79.0477 300.0000
  11.000   1.4451   0.02322   0.00804  -0.0189   0.3195   1.0000  79.0477 300.0000
  12.000   1.4826   0.02494   0.00810  -0.0094   0.3104   1.0000  79.9823 300.0000
  12.000   1.4826   0.02494   0.00810  -0.0094   0.3104   1.0000  79.9822 300.0000
  12.000   1.4826   0.02494   0.00810  -0.0094   0.3104   1.0000  79.9822 300.0000
  12.000   1.4826   0.02494   0.00810  -0.0094   0.3104   1.0000  79.9822 300.0000
  12.000   1.4826   0.02494   0.00810  -0.0094   0.3104   1.0000  79.9822 300.0000
  13.000   1.5164   0.02750   0.00852  -0.0019   0.3009   1.0000  80.9713 300.0000
  13.000   1.5164   0.02750   0.00852  -0.0019   0.3009   1.0000  80.9713 300.0000
  13.000   1.5164   0.02750   0.00852  -0.0019   0.3009   1.0000  80.9713 300.0000
  13.000   1.5164   0.02750   0.00852  -0.0019   0.3009   1.0000  80.9713 300.0000
  13.000   1.5164   0.02750   0.00852  -0.0019   0.3009   1.0000  80.9713 300.0000
  14.000   1.5511   0.03093   0.00938   0.0032   0.2909   1.0000  82.0243 300.0000
  14.000   1.5511   0.03093   0.00938   0.0032   0.2909   1.0000  82.0243 300.0000
  14.000   1.5511   0.03093   0.00938   0.0032   0.2909   1.0000  82.0243 300.0000
  14.000   1.5511   0.03093   0.00938   0.0032   0.2909   1.0000  82.0243 300.0000
  14.000   1.5511   0.03093   0.00938   0.0032   0.2909   1.0000  82.0243 300.0000
  15.000   1.5545   0.03685   0.01184   0.0080   0.2799   1.0000  83.2071 300.0000
  15.000   1.5545   0.03685   0.01184   0.0080   0.2799   1.0000  83.2073 300.0000
  15.000   1.5545   0.03685   0.01184   0.0080   0.2799   1.0000  83.2073 300.0000
  15.000   1.5545   0.03685   0.01184   0.0080   0.2799   1.0000  83.2073 300.0000
  15.000   1.5545   0.03685   0.01184   0.0080   0.2799   1.0000  83.2073 300.0000
  16.000   1.5462   0.04482   0.01575   0.0108   0.2678   1.0000  84.5262 300.0000
  16.000   1.5462   0.04482   0.01575   0.0108   0.2678   1.0000  84.5262 300.0000
  16.000   1.5462   0.04482   0.01575   0.0108   0.2678   1.0000  84.5262 300.0000
  16.000   1.5462   0.04482   0.01575   0.0108   0.2678   1.0000  84.5262 300.0000
  16.000   1.5462   0.04482   0.01575   0.0108   0.2678   1.0000  84.5262 300.0000
  17.000   1.5634   0.05161   0.01849   0.0115   0.2540   1.0000  86.0627 300.0000
  17.000   1.5634   0.05161   0.01849   0.0115   0.2540   1.0000  86.0627 300.0000
  17.000   1.5634   0.05161   0.01849   0.0115   0.2540   1.0000  86.0627 300.0000
  17.000   1.5634   0.05161   0.01849   0.0115   0.2540   1.0000  86.0627 300.0000
  17.000   1.5634   0.05161   0.01849   0.0115   0.2540   1.0000  86.0627 300.0000
  18.000   1.5230   0.06551   0.02723   0.0100   0.2382   1.0000  87.8545 300.0000
  18.000   1.5230   0.06551   0.02723   0.0100   0.2382   1.0000  87.8545 300.0000
  18.000   1.5230   0.06551   0.02723   0.0100   0.2382   1.0000  87.8545 300.0000
  18.000   1.5230   0.06551   0.02723   0.0100   0.2382   1.0000  87.8545 300.0000
  18.000   1.5230   0.06551   0.02723   0.0100   0.2382   1.0000  87.8545 300.0000
  19.000   1.4669   0.08296   0.03987   0.0065   0.2224   1.0000  89.7102 300.0000
  19.000   1.4669   0.08296   0.03987   0.0065   0.2224   1.0000  89.7102 300.0000
  19.000   1.4668   0.08296   0.03987   0.0065   0.2224   1.0000  89.7102 300.0000
  19.000   1.4668   0.08296   0.03987   0.0065   0.2224   1.0000  89.7102 300.0000
  19.000   1.4668   0.08296   0.03987   0.0065   0.2224   1.0000  89.7102 300.0000
