  
       XFOIL         Version 6.99
  
 Calculated polar for: GOE 735 AIRFOIL                                 
  
 1 1 Reynolds number fixed          Mach number fixed         
  
 xtrf =   1.000 (top)        1.000 (bottom)  
 Mach =   0.000     Re =     0.375 e 6     Ncrit =   9.000  9.000
  
   alpha    CL        CD       CDp       CM     Top_Xtr  Bot_Xtr  Top_Itr  Bot_Itr
  ------ -------- --------- --------- -------- -------- -------- -------- --------
   0.000   0.2211   0.01111   0.00264  -0.0056   0.4392   0.6939  67.6312 256.4172
   0.000   0.2211   0.01111   0.00264  -0.0056   0.4392   0.6939  67.6312 256.4179
   0.000   0.2211   0.01111   0.00264  -0.0056   0.4392   0.6939  67.6312 256.4179
   0.000   0.2211   0.01111   0.00264  -0.0056   0.4392   0.6939  67.6312 256.4179
   0.000   0.2211   0.01111   0.00264  -0.0056   0.4392   0.6939  67.6312 256.4179
   1.000   0.3593   0.01153   0.00338  -0.0092   0.4236   0.9075  69.0365 276.2016
   1.000   0.3593   0.01153   0.00338  -0.0092   0.4236   0.9075  69.0364 276.2014
   1.000   0.3593   0.01153   0.00338  -0.0092   0.4236   0.9075  69.0364 276.2014
   1.000   0.3593   0.01153   0.00338  -0.0092   0.4236   0.9075  69.0364 276.2014
   1.000   0.3593   0.01153   0.00338  -0.0092   0.4236   0.9075  69.0364 276.2014
   2.000   0.5124   0.01265   0.00418  -0.0163   0.4080   0.9458  70.4737 282.5347
   2.000   0.5124   0.01265   0.00418  -0.0163   0.4080   0.9458  70.4737 282.5352
   2.000   0.5124   0.01265   0.00418  -0.0163   0.4080   0.9458  70.4737 282.5352
   2.000   0.5124   0.01265   0.00418  -0.0163   0.4080   0.9458  70.4737 282.5352
   2.000   0.5124   0.01265   0.00418  -0.0163   0.4080   0.9458  70.4737 282.5352
   3.000   0.7023   0.01384   0.00489  -0.0312   0.3932   0.9731  71.8548 289.3911
   3.000   0.7023   0.01384   0.00489  -0.0312   0.3932   0.9731  71.8548 289.3929
   3.000   0.7023   0.01384   0.00489  -0.0312   0.3932   0.9731  71.8548 289.3929
   3.000   0.7023   0.01384   0.00489  -0.0312   0.3932   0.9731  71.8548 289.3929
   3.000   0.7023   0.01384   0.00489  -0.0312   0.3932   0.9731  71.8548 289.3929
   4.000   0.8733   0.01442   0.00506  -0.0437   0.3799   0.9916  73.1067 296.0376
   4.000   0.8733   0.01442   0.00506  -0.0437   0.3799   0.9916  73.1067 296.0371
   4.000   0.8733   0.01442   0.00506  -0.0437   0.3799   0.9916  73.1067 296.0371
   4.000   0.8733   0.01442   0.00506  -0.0437   0.3799   0.9916  73.1067 296.0371
   4.000   0.8733   0.01442   0.00506  -0.0437   0.3799   0.9916  73.1067 296.0371
   5.000   1.0096   0.01478   0.00513  -0.0502   0.3679   1.0000  74.2507 300.0000
   5.000   1.0096   0.01478   0.00513  -0.0502   0.3679   1.0000  74.2508 300.0000
   5.000   1.0096   0.01478   0.00513  -0.0502   0.3679   1.0000  74.2508 300.0000
   5.000   1.0096   0.01478   0.00513  -0.0502   0.3679   1.0000  74.2508 300.0000
   5.000   1.0096   0.01478   0.00513  -0.0502   0.3679   1.0000  74.2508 300.0000
   6.000   1.0967   0.01548   0.00537  -0.0471   0.3578   1.0000  75.2311 300.0000
   6.000   1.0967   0.01548   0.00537  -0.0471   0.3578   1.0000  75.2311 300.0000
   6.000   1.0967   0.01548   0.00537  -0.0471   0.3578   1.0000  75.2311 300.0000
   6.000   1.0967   0.01548   0.00537  -0.0471   0.3578   1.0000  75.2311 300.0000
   6.000   1.0967   0.01548   0.00537  -0.0471   0.3578   1.0000  75.2311 300.0000
   7.000   1.1795   0.01630   0.00564  -0.0432   0.3480   1.0000  76.1969 300.0000
   7.000   1.1795   0.01630   0.00564  -0.0432   0.3480   1.0000  76.1969 300.0000
   7.000   1.1795   0.01630   0.00564  -0.0432   0.3480   1.0000  76.1969 300.0000
   7.000   1.1795   0.01630   0.00564  -0.0432   0.3480   1.0000  76.1969 300.0000
   7.000   1.1795   0.01630   0.00564  -0.0432   0.3480   1.0000  76.1969 300.0000
   8.000   1.2555   0.01726   0.00592  -0.0383   0.3382   1.0000  77.1674 300.0000
   8.000   1.2555   0.01726   0.00592  -0.0383   0.3382   1.0000  77.1675 300.0000
   8.000   1.2555   0.01726   0.00592  -0.0383   0.3382   1.0000  77.1675 300.0000
   8.000   1.2555   0.01726   0.00592  -0.0383   0.3382   1.0000  77.1675 300.0000
   8.000   1.2555   0.01726   0.00592  -0.0383   0.3382   1.0000  77.1675 300.0000
   9.000   1.3246   0.01836   0.00617  -0.0323   0.3289   1.0000  78.0952 300.0000
   9.000   1.3246   0.01836   0.00617  -0.0323   0.3289   1.0000  78.0953 300.0000
   9.000   1.3246   0.01836   0.00617  -0.0323   0.3289   1.0000  78.0953 300.0000
   9.000   1.3246   0.01836   0.00617  -0.0323   0.3289   1.0000  78.0953 300.0000
   9.000   1.3246   0.01836   0.00617  -0.0323   0.3289   1.0000  78.0953 300.0000
  10.000   1.3868   0.01959   0.00635  -0.0253   0.3200   1.0000  78.9984 300.0000
  10.000   1.3868   0.01959   0.00635  -0.0253   0.3200   1.0000  78.9984 300.0000
  10.000   1.3868   0.01959   0.00635  -0.0253   0.3200   1.0000  78.9984 300.0000
  10.000   1.3868   0.01959   0.00635  -0.0253   0.3200   1.0000  78.9984 300.0000
  10.000   1.3868   0.01959   0.00635  -0.0253   0.3200   1.0000  78.9984 300.0000
  11.000   1.4168   0.02105   0.00645  -0.0136   0.3113   1.0000  79.8861 300.0000
  11.000   1.4168   0.02105   0.00645  -0.0136   0.3113   1.0000  79.8861 300.0000
  11.000   1.4168   0.02105   0.00645  -0.0136   0.3113   1.0000  79.8860 300.0000
  11.000   1.4168   0.02105   0.00645  -0.0136   0.3113   1.0000  79.8860 300.0000
  11.000   1.4168   0.02105   0.00645  -0.0136   0.3113   1.0000  79.8860 300.0000
  12.000   1.4525   0.02320   0.00678  -0.0053   0.3023   1.0000  80.8271 300.0000
  12.000   1.4525   0.02320   0.00678  -0.0053   0.3023   1.0000  80.8269 300.0000
  12.000   1.4525   0.02320   0.00678  -0.0053   0.3023   1.0000  80.8269 300.0000
  12.000   1.4525   0.02320   0.00678  -0.0053   0.3023   1.0000  80.8269 300.0000
  12.000   1.4525   0.02320   0.00678  -0.0053   0.3023   1.0000  80.8269 300.0000
  13.000   1.4945   0.02606   0.00746   0.0001   0.2928   1.0000  81.8261 300.0000
  13.000   1.4945   0.02606   0.00746   0.0001   0.2928   1.0000  81.8259 300.0000
  13.000   1.4945   0.02606   0.00746   0.0001   0.2928   1.0000  81.8259 300.0000
  13.000   1.4945   0.02606   0.00746   0.0001   0.2928   1.0000  81.8259 300.0000
  13.000   1.4945   0.02606   0.00746   0.0001   0.2928   1.0000  81.8259 300.0000
  14.000   1.5348   0.02964   0.00849   0.0041   0.2830   1.0000  82.8723 300.0000
  14.000   1.5348   0.02964   0.00849   0.0041   0.2830   1.0000  82.8724 300.0000
  14.000   1.5348   0.02964   0.00849   0.0041   0.2830   1.0000  82.8724 300.0000
  14.000   1.5348   0.02964   0.00849   0.0041   0.2830   1.0000  82.8724 300.0000
  14.000   1.5348   0.02964   0.00849   0.0041   0.2830   1.0000  82.8724 300.0000
  15.000   1.5731   0.03383   0.00975   0.0069   0.2727   1.0000  83.9810 300.0000
  15.000   1.5731   0.03383   0.00975   0.0069   0.2727   1.0000  83.9809 300.0000
  15.000   1.5731   0.03383   0.00975   0.0069   0.2727   1.0000  83.9809 300.0000
  15.000   1.5731   0.03383   0.00975   0.0069   0.2727   1.0000  83.9809 300.0000
  15.000   1.5731   0.03383   0.00975   0.0069   0.2727   1.0000  83.9809 300.0000
  16.000   1.5629   0.04212   0.01384   0.0096   0.2595   1.0000  85.4410 300.0000
  16.000   1.5629   0.04212   0.01384   0.0096   0.2595   1.0000  85.4410 300.0000
  16.000   1.5629   0.04212   0.01384   0.0096   0.2595   1.0000  85.4410 300.0000
  16.000   1.5629   0.04212   0.01384   0.0096   0.2595   1.0000  85.4410 300.0000
  16.000   1.5629   0.04212   0.01384   0.0096   0.2595   1.0000  85.4410 300.0000
  17.000   1.5648   0.05091   0.01818   0.0099   0.2449   1.0000  87.0904 300.0000
  17.000   1.5648   0.05091   0.01818   0.0099   0.2449   1.0000  87.0904 300.0000
  17.000   1.5648   0.05091   0.01818   0.0099   0.2449   1.0000  87.0904 300.0000
  17.000   1.5648   0.05091   0.01818   0.0099   0.2449   1.0000  87.0904 300.0000
  17.000   1.5648   0.05091   0.01818   0.0099   0.2449   1.0000  87.0904 300.0000
  18.000   1.5419   0.06344   0.02579   0.0086   0.2298   1.0000  88.8349 300.0000
  18.000   1.5419   0.06344   0.02579   0.0086   0.2298   1.0000  88.8349 300.0000
  18.000   1.5419   0.06344   0.02579   0.0086   0.2298   1.0000  88.8350 300.0000
  18.000   1.5419   0.06344   0.02579   0.0086   0.2298   1.0000  88.8350 300.0000
  18.000   1.5419   0.06344   0.02579   0.0086   0.2298   1.0000  88.8350 300.0000
  19.000   1.5130   0.07758   0.03517   0.0060   0.2150   1.0000  90.6065 300.0000
  19.000   1.5130   0.07757   0.03517   0.0060   0.2150   1.0000  90.6065 300.0000
  19.000   1.5130   0.07757   0.03517   0.0060   0.2150   1.0000  90.6065 300.0000
  19.000   1.5130   0.07757   0.03517   0.0060   0.2150   1.0000  90.6065 300.0000
  19.000   1.5130   0.07757   0.03517   0.0060   0.2150   1.0000  90.6065 300.0000
