  
       XFOIL         Version 6.99
  
 Calculated polar for: NACA 65(4)-221                                  
  
 1 1 Reynolds number fixed          Mach number fixed         
  
 xtrf =   1.000 (top)        1.000 (bottom)  
 Mach =   0.000     Re =     0.500 e 6     Ncrit =   9.000  9.000
  
   alpha    CL        CD       CDp       CM     Top_Xtr  Bot_Xtr  Top_Itr  Bot_Itr
  ------ -------- --------- --------- -------- -------- -------- -------- --------
   0.000   0.1692   0.01055   0.00336  -0.0379   0.6467   0.6465  51.4318 248.7780
   0.000   0.1692   0.01055   0.00336  -0.0379   0.6467   0.6465  51.4321 248.7776
   0.000   0.1692   0.01055   0.00336  -0.0379   0.6467   0.6465  51.4321 248.7776
   0.000   0.1692   0.01055   0.00336  -0.0379   0.6467   0.6465  51.4321 248.7776
   0.000   0.1692   0.01055   0.00336  -0.0379   0.6467   0.6465  51.4321 248.7776
   1.000   0.2877   0.01063   0.00339  -0.0403   0.6385   0.6550  52.2216 249.5710
   1.000   0.2877   0.01063   0.00339  -0.0403   0.6385   0.6551  52.2217 249.5712
   1.000   0.2877   0.01063   0.00339  -0.0403   0.6385   0.6551  52.2217 249.5712
   1.000   0.2877   0.01063   0.00339  -0.0403   0.6385   0.6551  52.2217 249.5712
   1.000   0.2877   0.01063   0.00339  -0.0403   0.6385   0.6551  52.2217 249.5712
   2.000   0.4065   0.01077   0.00343  -0.0427   0.6304   0.6642  52.9927 250.4130
   2.000   0.4065   0.01077   0.00343  -0.0427   0.6304   0.6642  52.9927 250.4130
   2.000   0.4065   0.01077   0.00343  -0.0427   0.6304   0.6642  52.9927 250.4130
   2.000   0.4065   0.01077   0.00343  -0.0427   0.6304   0.6642  52.9927 250.4130
   2.000   0.4065   0.01077   0.00343  -0.0427   0.6304   0.6642  52.9927 250.4130
   3.000   0.5234   0.01095   0.00358  -0.0449   0.6215   0.6740  53.8514 251.3157
   3.000   0.5234   0.01095   0.00358  -0.0449   0.6215   0.6740  53.8514 251.3158
   3.000   0.5234   0.01095   0.00358  -0.0449   0.6215   0.6740  53.8514 251.3158
   3.000   0.5234   0.01095   0.00358  -0.0449   0.6215   0.6740  53.8514 251.3158
   3.000   0.5234   0.01095   0.00358  -0.0449   0.6215   0.6740  53.8514 251.3158
   4.000   0.6401   0.01112   0.00363  -0.0469   0.6110   0.6845  54.8714 252.2782
   4.000   0.6401   0.01112   0.00363  -0.0469   0.6110   0.6845  54.8714 252.2782
   4.000   0.6401   0.01112   0.00363  -0.0469   0.6110   0.6845  54.8714 252.2782
   4.000   0.6401   0.01112   0.00363  -0.0469   0.6110   0.6845  54.8714 252.2782
   4.000   0.6401   0.01112   0.00363  -0.0469   0.6110   0.6845  54.8714 252.2782
   5.000   0.7529   0.01099   0.00325  -0.0479   0.5909   0.6958  56.8355 253.3033
   5.000   0.7529   0.01099   0.00325  -0.0479   0.5909   0.6958  56.8355 253.3033
   5.000   0.7529   0.01099   0.00325  -0.0479   0.5909   0.6958  56.8355 253.3033
   5.000   0.7529   0.01099   0.00325  -0.0479   0.5909   0.6958  56.8355 253.3033
   5.000   0.7529   0.01099   0.00325  -0.0479   0.5909   0.6958  56.8355 253.3033
   6.000   0.8592   0.01079   0.00267  -0.0477   0.5597   0.7082  59.9336 254.4169
   6.000   0.8592   0.01079   0.00267  -0.0477   0.5597   0.7082  59.9347 254.4169
   6.000   0.8592   0.01079   0.00267  -0.0477   0.5597   0.7082  59.9347 254.4169
   6.000   0.8592   0.01079   0.00267  -0.0477   0.5597   0.7082  59.9347 254.4169
   6.000   0.8592   0.01079   0.00267  -0.0477   0.5597   0.7082  59.9347 254.4169
   7.000   0.9581   0.01097   0.00233  -0.0464   0.5131   0.7221  64.6791 255.6702
   7.000   0.9581   0.01097   0.00233  -0.0464   0.5131   0.7221  64.6790 255.6702
   7.000   0.9581   0.01097   0.00233  -0.0464   0.5131   0.7221  64.6790 255.6702
   7.000   0.9581   0.01097   0.00233  -0.0464   0.5131   0.7221  64.6790 255.6702
   7.000   0.9581   0.01097   0.00233  -0.0464   0.5131   0.7221  64.6790 255.6702
   8.000   0.9917   0.01328   0.00255  -0.0350   0.3622   0.7385  80.3258 257.1366
   8.000   0.9917   0.01328   0.00255  -0.0350   0.3622   0.7385  80.3223 257.1364
   8.000   0.9917   0.01328   0.00255  -0.0350   0.3622   0.7385  80.3225 257.1363
   8.000   0.9917   0.01328   0.00255  -0.0350   0.3622   0.7385  80.3225 257.1363
   8.000   0.9917   0.01328   0.00255  -0.0350   0.3622   0.7385  80.3225 257.1363
   9.000   0.9662   0.02036   0.00607  -0.0211   0.1879   0.7581  98.2047 258.8767
   9.000   0.9662   0.02036   0.00607  -0.0211   0.1879   0.7581  98.2043 258.8767
   9.000   0.9662   0.02036   0.00607  -0.0211   0.1879   0.7581  98.2046 258.8767
   9.000   0.9662   0.02036   0.00607  -0.0211   0.1879   0.7581  98.2046 258.8767
   9.000   0.9662   0.02036   0.00607  -0.0211   0.1879   0.7581  98.2046 258.8767
  10.000   0.9524   0.02856   0.01091  -0.0122   0.0576   0.7786 116.0895 260.7156
  10.000   0.9524   0.02856   0.01091  -0.0122   0.0576   0.7786 116.0901 260.7157
  10.000   0.9524   0.02856   0.01091  -0.0122   0.0576   0.7786 116.0901 260.7157
  10.000   0.9524   0.02856   0.01091  -0.0122   0.0576   0.7786 116.0901 260.7157
  10.000   0.9524   0.02856   0.01091  -0.0122   0.0576   0.7786 116.0901 260.7157
  11.000   0.9826   0.03454   0.01465  -0.0081   0.0393   0.8016 120.8832 262.8137
  11.000   0.9826   0.03454   0.01465  -0.0081   0.0393   0.8016 120.8837 262.8147
  11.000   0.9826   0.03454   0.01465  -0.0081   0.0393   0.8016 120.8837 262.8147
  11.000   0.9826   0.03454   0.01465  -0.0081   0.0393   0.8016 120.8837 262.8147
  11.000   0.9826   0.03454   0.01465  -0.0081   0.0393   0.8016 120.8837 262.8147
  12.000   1.0177   0.04061   0.01866  -0.0051   0.0340   0.8275 122.6359 265.2424
  12.000   1.0177   0.04061   0.01866  -0.0051   0.0340   0.8275 122.6359 265.2433
  12.000   1.0177   0.04061   0.01866  -0.0051   0.0340   0.8275 122.6359 265.2433
  12.000   1.0177   0.04061   0.01866  -0.0051   0.0340   0.8275 122.6359 265.2433
  12.000   1.0177   0.04061   0.01866  -0.0051   0.0340   0.8275 122.6359 265.2433
  13.000   1.0486   0.04735   0.02327  -0.0025   0.0310   0.8581 123.7392 268.2472
  13.000   1.0486   0.04735   0.02327  -0.0025   0.0310   0.8581 123.7391 268.2462
  13.000   1.0486   0.04735   0.02327  -0.0025   0.0310   0.8581 123.7391 268.2462
  13.000   1.0486   0.04735   0.02327  -0.0025   0.0310   0.8581 123.7391 268.2462
  13.000   1.0486   0.04735   0.02327  -0.0025   0.0310   0.8581 123.7391 268.2462
  14.000   1.0769   0.05432   0.02811   0.0000   0.0287   0.8983 124.5961 272.6650
  14.000   1.0769   0.05432   0.02811   0.0000   0.0287   0.8982 124.5960 272.6629
  14.000   1.0769   0.05432   0.02811   0.0000   0.0287   0.8982 124.5960 272.6629
  14.000   1.0769   0.05432   0.02811   0.0000   0.0287   0.8982 124.5960 272.6629
  14.000   1.0769   0.05432   0.02811   0.0000   0.0287   0.8982 124.5960 272.6629
  15.000   1.1073   0.06110   0.03273   0.0018   0.0272   1.0000 125.2412 300.0000
  15.000   1.1073   0.06110   0.03273   0.0018   0.0271   1.0000 125.2413 300.0000
  15.000   1.1073   0.06110   0.03273   0.0018   0.0271   1.0000 125.2413 300.0000
  15.000   1.1073   0.06110   0.03273   0.0018   0.0271   1.0000 125.2413 300.0000
  15.000   1.1073   0.06110   0.03273   0.0018   0.0271   1.0000 125.2413 300.0000
  16.000   1.1499   0.06809   0.03733   0.0013   0.0256   1.0000 125.9142 300.0000
  16.000   1.1499   0.06809   0.03733   0.0013   0.0256   1.0000 125.9143 300.0000
  16.000   1.1499   0.06809   0.03733   0.0013   0.0256   1.0000 125.9144 300.0000
  16.000   1.1499   0.06809   0.03733   0.0013   0.0256   1.0000 125.9144 300.0000
  16.000   1.1499   0.06809   0.03733   0.0013   0.0256   1.0000 125.9144 300.0000
  17.000   1.1905   0.07524   0.04217   0.0010   0.0244   1.0000 126.4421 300.0000
  17.000   1.1905   0.07525   0.04217   0.0010   0.0244   1.0000 126.4423 300.0000
  17.000   1.1905   0.07525   0.04217   0.0010   0.0244   1.0000 126.4423 300.0000
  17.000   1.1905   0.07525   0.04217   0.0010   0.0244   1.0000 126.4423 300.0000
  17.000   1.1905   0.07525   0.04217   0.0010   0.0244   1.0000 126.4423 300.0000
  18.000   1.2358   0.08168   0.04618   0.0006   0.0233   1.0000 126.9260 300.0000
  18.000   1.2358   0.08168   0.04618   0.0006   0.0233   1.0000 126.9259 300.0000
  18.000   1.2358   0.08168   0.04618   0.0006   0.0233   1.0000 126.9259 300.0000
  18.000   1.2358   0.08168   0.04618   0.0006   0.0233   1.0000 126.9259 300.0000
  18.000   1.2358   0.08168   0.04618   0.0006   0.0233   1.0000 126.9259 300.0000
  19.000   1.2595   0.09128   0.05398  -0.0010   0.0224   1.0000 127.3341 300.0000
  19.000   1.2595   0.09129   0.05398  -0.0010   0.0224   1.0000 127.3343 300.0000
  19.000   1.2595   0.09129   0.05398  -0.0010   0.0224   1.0000 127.3343 300.0000
  19.000   1.2595   0.09129   0.05398  -0.0010   0.0224   1.0000 127.3343 300.0000
  19.000   1.2595   0.09129   0.05398  -0.0010   0.0224   1.0000 127.3343 300.0000
