  
       XFOIL         Version 6.99
  
 Calculated polar for: NACA 64(4)-421                                  
  
 1 1 Reynolds number fixed          Mach number fixed         
  
 xtrf =   1.000 (top)        1.000 (bottom)  
 Mach =   0.000     Re =     0.500 e 6     Ncrit =   9.000  9.000
  
   alpha    CL        CD       CDp       CM     Top_Xtr  Bot_Xtr  Top_Itr  Bot_Itr
  ------ -------- --------- --------- -------- -------- -------- -------- --------
   0.000   0.3312   0.01048   0.00255  -0.0723   0.5824   0.5785  24.2685 135.4662
   0.000   0.3312   0.01048   0.00255  -0.0723   0.5824   0.5785  24.2685 135.4662
   0.000   0.3312   0.01048   0.00255  -0.0723   0.5824   0.5785  24.2685 135.4662
   0.000   0.3312   0.01048   0.00255  -0.0723   0.5824   0.5785  24.2685 135.4662
   0.000   0.3312   0.01048   0.00255  -0.0723   0.5824   0.5785  24.2685 135.4662
   1.000   0.4490   0.01064   0.00253  -0.0741   0.5721   0.5881  24.8270 135.9601
   1.000   0.4490   0.01064   0.00253  -0.0741   0.5721   0.5881  24.8270 135.9601
   1.000   0.4490   0.01064   0.00253  -0.0741   0.5721   0.5881  24.8270 135.9601
   1.000   0.4490   0.01064   0.00253  -0.0741   0.5721   0.5881  24.8270 135.9601
   1.000   0.4490   0.01064   0.00253  -0.0741   0.5721   0.5881  24.8270 135.9601
   2.000   0.5655   0.01085   0.00274  -0.0758   0.5638   0.6001  25.2821 136.5692
   2.000   0.5655   0.01085   0.00274  -0.0758   0.5638   0.6001  25.2821 136.5692
   2.000   0.5655   0.01085   0.00274  -0.0758   0.5638   0.6001  25.2821 136.5692
   2.000   0.5655   0.01085   0.00274  -0.0758   0.5638   0.6001  25.2821 136.5692
   2.000   0.5655   0.01085   0.00274  -0.0758   0.5638   0.6001  25.2821 136.5692
   3.000   0.6819   0.01106   0.00282  -0.0774   0.5542   0.6134  25.8069 137.2468
   3.000   0.6819   0.01106   0.00282  -0.0774   0.5542   0.6134  25.8069 137.2468
   3.000   0.6819   0.01106   0.00282  -0.0774   0.5542   0.6134  25.8069 137.2468
   3.000   0.6819   0.01106   0.00282  -0.0774   0.5542   0.6134  25.8069 137.2468
   3.000   0.6819   0.01106   0.00282  -0.0774   0.5542   0.6134  25.8069 137.2468
   4.000   0.7970   0.01148   0.00307  -0.0788   0.5455   0.6290  26.2839 138.0339
   4.000   0.7970   0.01148   0.00307  -0.0788   0.5455   0.6290  26.2839 138.0337
   4.000   0.7970   0.01148   0.00307  -0.0788   0.5455   0.6290  26.2839 138.0337
   4.000   0.7970   0.01148   0.00307  -0.0788   0.5455   0.6290  26.2839 138.0337
   4.000   0.7970   0.01148   0.00307  -0.0788   0.5455   0.6290  26.2839 138.0337
   5.000   0.9113   0.01178   0.00318  -0.0800   0.5350   0.6474  26.8693 138.9567
   5.000   0.9113   0.01178   0.00318  -0.0800   0.5350   0.6474  26.8693 138.9567
   5.000   0.9113   0.01178   0.00318  -0.0800   0.5350   0.6474  26.8693 138.9567
   5.000   0.9113   0.01178   0.00318  -0.0800   0.5350   0.6474  26.8693 138.9567
   5.000   0.9113   0.01178   0.00318  -0.0800   0.5350   0.6474  26.8693 138.9567
   6.000   1.0189   0.01195   0.00294  -0.0798   0.5147   0.6687  27.9971 140.0174
   6.000   1.0189   0.01195   0.00294  -0.0798   0.5147   0.6687  27.9971 140.0173
   6.000   1.0189   0.01195   0.00294  -0.0798   0.5147   0.6687  27.9971 140.0173
   6.000   1.0189   0.01195   0.00294  -0.0798   0.5147   0.6687  27.9971 140.0173
   6.000   1.0189   0.01195   0.00294  -0.0798   0.5147   0.6687  27.9971 140.0173
   7.000   1.1201   0.01213   0.00282  -0.0786   0.4958   0.6917  29.0670 141.1555
   7.000   1.1201   0.01213   0.00282  -0.0786   0.4958   0.6917  29.0670 141.1555
   7.000   1.1201   0.01213   0.00282  -0.0786   0.4958   0.6917  29.0670 141.1555
   7.000   1.1201   0.01213   0.00282  -0.0786   0.4958   0.6917  29.0670 141.1555
   7.000   1.1201   0.01213   0.00282  -0.0786   0.4958   0.6917  29.0670 141.1555
   8.000   1.2059   0.01238   0.00252  -0.0745   0.4656   0.7166  30.7923 142.3902
   8.000   1.2059   0.01238   0.00252  -0.0745   0.4656   0.7166  30.7926 142.3902
   8.000   1.2059   0.01238   0.00252  -0.0745   0.4656   0.7166  30.7926 142.3902
   8.000   1.2059   0.01238   0.00252  -0.0745   0.4656   0.7166  30.7926 142.3902
   8.000   1.2059   0.01238   0.00252  -0.0745   0.4656   0.7166  30.7926 142.3902
   9.000   1.2641   0.01308   0.00222  -0.0657   0.4212   0.7444  33.4205 143.7855
   9.000   1.2641   0.01308   0.00222  -0.0657   0.4212   0.7444  33.4205 143.7855
   9.000   1.2641   0.01308   0.00222  -0.0657   0.4212   0.7444  33.4205 143.7855
   9.000   1.2641   0.01308   0.00222  -0.0657   0.4212   0.7444  33.4205 143.7855
   9.000   1.2641   0.01308   0.00222  -0.0657   0.4212   0.7444  33.4205 143.7855
  10.000   1.2391   0.01711   0.00306  -0.0469   0.3161   0.7771  39.8246 145.4610
  10.000   1.2391   0.01711   0.00306  -0.0469   0.3161   0.7771  39.8246 145.4611
  10.000   1.2391   0.01711   0.00306  -0.0469   0.3161   0.7771  39.8246 145.4611
  10.000   1.2391   0.01711   0.00306  -0.0469   0.3161   0.7771  39.8246 145.4611
  10.000   1.2391   0.01711   0.00306  -0.0469   0.3161   0.7771  39.8246 145.4611
  11.000   1.1961   0.02488   0.00686  -0.0323   0.2178   0.8162  45.7986 147.5312
  11.000   1.1961   0.02488   0.00686  -0.0323   0.2178   0.8162  45.7987 147.5312
  11.000   1.1961   0.02488   0.00686  -0.0323   0.2178   0.8162  45.7987 147.5312
  11.000   1.1961   0.02488   0.00686  -0.0323   0.2178   0.8162  45.7987 147.5312
  11.000   1.1961   0.02488   0.00686  -0.0323   0.2178   0.8162  45.7987 147.5312
  12.000   1.1711   0.03359   0.01208  -0.0234   0.1492   0.8688  50.3071 150.4723
  12.000   1.1711   0.03359   0.01208  -0.0234   0.1492   0.8688  50.3071 150.4721
  12.000   1.1711   0.03359   0.01208  -0.0234   0.1492   0.8688  50.3071 150.4721
  12.000   1.1711   0.03359   0.01208  -0.0234   0.1492   0.8688  50.3071 150.4721
  12.000   1.1711   0.03359   0.01208  -0.0234   0.1492   0.8688  50.3071 150.4721
  13.000   1.1703   0.04244   0.01800  -0.0197   0.1014   1.0000  54.0813 160.0000
  13.000   1.1703   0.04244   0.01800  -0.0197   0.1014   1.0000  54.0817 160.0000
  13.000   1.1703   0.04244   0.01800  -0.0197   0.1014   1.0000  54.0817 160.0000
  13.000   1.1703   0.04244   0.01800  -0.0197   0.1014   1.0000  54.0817 160.0000
  13.000   1.1703   0.04244   0.01800  -0.0197   0.1014   1.0000  54.0817 160.0000
  14.000   1.1847   0.05156   0.02423  -0.0187   0.0703   1.0000  57.3481 160.0000
  14.000   1.1847   0.05156   0.02423  -0.0187   0.0703   1.0000  57.3483 160.0000
  14.000   1.1847   0.05156   0.02423  -0.0187   0.0703   1.0000  57.3483 160.0000
  14.000   1.1847   0.05156   0.02423  -0.0187   0.0703   1.0000  57.3483 160.0000
  14.000   1.1847   0.05156   0.02423  -0.0187   0.0703   1.0000  57.3483 160.0000
  15.000   1.2004   0.06127   0.03118  -0.0188   0.0518   1.0000  59.9338 160.0000
  15.000   1.2004   0.06127   0.03118  -0.0188   0.0518   1.0000  59.9338 160.0000
  15.000   1.2004   0.06127   0.03118  -0.0188   0.0518   1.0000  59.9337 160.0000
  15.000   1.2004   0.06127   0.03118  -0.0188   0.0518   1.0000  59.9337 160.0000
  15.000   1.2004   0.06127   0.03118  -0.0188   0.0518   1.0000  59.9337 160.0000
  16.000   1.2204   0.07118   0.03854  -0.0199   0.0419   1.0000  61.6803 160.0000
  16.000   1.2204   0.07118   0.03854  -0.0199   0.0419   1.0000  61.6803 160.0000
  16.000   1.2204   0.07118   0.03854  -0.0199   0.0419   1.0000  61.6803 160.0000
  16.000   1.2204   0.07118   0.03854  -0.0199   0.0419   1.0000  61.6803 160.0000
  16.000   1.2204   0.07118   0.03854  -0.0199   0.0419   1.0000  61.6803 160.0000
  17.000   1.2343   0.08245   0.04742  -0.0221   0.0358   1.0000  62.9218 160.0000
  17.000   1.2343   0.08245   0.04742  -0.0221   0.0358   1.0000  62.9219 160.0000
  17.000   1.2343   0.08245   0.04742  -0.0221   0.0358   1.0000  62.9219 160.0000
  17.000   1.2343   0.08245   0.04742  -0.0221   0.0358   1.0000  62.9219 160.0000
  17.000   1.2343   0.08245   0.04742  -0.0221   0.0358   1.0000  62.9219 160.0000
  18.000   1.2481   0.09432   0.05732  -0.0254   0.0316   1.0000  63.8858 160.0000
  18.000   1.2481   0.09432   0.05732  -0.0254   0.0316   1.0000  63.8861 160.0000
  18.000   1.2481   0.09432   0.05732  -0.0254   0.0316   1.0000  63.8860 160.0000
  18.000   1.2481   0.09432   0.05732  -0.0254   0.0316   1.0000  63.8860 160.0000
  18.000   1.2481   0.09432   0.05732  -0.0254   0.0316   1.0000  63.8860 160.0000
  19.000   1.2622   0.10653   0.06829  -0.0296   0.0284   1.0000  64.6873 160.0000
  19.000   1.2622   0.10653   0.06829  -0.0296   0.0284   1.0000  64.6875 160.0000
  19.000   1.2622   0.10653   0.06829  -0.0296   0.0284   1.0000  64.6875 160.0000
  19.000   1.2622   0.10653   0.06829  -0.0296   0.0284   1.0000  64.6875 160.0000
  19.000   1.2622   0.10653   0.06829  -0.0296   0.0284   1.0000  64.6875 160.0000
