  
       XFOIL         Version 6.99
  
 Calculated polar for: NACA 64(4)-421                                  
  
 1 1 Reynolds number fixed          Mach number fixed         
  
 xtrf =   1.000 (top)        1.000 (bottom)  
 Mach =   0.000     Re =     0.425 e 6     Ncrit =   9.000  9.000
  
   alpha    CL        CD       CDp       CM     Top_Xtr  Bot_Xtr  Top_Itr  Bot_Itr
  ------ -------- --------- --------- -------- -------- -------- -------- --------
   0.000   0.3299   0.01141   0.00311  -0.0720   0.5916   0.5883  23.7699 135.9701
   0.000   0.3299   0.01141   0.00311  -0.0720   0.5916   0.5883  23.7699 135.9702
   0.000   0.3299   0.01141   0.00311  -0.0720   0.5916   0.5883  23.7699 135.9702
   0.000   0.3299   0.01141   0.00311  -0.0720   0.5916   0.5883  23.7699 135.9702
   0.000   0.3299   0.01141   0.00311  -0.0720   0.5916   0.5883  23.7699 135.9702
   1.000   0.4463   0.01152   0.00323  -0.0736   0.5814   0.5980  24.3215 136.4658
   1.000   0.4463   0.01152   0.00323  -0.0736   0.5814   0.5980  24.3215 136.4658
   1.000   0.4463   0.01152   0.00323  -0.0736   0.5814   0.5980  24.3215 136.4658
   1.000   0.4463   0.01152   0.00323  -0.0736   0.5814   0.5980  24.3215 136.4658
   1.000   0.4463   0.01152   0.00323  -0.0736   0.5814   0.5980  24.3215 136.4658
   2.000   0.5637   0.01176   0.00332  -0.0755   0.5727   0.6102  24.7972 137.0827
   2.000   0.5637   0.01176   0.00332  -0.0755   0.5727   0.6102  24.7972 137.0826
   2.000   0.5637   0.01176   0.00332  -0.0755   0.5727   0.6102  24.7972 137.0826
   2.000   0.5637   0.01176   0.00332  -0.0755   0.5727   0.6102  24.7972 137.0826
   2.000   0.5637   0.01176   0.00332  -0.0755   0.5727   0.6102  24.7972 137.0826
   3.000   0.6786   0.01210   0.00358  -0.0769   0.5633   0.6237  25.3110 137.7683
   3.000   0.6786   0.01210   0.00358  -0.0769   0.5633   0.6237  25.3110 137.7683
   3.000   0.6786   0.01210   0.00358  -0.0769   0.5633   0.6237  25.3110 137.7683
   3.000   0.6786   0.01210   0.00358  -0.0769   0.5633   0.6237  25.3110 137.7683
   3.000   0.6786   0.01210   0.00358  -0.0769   0.5633   0.6237  25.3110 137.7683
   4.000   0.7941   0.01241   0.00377  -0.0784   0.5541   0.6393  25.8124 138.5508
   4.000   0.7941   0.01241   0.00377  -0.0784   0.5541   0.6393  25.8124 138.5508
   4.000   0.7941   0.01241   0.00377  -0.0784   0.5541   0.6393  25.8124 138.5508
   4.000   0.7941   0.01241   0.00377  -0.0784   0.5541   0.6393  25.8124 138.5508
   4.000   0.7941   0.01241   0.00377  -0.0784   0.5541   0.6393  25.8124 138.5508
   5.000   0.9061   0.01289   0.00410  -0.0793   0.5444   0.6576  26.3490 139.4662
   5.000   0.9061   0.01289   0.00410  -0.0793   0.5444   0.6576  26.3490 139.4662
   5.000   0.9061   0.01289   0.00410  -0.0793   0.5444   0.6576  26.3490 139.4662
   5.000   0.9061   0.01289   0.00410  -0.0793   0.5444   0.6576  26.3490 139.4662
   5.000   0.9061   0.01289   0.00410  -0.0793   0.5444   0.6576  26.3490 139.4662
   6.000   1.0134   0.01295   0.00383  -0.0790   0.5254   0.6792  27.4032 140.5359
   6.000   1.0134   0.01295   0.00383  -0.0790   0.5254   0.6792  27.4032 140.5359
   6.000   1.0134   0.01295   0.00383  -0.0790   0.5254   0.6792  27.4032 140.5359
   6.000   1.0134   0.01295   0.00383  -0.0790   0.5254   0.6792  27.4032 140.5359
   6.000   1.0134   0.01295   0.00383  -0.0790   0.5254   0.6792  27.4032 140.5359
   7.000   1.1153   0.01309   0.00355  -0.0778   0.5048   0.7026  28.5563 141.6927
   7.000   1.1153   0.01309   0.00355  -0.0778   0.5048   0.7025  28.5563 141.6921
   7.000   1.1153   0.01309   0.00355  -0.0778   0.5048   0.7025  28.5563 141.6921
   7.000   1.1153   0.01309   0.00355  -0.0778   0.5048   0.7025  28.5563 141.6921
   7.000   1.1153   0.01309   0.00355  -0.0778   0.5048   0.7025  28.5563 141.6921
   8.000   1.2035   0.01330   0.00306  -0.0742   0.4758   0.7282  30.2043 142.9682
   8.000   1.2035   0.01330   0.00306  -0.0742   0.4758   0.7282  30.2043 142.9681
   8.000   1.2035   0.01330   0.00306  -0.0742   0.4758   0.7282  30.2043 142.9681
   8.000   1.2035   0.01330   0.00306  -0.0742   0.4758   0.7282  30.2043 142.9681
   8.000   1.2035   0.01330   0.00306  -0.0742   0.4758   0.7282  30.2043 142.9681
   9.000   1.2627   0.01382   0.00270  -0.0655   0.4381   0.7558  32.4096 144.3666
   9.000   1.2627   0.01382   0.00270  -0.0655   0.4381   0.7558  32.4096 144.3662
   9.000   1.2627   0.01382   0.00270  -0.0655   0.4381   0.7558  32.4096 144.3662
   9.000   1.2627   0.01382   0.00270  -0.0655   0.4381   0.7558  32.4096 144.3662
   9.000   1.2627   0.01382   0.00270  -0.0655   0.4381   0.7558  32.4096 144.3662
  10.000   1.2520   0.01687   0.00297  -0.0481   0.3478   0.7904  37.9164 146.1548
  10.000   1.2520   0.01687   0.00297  -0.0481   0.3478   0.7904  37.9165 146.1549
  10.000   1.2520   0.01687   0.00297  -0.0481   0.3478   0.7904  37.9165 146.1549
  10.000   1.2520   0.01687   0.00297  -0.0481   0.3478   0.7904  37.9165 146.1549
  10.000   1.2520   0.01687   0.00297  -0.0481   0.3478   0.7904  37.9165 146.1549
  11.000   1.2019   0.02450   0.00651  -0.0320   0.2464   0.8318  44.0357 148.3840
  11.000   1.2019   0.02450   0.00651  -0.0320   0.2464   0.8318  44.0357 148.3839
  11.000   1.2019   0.02450   0.00651  -0.0320   0.2464   0.8318  44.0357 148.3839
  11.000   1.2019   0.02450   0.00651  -0.0320   0.2464   0.8318  44.0357 148.3839
  11.000   1.2019   0.02450   0.00651  -0.0320   0.2464   0.8318  44.0357 148.3839
  12.000   1.1644   0.03354   0.01187  -0.0215   0.1710   0.8987  48.8003 152.2577
  12.000   1.1644   0.03354   0.01187  -0.0215   0.1711   0.8987  48.7993 152.2579
  12.000   1.1644   0.03354   0.01187  -0.0215   0.1711   0.8987  48.7993 152.2580
  12.000   1.1644   0.03354   0.01187  -0.0215   0.1711   0.8987  48.7993 152.2580
  12.000   1.1644   0.03354   0.01187  -0.0215   0.1711   0.8987  48.7993 152.2580
  13.000   1.1605   0.04338   0.01852  -0.0190   0.1139   1.0000  52.9968 160.0000
  13.000   1.1605   0.04338   0.01852  -0.0190   0.1139   1.0000  52.9970 160.0000
  13.000   1.1605   0.04338   0.01852  -0.0190   0.1139   1.0000  52.9970 160.0000
  13.000   1.1605   0.04338   0.01852  -0.0190   0.1139   1.0000  52.9970 160.0000
  13.000   1.1605   0.04338   0.01852  -0.0190   0.1139   1.0000  52.9970 160.0000
  14.000   1.1716   0.05290   0.02513  -0.0181   0.0784   1.0000  56.4001 160.0000
  14.000   1.1716   0.05290   0.02513  -0.0181   0.0784   1.0000  56.3995 160.0000
  14.000   1.1716   0.05290   0.02513  -0.0181   0.0784   1.0000  56.3994 160.0000
  14.000   1.1716   0.05290   0.02513  -0.0181   0.0784   1.0000  56.3994 160.0000
  14.000   1.1716   0.05290   0.02513  -0.0181   0.0784   1.0000  56.3994 160.0000
  15.000   1.1846   0.06301   0.03247  -0.0183   0.0572   1.0000  59.1050 160.0000
  15.000   1.1846   0.06301   0.03247  -0.0183   0.0572   1.0000  59.1049 160.0000
  15.000   1.1846   0.06301   0.03247  -0.0183   0.0572   1.0000  59.1049 160.0000
  15.000   1.1846   0.06301   0.03247  -0.0183   0.0572   1.0000  59.1049 160.0000
  15.000   1.1846   0.06301   0.03247  -0.0183   0.0572   1.0000  59.1049 160.0000
  16.000   1.2002   0.07357   0.04049  -0.0197   0.0461   1.0000  60.9099 160.0000
  16.000   1.2002   0.07357   0.04049  -0.0197   0.0461   1.0000  60.9100 160.0000
  16.000   1.2002   0.07357   0.04049  -0.0197   0.0461   1.0000  60.9100 160.0000
  16.000   1.2002   0.07357   0.04049  -0.0197   0.0461   1.0000  60.9100 160.0000
  16.000   1.2002   0.07357   0.04049  -0.0197   0.0461   1.0000  60.9100 160.0000
  17.000   1.2171   0.08456   0.04922  -0.0220   0.0391   1.0000  62.2330 160.0000
  17.000   1.2171   0.08456   0.04922  -0.0220   0.0391   1.0000  62.2334 160.0000
  17.000   1.2171   0.08456   0.04922  -0.0220   0.0391   1.0000  62.2334 160.0000
  17.000   1.2171   0.08456   0.04922  -0.0220   0.0391   1.0000  62.2334 160.0000
  17.000   1.2171   0.08456   0.04922  -0.0220   0.0391   1.0000  62.2334 160.0000
  18.000   1.2317   0.09636   0.05919  -0.0253   0.0343   1.0000  63.2623 160.0000
  18.000   1.2317   0.09636   0.05919  -0.0253   0.0343   1.0000  63.2623 160.0000
  18.000   1.2317   0.09636   0.05919  -0.0253   0.0343   1.0000  63.2623 160.0000
  18.000   1.2317   0.09636   0.05919  -0.0253   0.0343   1.0000  63.2623 160.0000
  18.000   1.2317   0.09636   0.05919  -0.0253   0.0343   1.0000  63.2623 160.0000
  19.000   1.2469   0.10829   0.06999  -0.0294   0.0308   1.0000  64.0903 160.0000
  19.000   1.2469   0.10830   0.06999  -0.0294   0.0308   1.0000  64.0904 160.0000
  19.000   1.2469   0.10830   0.06999  -0.0294   0.0308   1.0000  64.0904 160.0000
  19.000   1.2469   0.10830   0.06999  -0.0294   0.0308   1.0000  64.0904 160.0000
  19.000   1.2469   0.10830   0.06999  -0.0294   0.0308   1.0000  64.0904 160.0000
