  
       XFOIL         Version 6.99
  
 Calculated polar for: NACA 64(4)-421                                  
  
 1 1 Reynolds number fixed          Mach number fixed         
  
 xtrf =   1.000 (top)        1.000 (bottom)  
 Mach =   0.000     Re =     0.350 e 6     Ncrit =   9.000  9.000
  
   alpha    CL        CD       CDp       CM     Top_Xtr  Bot_Xtr  Top_Itr  Bot_Itr
  ------ -------- --------- --------- -------- -------- -------- -------- --------
   0.000   0.3268   0.01274   0.00416  -0.0713   0.6038   0.6008  23.1115 136.6064
   0.000   0.3268   0.01274   0.00416  -0.0713   0.6038   0.6008  23.1115 136.6066
   0.000   0.3268   0.01274   0.00416  -0.0713   0.6038   0.6008  23.1115 136.6066
   0.000   0.3268   0.01274   0.00416  -0.0713   0.6038   0.6008  23.1115 136.6066
   0.000   0.3268   0.01274   0.00416  -0.0713   0.6038   0.6008  23.1115 136.6066
   1.000   0.4431   0.01280   0.00416  -0.0730   0.5929   0.6110  23.6969 137.1232
   1.000   0.4431   0.01280   0.00416  -0.0730   0.5929   0.6110  23.6969 137.1230
   1.000   0.4431   0.01280   0.00416  -0.0730   0.5929   0.6110  23.6969 137.1230
   1.000   0.4431   0.01280   0.00416  -0.0730   0.5929   0.6110  23.6969 137.1230
   1.000   0.4431   0.01280   0.00416  -0.0730   0.5929   0.6110  23.6969 137.1230
   2.000   0.5591   0.01319   0.00442  -0.0747   0.5844   0.6231  24.1585 137.7377
   2.000   0.5591   0.01319   0.00442  -0.0747   0.5844   0.6231  24.1585 137.7377
   2.000   0.5591   0.01319   0.00442  -0.0747   0.5844   0.6231  24.1585 137.7377
   2.000   0.5591   0.01319   0.00442  -0.0747   0.5844   0.6231  24.1585 137.7377
   2.000   0.5591   0.01319   0.00442  -0.0747   0.5844   0.6231  24.1585 137.7377
   3.000   0.6734   0.01345   0.00464  -0.0760   0.5744   0.6364  24.7033 138.4029
   3.000   0.6734   0.01345   0.00464  -0.0760   0.5744   0.6364  24.7033 138.4029
   3.000   0.6734   0.01345   0.00464  -0.0760   0.5744   0.6364  24.7033 138.4029
   3.000   0.6734   0.01345   0.00464  -0.0760   0.5744   0.6364  24.7033 138.4029
   3.000   0.6734   0.01345   0.00464  -0.0760   0.5744   0.6364  24.7033 138.4029
   4.000   0.7874   0.01398   0.00496  -0.0774   0.5654   0.6524  25.1941 139.2073
   4.000   0.7874   0.01398   0.00496  -0.0774   0.5654   0.6524  25.1941 139.2074
   4.000   0.7874   0.01398   0.00496  -0.0774   0.5654   0.6524  25.1941 139.2074
   4.000   0.7874   0.01398   0.00496  -0.0774   0.5654   0.6524  25.1941 139.2074
   4.000   0.7874   0.01398   0.00496  -0.0774   0.5654   0.6524  25.1941 139.2074
   5.000   0.8996   0.01442   0.00528  -0.0784   0.5552   0.6713  25.7497 140.1424
   5.000   0.8996   0.01442   0.00528  -0.0784   0.5552   0.6713  25.7497 140.1424
   5.000   0.8996   0.01442   0.00528  -0.0784   0.5552   0.6713  25.7497 140.1424
   5.000   0.8996   0.01442   0.00528  -0.0784   0.5552   0.6713  25.7497 140.1424
   5.000   0.8996   0.01442   0.00528  -0.0784   0.5552   0.6713  25.7497 140.1424
   6.000   1.0076   0.01456   0.00510  -0.0783   0.5380   0.6926  26.7010 141.2015
   6.000   1.0076   0.01456   0.00510  -0.0783   0.5380   0.6926  26.7010 141.2015
   6.000   1.0076   0.01456   0.00510  -0.0783   0.5380   0.6926  26.7010 141.2015
   6.000   1.0076   0.01456   0.00510  -0.0783   0.5380   0.6926  26.7010 141.2015
   6.000   1.0076   0.01456   0.00510  -0.0783   0.5380   0.6926  26.7010 141.2015
   7.000   1.1121   0.01452   0.00453  -0.0774   0.5161   0.7159  27.9198 142.3544
   7.000   1.1121   0.01452   0.00453  -0.0774   0.5161   0.7159  27.9198 142.3544
   7.000   1.1121   0.01452   0.00453  -0.0774   0.5161   0.7159  27.9198 142.3544
   7.000   1.1121   0.01452   0.00453  -0.0774   0.5161   0.7159  27.9198 142.3544
   7.000   1.1121   0.01452   0.00453  -0.0774   0.5161   0.7159  27.9198 142.3544
   8.000   1.1975   0.01460   0.00402  -0.0732   0.4880   0.7420  29.5079 143.6636
   8.000   1.1975   0.01460   0.00402  -0.0732   0.4880   0.7420  29.5079 143.6636
   8.000   1.1975   0.01460   0.00402  -0.0732   0.4880   0.7420  29.5079 143.6636
   8.000   1.1975   0.01460   0.00402  -0.0732   0.4880   0.7420  29.5079 143.6636
   8.000   1.1975   0.01460   0.00402  -0.0732   0.4880   0.7420  29.5079 143.6636
   9.000   1.2600   0.01497   0.00346  -0.0651   0.4533   0.7714  31.5096 145.1639
   9.000   1.2600   0.01497   0.00346  -0.0651   0.4533   0.7714  31.5103 145.1637
   9.000   1.2600   0.01497   0.00346  -0.0651   0.4533   0.7714  31.5103 145.1637
   9.000   1.2600   0.01497   0.00346  -0.0651   0.4533   0.7714  31.5103 145.1637
   9.000   1.2600   0.01497   0.00346  -0.0651   0.4533   0.7714  31.5103 145.1637
  10.000   1.2686   0.01684   0.00319  -0.0496   0.3851   0.8070  35.6420 147.0346
  10.000   1.2686   0.01684   0.00319  -0.0496   0.3851   0.8070  35.6419 147.0346
  10.000   1.2686   0.01684   0.00319  -0.0496   0.3851   0.8070  35.6419 147.0346
  10.000   1.2686   0.01684   0.00319  -0.0496   0.3851   0.8070  35.6419 147.0346
  10.000   1.2686   0.01684   0.00319  -0.0496   0.3851   0.8070  35.6419 147.0346
  11.000   1.2134   0.02373   0.00591  -0.0317   0.2821   0.8528  41.8712 149.5527
  11.000   1.2134   0.02373   0.00591  -0.0317   0.2821   0.8528  41.8725 149.5526
  11.000   1.2134   0.02373   0.00591  -0.0317   0.2821   0.8528  41.8725 149.5525
  11.000   1.2134   0.02373   0.00591  -0.0317   0.2821   0.8528  41.8725 149.5525
  11.000   1.2134   0.02373   0.00591  -0.0317   0.2821   0.8528  41.8725 149.5525
  12.000   1.1653   0.03325   0.01154  -0.0208   0.1971   1.0000  47.1012 160.0000
  12.000   1.1653   0.03325   0.01154  -0.0208   0.1971   1.0000  47.1013 160.0000
  12.000   1.1653   0.03325   0.01154  -0.0208   0.1971   1.0000  47.1013 160.0000
  12.000   1.1653   0.03325   0.01154  -0.0208   0.1971   1.0000  47.1013 160.0000
  12.000   1.1653   0.03325   0.01154  -0.0208   0.1971   1.0000  47.1013 160.0000
  13.000   1.1532   0.04406   0.01877  -0.0182   0.1305   1.0000  51.6801 160.0000
  13.000   1.1532   0.04406   0.01877  -0.0182   0.1305   1.0000  51.6799 160.0000
  13.000   1.1532   0.04406   0.01877  -0.0182   0.1305   1.0000  51.6799 160.0000
  13.000   1.1532   0.04406   0.01877  -0.0182   0.1305   1.0000  51.6799 160.0000
  13.000   1.1532   0.04406   0.01877  -0.0182   0.1305   1.0000  51.6799 160.0000
  14.000   1.1567   0.05441   0.02609  -0.0173   0.0891   1.0000  55.2567 160.0000
  14.000   1.1567   0.05441   0.02609  -0.0173   0.0891   1.0000  55.2557 160.0000
  14.000   1.1567   0.05441   0.02609  -0.0173   0.0891   1.0000  55.2556 160.0000
  14.000   1.1567   0.05441   0.02609  -0.0173   0.0891   1.0000  55.2556 160.0000
  14.000   1.1567   0.05441   0.02609  -0.0173   0.0891   1.0000  55.2556 160.0000
  15.000   1.1659   0.06504   0.03395  -0.0177   0.0646   1.0000  58.0655 160.0000
  15.000   1.1659   0.06504   0.03395  -0.0177   0.0646   1.0000  58.0656 160.0000
  15.000   1.1659   0.06504   0.03395  -0.0177   0.0646   1.0000  58.0657 160.0000
  15.000   1.1659   0.06504   0.03395  -0.0177   0.0646   1.0000  58.0657 160.0000
  15.000   1.1659   0.06504   0.03395  -0.0177   0.0646   1.0000  58.0657 160.0000
  17.000   1.1992   0.08668   0.05093  -0.0215   0.0434   1.0000  61.3956 160.0000
  17.000   1.1992   0.08668   0.05093  -0.0215   0.0434   1.0000  61.3956 160.0000
  17.000   1.1992   0.08668   0.05093  -0.0215   0.0434   1.0000  61.3956 160.0000
  17.000   1.1992   0.08668   0.05093  -0.0215   0.0434   1.0000  61.3956 160.0000
  17.000   1.1992   0.08668   0.05093  -0.0215   0.0434   1.0000  61.3956 160.0000
  18.000   1.2175   0.09794   0.06048  -0.0247   0.0378   1.0000  62.5108 160.0000
  18.000   1.2175   0.09794   0.06048  -0.0247   0.0378   1.0000  62.5109 160.0000
  18.000   1.2175   0.09794   0.06048  -0.0247   0.0378   1.0000  62.5109 160.0000
  18.000   1.2175   0.09794   0.06048  -0.0247   0.0378   1.0000  62.5109 160.0000
  18.000   1.2175   0.09794   0.06048  -0.0247   0.0378   1.0000  62.5109 160.0000
  19.000   1.2384   0.10894   0.07042  -0.0285   0.0337   1.0000  63.3969 160.0000
  19.000   1.2384   0.10895   0.07042  -0.0285   0.0337   1.0000  63.3970 160.0000
  19.000   1.2384   0.10895   0.07042  -0.0285   0.0337   1.0000  63.3970 160.0000
  19.000   1.2384   0.10895   0.07042  -0.0285   0.0337   1.0000  63.3970 160.0000
  19.000   1.2384   0.10895   0.07042  -0.0285   0.0337   1.0000  63.3970 160.0000
