  
       XFOIL         Version 6.99
  
 Calculated polar for: NACA 64(4)-421                                  
  
 1 1 Reynolds number fixed          Mach number fixed         
  
 xtrf =   1.000 (top)        1.000 (bottom)  
 Mach =   0.000     Re =     0.475 e 6     Ncrit =   9.000  9.000
  
   alpha    CL        CD       CDp       CM     Top_Xtr  Bot_Xtr  Top_Itr  Bot_Itr
  ------ -------- --------- --------- -------- -------- -------- -------- --------
   0.000   0.3309   0.01079   0.00272  -0.0723   0.5852   0.5816  24.1134 135.6268
   0.000   0.3309   0.01079   0.00272  -0.0723   0.5852   0.5816  24.1134 135.6268
   0.000   0.3309   0.01079   0.00272  -0.0723   0.5852   0.5816  24.1134 135.6268
   0.000   0.3309   0.01079   0.00272  -0.0723   0.5852   0.5816  24.1134 135.6268
   0.000   0.3309   0.01079   0.00272  -0.0723   0.5852   0.5816  24.1134 135.6268
   1.000   0.4481   0.01086   0.00272  -0.0740   0.5749   0.5913  24.6737 136.1215
   1.000   0.4481   0.01086   0.00272  -0.0740   0.5749   0.5913  24.6741 136.1216
   1.000   0.4481   0.01086   0.00272  -0.0740   0.5749   0.5913  24.6741 136.1216
   1.000   0.4481   0.01086   0.00272  -0.0740   0.5749   0.5913  24.6741 136.1216
   1.000   0.4481   0.01086   0.00272  -0.0740   0.5749   0.5913  24.6741 136.1216
   2.000   0.5653   0.01117   0.00291  -0.0758   0.5666   0.6033  25.1298 136.7337
   2.000   0.5653   0.01117   0.00291  -0.0758   0.5666   0.6033  25.1298 136.7338
   2.000   0.5653   0.01117   0.00291  -0.0758   0.5666   0.6033  25.1298 136.7338
   2.000   0.5653   0.01117   0.00291  -0.0758   0.5666   0.6033  25.1298 136.7338
   2.000   0.5653   0.01117   0.00291  -0.0758   0.5666   0.6033  25.1298 136.7338
   3.000   0.6807   0.01135   0.00306  -0.0772   0.5569   0.6165  25.6592 137.4021
   3.000   0.6807   0.01135   0.00306  -0.0772   0.5569   0.6165  25.6592 137.4020
   3.000   0.6807   0.01135   0.00306  -0.0772   0.5569   0.6165  25.6592 137.4020
   3.000   0.6807   0.01135   0.00306  -0.0772   0.5569   0.6165  25.6592 137.4020
   3.000   0.6807   0.01135   0.00306  -0.0772   0.5569   0.6165  25.6592 137.4020
   4.000   0.7966   0.01179   0.00328  -0.0788   0.5482   0.6323  26.1341 138.1991
   4.000   0.7966   0.01179   0.00328  -0.0788   0.5482   0.6323  26.1341 138.1991
   4.000   0.7966   0.01179   0.00328  -0.0788   0.5482   0.6323  26.1341 138.1991
   4.000   0.7966   0.01179   0.00328  -0.0788   0.5482   0.6323  26.1341 138.1991
   4.000   0.7966   0.01179   0.00328  -0.0788   0.5482   0.6323  26.1341 138.1991
   5.000   0.9096   0.01207   0.00345  -0.0798   0.5379   0.6506  26.7089 139.1168
   5.000   0.9096   0.01207   0.00345  -0.0798   0.5379   0.6506  26.7089 139.1168
   5.000   0.9096   0.01207   0.00345  -0.0798   0.5379   0.6506  26.7089 139.1168
   5.000   0.9096   0.01207   0.00345  -0.0798   0.5379   0.6506  26.7089 139.1168
   5.000   0.9096   0.01207   0.00345  -0.0798   0.5379   0.6506  26.7089 139.1168
   6.000   1.0163   0.01215   0.00318  -0.0794   0.5182   0.6720  27.8027 140.1811
   6.000   1.0163   0.01215   0.00318  -0.0794   0.5182   0.6720  27.8027 140.1811
   6.000   1.0163   0.01215   0.00318  -0.0794   0.5182   0.6720  27.8027 140.1811
   6.000   1.0163   0.01215   0.00318  -0.0794   0.5182   0.6720  27.8027 140.1811
   6.000   1.0163   0.01215   0.00318  -0.0794   0.5182   0.6720  27.8027 140.1811
   7.000   1.1189   0.01239   0.00301  -0.0784   0.4986   0.6949  28.9038 141.3148
   7.000   1.1189   0.01239   0.00301  -0.0784   0.4986   0.6949  28.9038 141.3148
   7.000   1.1189   0.01239   0.00301  -0.0784   0.4986   0.6949  28.9038 141.3148
   7.000   1.1189   0.01239   0.00301  -0.0784   0.4986   0.6949  28.9038 141.3148
   7.000   1.1189   0.01239   0.00301  -0.0784   0.4986   0.6949  28.9038 141.3148
   8.000   1.2049   0.01264   0.00270  -0.0744   0.4687   0.7201  30.6124 142.5664
   8.000   1.2049   0.01264   0.00270  -0.0744   0.4687   0.7201  30.6124 142.5664
   8.000   1.2049   0.01264   0.00270  -0.0744   0.4687   0.7201  30.6124 142.5664
   8.000   1.2049   0.01264   0.00270  -0.0744   0.4687   0.7201  30.6124 142.5664
   8.000   1.2049   0.01264   0.00270  -0.0744   0.4687   0.7201  30.6124 142.5664
   9.000   1.2626   0.01333   0.00233  -0.0655   0.4275   0.7481  33.0370 143.9733
   9.000   1.2626   0.01333   0.00233  -0.0655   0.4275   0.7481  33.0385 143.9729
   9.000   1.2626   0.01333   0.00233  -0.0655   0.4275   0.7481  33.0385 143.9729
   9.000   1.2626   0.01333   0.00233  -0.0655   0.4275   0.7481  33.0385 143.9729
   9.000   1.2626   0.01333   0.00233  -0.0655   0.4275   0.7481  33.0385 143.9729
  10.000   1.2431   0.01702   0.00302  -0.0473   0.3266   0.7814  39.1945 145.6849
  10.000   1.2431   0.01702   0.00302  -0.0473   0.3266   0.7814  39.1946 145.6850
  10.000   1.2431   0.01702   0.00302  -0.0473   0.3266   0.7814  39.1946 145.6850
  10.000   1.2431   0.01702   0.00302  -0.0473   0.3266   0.7814  39.1946 145.6850
  10.000   1.2431   0.01702   0.00302  -0.0473   0.3266   0.7814  39.1946 145.6850
  11.000   1.1979   0.02478   0.00676  -0.0323   0.2267   0.8213  45.2451 147.8050
  11.000   1.1979   0.02478   0.00676  -0.0323   0.2267   0.8213  45.2450 147.8051
  11.000   1.1979   0.02478   0.00676  -0.0323   0.2267   0.8213  45.2450 147.8051
  11.000   1.1979   0.02478   0.00676  -0.0323   0.2267   0.8213  45.2450 147.8051
  11.000   1.1979   0.02478   0.00676  -0.0323   0.2267   0.8213  45.2450 147.8051
  12.000   1.1687   0.03366   0.01208  -0.0229   0.1555   0.8769  49.8567 150.9436
  12.000   1.1687   0.03366   0.01208  -0.0229   0.1555   0.8769  49.8567 150.9436
  12.000   1.1687   0.03366   0.01208  -0.0229   0.1555   0.8769  49.8567 150.9436
  12.000   1.1687   0.03366   0.01208  -0.0229   0.1555   0.8769  49.8567 150.9436
  12.000   1.1687   0.03366   0.01208  -0.0229   0.1555   0.8769  49.8567 150.9436
  13.000   1.1677   0.04270   0.01813  -0.0195   0.1050   1.0000  53.7639 160.0000
  13.000   1.1677   0.04270   0.01813  -0.0195   0.1050   1.0000  53.7637 160.0000
  13.000   1.1677   0.04270   0.01813  -0.0195   0.1050   1.0000  53.7637 160.0000
  13.000   1.1677   0.04270   0.01813  -0.0195   0.1050   1.0000  53.7637 160.0000
  13.000   1.1677   0.04270   0.01813  -0.0195   0.1050   1.0000  53.7637 160.0000
  14.000   1.1793   0.05212   0.02462  -0.0185   0.0728   1.0000  57.0336 160.0000
  14.000   1.1793   0.05212   0.02462  -0.0185   0.0728   1.0000  57.0339 160.0000
  14.000   1.1793   0.05212   0.02462  -0.0185   0.0728   1.0000  57.0340 160.0000
  14.000   1.1793   0.05212   0.02462  -0.0185   0.0728   1.0000  57.0340 160.0000
  14.000   1.1793   0.05212   0.02462  -0.0185   0.0728   1.0000  57.0340 160.0000
  15.000   1.1966   0.06169   0.03148  -0.0187   0.0534   1.0000  59.6936 160.0000
  15.000   1.1966   0.06169   0.03148  -0.0187   0.0534   1.0000  59.6935 160.0000
  15.000   1.1966   0.06169   0.03148  -0.0187   0.0534   1.0000  59.6935 160.0000
  15.000   1.1966   0.06169   0.03148  -0.0187   0.0534   1.0000  59.6935 160.0000
  15.000   1.1966   0.06169   0.03148  -0.0187   0.0534   1.0000  59.6935 160.0000
  16.000   1.2144   0.07189   0.03912  -0.0198   0.0432   1.0000  61.4421 160.0000
  16.000   1.2144   0.07189   0.03912  -0.0198   0.0432   1.0000  61.4420 160.0000
  16.000   1.2144   0.07189   0.03912  -0.0198   0.0432   1.0000  61.4420 160.0000
  16.000   1.2144   0.07189   0.03912  -0.0198   0.0432   1.0000  61.4420 160.0000
  16.000   1.2144   0.07189   0.03912  -0.0198   0.0432   1.0000  61.4420 160.0000
  17.000   1.2309   0.08287   0.04776  -0.0221   0.0368   1.0000  62.7229 160.0000
  17.000   1.2309   0.08287   0.04776  -0.0221   0.0368   1.0000  62.7228 160.0000
  17.000   1.2309   0.08287   0.04776  -0.0221   0.0368   1.0000  62.7228 160.0000
  17.000   1.2309   0.08287   0.04776  -0.0221   0.0368   1.0000  62.7228 160.0000
  17.000   1.2309   0.08287   0.04776  -0.0221   0.0368   1.0000  62.7228 160.0000
  18.000   1.2445   0.09479   0.05774  -0.0253   0.0324   1.0000  63.7031 160.0000
  18.000   1.2445   0.09479   0.05774  -0.0253   0.0324   1.0000  63.7031 160.0000
  18.000   1.2445   0.09479   0.05774  -0.0253   0.0324   1.0000  63.7031 160.0000
  18.000   1.2445   0.09479   0.05774  -0.0253   0.0324   1.0000  63.7031 160.0000
  18.000   1.2445   0.09479   0.05774  -0.0253   0.0324   1.0000  63.7031 160.0000
  19.000   1.2570   0.10718   0.06894  -0.0296   0.0291   1.0000  64.5081 160.0000
  19.000   1.2570   0.10718   0.06894  -0.0296   0.0291   1.0000  64.5080 160.0000
  19.000   1.2570   0.10718   0.06894  -0.0296   0.0291   1.0000  64.5080 160.0000
  19.000   1.2570   0.10718   0.06894  -0.0296   0.0291   1.0000  64.5080 160.0000
  19.000   1.2570   0.10718   0.06894  -0.0296   0.0291   1.0000  64.5080 160.0000
