  
       XFOIL         Version 6.99
  
 Calculated polar for: NACA 64(4)-421                                  
  
 1 1 Reynolds number fixed          Mach number fixed         
  
 xtrf =   1.000 (top)        1.000 (bottom)  
 Mach =   0.000     Re =     0.300 e 6     Ncrit =   9.000  9.000
  
   alpha    CL        CD       CDp       CM     Top_Xtr  Bot_Xtr  Top_Itr  Bot_Itr
  ------ -------- --------- --------- -------- -------- -------- -------- --------
   0.000   0.3227   0.01395   0.00518  -0.0705   0.6134   0.6115  22.5953 137.1512
   0.000   0.3227   0.01395   0.00518  -0.0705   0.6134   0.6115  22.5953 137.1512
   0.000   0.3227   0.01395   0.00518  -0.0705   0.6134   0.6115  22.5953 137.1512
   0.000   0.3227   0.01395   0.00518  -0.0705   0.6134   0.6115  22.5953 137.1512
   0.000   0.3227   0.01395   0.00518  -0.0705   0.6134   0.6115  22.5953 137.1512
   1.000   0.4387   0.01419   0.00526  -0.0721   0.6034   0.6217  23.1349 137.6638
   1.000   0.4387   0.01419   0.00526  -0.0721   0.6034   0.6217  23.1350 137.6638
   1.000   0.4387   0.01419   0.00526  -0.0721   0.6034   0.6217  23.1350 137.6638
   1.000   0.4387   0.01419   0.00526  -0.0721   0.6034   0.6217  23.1350 137.6638
   1.000   0.4387   0.01419   0.00526  -0.0721   0.6034   0.6217  23.1350 137.6638
   2.000   0.5526   0.01444   0.00552  -0.0736   0.5936   0.6337  23.6612 138.2705
   2.000   0.5526   0.01444   0.00552  -0.0736   0.5936   0.6337  23.6612 138.2705
   2.000   0.5526   0.01444   0.00552  -0.0736   0.5936   0.6337  23.6612 138.2705
   2.000   0.5526   0.01444   0.00552  -0.0736   0.5936   0.6337  23.6612 138.2705
   2.000   0.5526   0.01444   0.00552  -0.0736   0.5936   0.6337  23.6612 138.2705
   3.000   0.6680   0.01496   0.00574  -0.0753   0.5844   0.6480  24.1607 138.9855
   3.000   0.6680   0.01496   0.00574  -0.0753   0.5844   0.6480  24.1608 138.9856
   3.000   0.6680   0.01496   0.00574  -0.0753   0.5844   0.6480  24.1608 138.9856
   3.000   0.6680   0.01496   0.00574  -0.0753   0.5844   0.6480  24.1608 138.9856
   3.000   0.6680   0.01496   0.00574  -0.0753   0.5844   0.6480  24.1608 138.9856
   4.000   0.7785   0.01540   0.00617  -0.0761   0.5742   0.6637  24.7131 139.7678
   4.000   0.7785   0.01540   0.00617  -0.0761   0.5742   0.6637  24.7132 139.7678
   4.000   0.7785   0.01540   0.00617  -0.0761   0.5742   0.6637  24.7132 139.7678
   4.000   0.7785   0.01540   0.00617  -0.0761   0.5742   0.6637  24.7132 139.7678
   4.000   0.7785   0.01540   0.00617  -0.0761   0.5742   0.6637  24.7132 139.7678
   5.000   0.8890   0.01610   0.00665  -0.0769   0.5645   0.6824  25.2449 140.6946
   5.000   0.8890   0.01610   0.00665  -0.0769   0.5645   0.6824  25.2449 140.6946
   5.000   0.8890   0.01610   0.00665  -0.0769   0.5645   0.6824  25.2449 140.6946
   5.000   0.8890   0.01610   0.00665  -0.0769   0.5645   0.6824  25.2449 140.6946
   5.000   0.8890   0.01610   0.00665  -0.0769   0.5645   0.6824  25.2449 140.6946
   6.000   1.0001   0.01626   0.00642  -0.0773   0.5484   0.7041  26.1236 141.7685
   6.000   1.0001   0.01626   0.00642  -0.0773   0.5484   0.7041  26.1238 141.7689
   6.000   1.0001   0.01626   0.00642  -0.0773   0.5484   0.7041  26.1238 141.7689
   6.000   1.0001   0.01626   0.00642  -0.0773   0.5484   0.7041  26.1238 141.7689
   6.000   1.0001   0.01626   0.00642  -0.0773   0.5484   0.7041  26.1238 141.7689
   7.000   1.1003   0.01608   0.00579  -0.0756   0.5251   0.7282  27.4170 142.9708
   7.000   1.1003   0.01608   0.00579  -0.0756   0.5251   0.7282  27.4170 142.9707
   7.000   1.1003   0.01608   0.00579  -0.0756   0.5251   0.7282  27.4170 142.9707
   7.000   1.1003   0.01608   0.00579  -0.0756   0.5251   0.7282  27.4170 142.9707
   7.000   1.1003   0.01608   0.00579  -0.0756   0.5251   0.7282  27.4170 142.9707
   8.000   1.1946   0.01588   0.00496  -0.0727   0.4990   0.7537  28.8817 144.2605
   8.000   1.1946   0.01588   0.00496  -0.0727   0.4990   0.7537  28.8817 144.2605
   8.000   1.1946   0.01588   0.00496  -0.0727   0.4990   0.7537  28.8817 144.2605
   8.000   1.1946   0.01588   0.00496  -0.0727   0.4990   0.7537  28.8817 144.2605
   8.000   1.1946   0.01588   0.00496  -0.0727   0.4990   0.7537  28.8817 144.2605
   9.000   1.2574   0.01610   0.00422  -0.0646   0.4646   0.7847  30.8516 145.8538
   9.000   1.2574   0.01610   0.00422  -0.0646   0.4646   0.7847  30.8516 145.8537
   9.000   1.2574   0.01610   0.00422  -0.0646   0.4646   0.7847  30.8516 145.8537
   9.000   1.2574   0.01610   0.00422  -0.0646   0.4646   0.7847  30.8516 145.8537
   9.000   1.2574   0.01610   0.00422  -0.0646   0.4646   0.7847  30.8516 145.8537
  10.000   1.2691   0.01745   0.00375  -0.0492   0.4129   0.8210  33.9285 147.7913
  10.000   1.2691   0.01745   0.00375  -0.0492   0.4129   0.8210  33.9285 147.7912
  10.000   1.2691   0.01745   0.00375  -0.0492   0.4129   0.8210  33.9285 147.7912
  10.000   1.2691   0.01745   0.00375  -0.0492   0.4129   0.8210  33.9285 147.7912
  10.000   1.2691   0.01745   0.00375  -0.0492   0.4129   0.8210  33.9285 147.7912
  12.000   1.1700   0.03298   0.01111  -0.0205   0.2179   1.0000  45.7928 160.0000
  12.000   1.1700   0.03298   0.01111  -0.0205   0.2179   1.0000  45.7928 160.0000
  12.000   1.1700   0.03298   0.01111  -0.0205   0.2179   1.0000  45.7928 160.0000
  12.000   1.1700   0.03298   0.01111  -0.0205   0.2179   1.0000  45.7928 160.0000
  12.000   1.1700   0.03298   0.01111  -0.0205   0.2179   1.0000  45.7928 160.0000
  13.000   1.1489   0.04444   0.01881  -0.0174   0.1452   1.0000  50.5918 160.0000
  13.000   1.1489   0.04444   0.01881  -0.0174   0.1452   1.0000  50.5918 160.0000
  13.000   1.1489   0.04444   0.01881  -0.0174   0.1452   1.0000  50.5918 160.0000
  13.000   1.1489   0.04444   0.01881  -0.0174   0.1452   1.0000  50.5918 160.0000
  13.000   1.1489   0.04444   0.01881  -0.0174   0.1452   1.0000  50.5918 160.0000
  14.000   1.1467   0.05539   0.02664  -0.0165   0.0984   1.0000  54.3665 160.0000
  14.000   1.1467   0.05538   0.02664  -0.0165   0.0984   1.0000  54.3666 160.0000
  14.000   1.1467   0.05538   0.02664  -0.0165   0.0984   1.0000  54.3666 160.0000
  14.000   1.1467   0.05538   0.02664  -0.0165   0.0984   1.0000  54.3666 160.0000
  14.000   1.1467   0.05538   0.02664  -0.0165   0.0984   1.0000  54.3666 160.0000
  15.000   1.1540   0.06629   0.03479  -0.0170   0.0710   1.0000  57.2641 160.0000
  15.000   1.1540   0.06629   0.03479  -0.0170   0.0710   1.0000  57.2641 160.0000
  15.000   1.1540   0.06629   0.03479  -0.0170   0.0710   1.0000  57.2642 160.0000
  15.000   1.1540   0.06629   0.03479  -0.0170   0.0710   1.0000  57.2642 160.0000
  15.000   1.1540   0.06629   0.03479  -0.0170   0.0710   1.0000  57.2642 160.0000
  16.000   1.1682   0.07717   0.04321  -0.0186   0.0560   1.0000  59.2883 160.0000
  16.000   1.1682   0.07717   0.04321  -0.0186   0.0560   1.0000  59.2883 160.0000
  16.000   1.1682   0.07717   0.04321  -0.0186   0.0560   1.0000  59.2883 160.0000
  16.000   1.1682   0.07717   0.04321  -0.0186   0.0560   1.0000  59.2883 160.0000
  16.000   1.1682   0.07717   0.04321  -0.0186   0.0560   1.0000  59.2883 160.0000
  17.000   1.1882   0.08783   0.05174  -0.0209   0.0471   1.0000  60.7280 160.0000
  17.000   1.1882   0.08783   0.05174  -0.0209   0.0471   1.0000  60.7280 160.0000
  17.000   1.1882   0.08783   0.05174  -0.0209   0.0471   1.0000  60.7280 160.0000
  17.000   1.1882   0.08783   0.05174  -0.0209   0.0471   1.0000  60.7280 160.0000
  17.000   1.1882   0.08783   0.05174  -0.0209   0.0471   1.0000  60.7280 160.0000
  18.000   1.2104   0.09841   0.06057  -0.0238   0.0410   1.0000  61.8648 160.0000
  18.000   1.2104   0.09841   0.06057  -0.0238   0.0410   1.0000  61.8648 160.0000
  18.000   1.2104   0.09841   0.06057  -0.0238   0.0410   1.0000  61.8648 160.0000
  18.000   1.2104   0.09841   0.06057  -0.0238   0.0410   1.0000  61.8648 160.0000
  18.000   1.2104   0.09841   0.06057  -0.0238   0.0410   1.0000  61.8648 160.0000
  19.000   1.2369   0.10850   0.06956  -0.0272   0.0363   1.0000  62.8240 160.0000
  19.000   1.2369   0.10850   0.06956  -0.0272   0.0363   1.0000  62.8242 160.0000
  19.000   1.2369   0.10850   0.06956  -0.0272   0.0363   1.0000  62.8242 160.0000
  19.000   1.2369   0.10850   0.06956  -0.0272   0.0363   1.0000  62.8242 160.0000
  19.000   1.2369   0.10850   0.06956  -0.0272   0.0363   1.0000  62.8242 160.0000
