  
       XFOIL         Version 6.99
  
 Calculated polar for: NACA 64(4)-421                                  
  
 1 1 Reynolds number fixed          Mach number fixed         
  
 xtrf =   1.000 (top)        1.000 (bottom)  
 Mach =   0.000     Re =     0.525 e 6     Ncrit =   9.000  9.000
  
   alpha    CL        CD       CDp       CM     Top_Xtr  Bot_Xtr  Top_Itr  Bot_Itr
  ------ -------- --------- --------- -------- -------- -------- -------- --------
   0.000   0.3317   0.01021   0.00238  -0.0725   0.5796   0.5757  24.4195 135.3228
   0.000   0.3317   0.01021   0.00238  -0.0725   0.5796   0.5757  24.4196 135.3228
   0.000   0.3317   0.01021   0.00238  -0.0725   0.5796   0.5757  24.4196 135.3228
   0.000   0.3317   0.01021   0.00238  -0.0725   0.5796   0.5757  24.4196 135.3228
   0.000   0.3317   0.01021   0.00238  -0.0725   0.5796   0.5757  24.4196 135.3228
   1.000   0.4497   0.01046   0.00239  -0.0743   0.5690   0.5855  24.9930 135.8274
   1.000   0.4497   0.01046   0.00239  -0.0743   0.5690   0.5855  24.9939 135.8273
   1.000   0.4497   0.01046   0.00239  -0.0743   0.5690   0.5855  24.9939 135.8273
   1.000   0.4497   0.01046   0.00239  -0.0743   0.5690   0.5855  24.9939 135.8273
   1.000   0.4497   0.01046   0.00239  -0.0743   0.5690   0.5855  24.9939 135.8273
   2.000   0.5660   0.01057   0.00257  -0.0759   0.5611   0.5971  25.4299 136.4197
   2.000   0.5660   0.01057   0.00257  -0.0759   0.5611   0.5971  25.4299 136.4196
   2.000   0.5660   0.01057   0.00257  -0.0759   0.5611   0.5971  25.4299 136.4196
   2.000   0.5660   0.01057   0.00257  -0.0759   0.5611   0.5971  25.4299 136.4196
   2.000   0.5660   0.01057   0.00257  -0.0759   0.5611   0.5971  25.4299 136.4196
   3.000   0.6835   0.01092   0.00264  -0.0777   0.5513   0.6104  25.9673 137.0948
   3.000   0.6835   0.01092   0.00264  -0.0777   0.5513   0.6104  25.9673 137.0948
   3.000   0.6835   0.01092   0.00264  -0.0777   0.5513   0.6104  25.9673 137.0948
   3.000   0.6835   0.01092   0.00264  -0.0777   0.5513   0.6104  25.9673 137.0948
   3.000   0.6835   0.01092   0.00264  -0.0777   0.5513   0.6104  25.9673 137.0948
   4.000   0.7975   0.01118   0.00290  -0.0789   0.5429   0.6262  26.4287 137.8946
   4.000   0.7975   0.01118   0.00290  -0.0789   0.5429   0.6262  26.4287 137.8946
   4.000   0.7975   0.01118   0.00290  -0.0789   0.5429   0.6262  26.4287 137.8946
   4.000   0.7975   0.01118   0.00290  -0.0789   0.5429   0.6262  26.4287 137.8946
   4.000   0.7975   0.01118   0.00290  -0.0789   0.5429   0.6262  26.4287 137.8946
   5.000   0.9125   0.01157   0.00301  -0.0802   0.5320   0.6445  27.0342 138.8117
   5.000   0.9125   0.01157   0.00301  -0.0802   0.5320   0.6445  27.0342 138.8117
   5.000   0.9125   0.01157   0.00301  -0.0802   0.5320   0.6445  27.0342 138.8117
   5.000   0.9125   0.01157   0.00301  -0.0802   0.5320   0.6445  27.0342 138.8117
   5.000   0.9125   0.01157   0.00301  -0.0802   0.5320   0.6445  27.0342 138.8117
   6.000   1.0179   0.01162   0.00279  -0.0796   0.5123   0.6658  28.1353 139.8728
   6.000   1.0179   0.01162   0.00279  -0.0796   0.5123   0.6658  28.1353 139.8728
   6.000   1.0179   0.01162   0.00279  -0.0796   0.5123   0.6658  28.1353 139.8728
   6.000   1.0179   0.01162   0.00279  -0.0796   0.5123   0.6658  28.1353 139.8728
   6.000   1.0179   0.01162   0.00279  -0.0796   0.5123   0.6658  28.1353 139.8728
   7.000   1.1199   0.01186   0.00266  -0.0785   0.4930   0.6886  29.2241 141.0004
   7.000   1.1199   0.01186   0.00266  -0.0785   0.4930   0.6886  29.2241 140.9997
   7.000   1.1199   0.01186   0.00266  -0.0785   0.4930   0.6886  29.2241 140.9997
   7.000   1.1199   0.01186   0.00266  -0.0785   0.4930   0.6886  29.2241 140.9997
   7.000   1.1199   0.01186   0.00266  -0.0785   0.4930   0.6886  29.2241 140.9997
   8.000   1.2069   0.01217   0.00236  -0.0747   0.4628   0.7134  30.9572 142.2319
   8.000   1.2069   0.01217   0.00236  -0.0747   0.4628   0.7134  30.9573 142.2319
   8.000   1.2069   0.01217   0.00236  -0.0747   0.4628   0.7134  30.9573 142.2319
   8.000   1.2069   0.01217   0.00236  -0.0747   0.4628   0.7134  30.9573 142.2319
   8.000   1.2069   0.01217   0.00236  -0.0747   0.4628   0.7134  30.9573 142.2319
   9.000   1.2633   0.01290   0.00209  -0.0656   0.4146   0.7408  33.8230 143.6058
   9.000   1.2633   0.01290   0.00209  -0.0656   0.4146   0.7408  33.8230 143.6058
   9.000   1.2633   0.01290   0.00209  -0.0656   0.4146   0.7408  33.8230 143.6058
   9.000   1.2633   0.01290   0.00209  -0.0656   0.4146   0.7408  33.8230 143.6058
   9.000   1.2633   0.01290   0.00209  -0.0656   0.4146   0.7408  33.8230 143.6058
  10.000   1.2356   0.01720   0.00311  -0.0466   0.3063   0.7732  40.4131 145.2608
  10.000   1.2356   0.01720   0.00311  -0.0466   0.3063   0.7732  40.4131 145.2608
  10.000   1.2356   0.01720   0.00311  -0.0466   0.3063   0.7732  40.4131 145.2608
  10.000   1.2356   0.01720   0.00311  -0.0466   0.3063   0.7732  40.4131 145.2608
  10.000   1.2356   0.01720   0.00311  -0.0466   0.3063   0.7732  40.4131 145.2608
  11.000   1.1951   0.02496   0.00694  -0.0325   0.2101   0.8116  46.2794 147.2834
  11.000   1.1951   0.02496   0.00694  -0.0325   0.2101   0.8116  46.2793 147.2833
  11.000   1.1951   0.02496   0.00694  -0.0325   0.2101   0.8116  46.2793 147.2833
  11.000   1.1951   0.02496   0.00694  -0.0325   0.2101   0.8116  46.2793 147.2833
  11.000   1.1951   0.02496   0.00694  -0.0325   0.2101   0.8116  46.2793 147.2833
  12.000   1.1732   0.03356   0.01209  -0.0239   0.1429   0.8619  50.7589 150.0691
  12.000   1.1732   0.03356   0.01209  -0.0239   0.1429   0.8619  50.7586 150.0687
  12.000   1.1732   0.03356   0.01209  -0.0239   0.1429   0.8619  50.7587 150.0687
  12.000   1.1732   0.03356   0.01209  -0.0239   0.1429   0.8619  50.7587 150.0687
  12.000   1.1732   0.03356   0.01209  -0.0239   0.1429   0.8619  50.7587 150.0687
  13.000   1.1745   0.04206   0.01776  -0.0200   0.0979   1.0000  54.4108 160.0000
  13.000   1.1745   0.04206   0.01776  -0.0200   0.0979   1.0000  54.4108 160.0000
  13.000   1.1745   0.04206   0.01776  -0.0200   0.0979   1.0000  54.4108 160.0000
  13.000   1.1745   0.04206   0.01776  -0.0200   0.0979   1.0000  54.4108 160.0000
  13.000   1.1745   0.04206   0.01776  -0.0200   0.0979   1.0000  54.4108 160.0000
  14.000   1.1890   0.05113   0.02393  -0.0189   0.0679   1.0000  57.6428 160.0000
  14.000   1.1890   0.05113   0.02393  -0.0189   0.0679   1.0000  57.6428 160.0000
  14.000   1.1890   0.05113   0.02393  -0.0189   0.0679   1.0000  57.6428 160.0000
  14.000   1.1890   0.05113   0.02393  -0.0189   0.0679   1.0000  57.6428 160.0000
  14.000   1.1890   0.05113   0.02393  -0.0189   0.0679   1.0000  57.6428 160.0000
  15.000   1.2060   0.06065   0.03071  -0.0189   0.0504   1.0000  60.1745 160.0000
  15.000   1.2060   0.06065   0.03071  -0.0189   0.0504   1.0000  60.1746 160.0000
  15.000   1.2060   0.06065   0.03071  -0.0189   0.0504   1.0000  60.1746 160.0000
  15.000   1.2060   0.06065   0.03071  -0.0189   0.0504   1.0000  60.1746 160.0000
  15.000   1.2060   0.06065   0.03071  -0.0189   0.0504   1.0000  60.1746 160.0000
  16.000   1.2244   0.07070   0.03816  -0.0200   0.0408   1.0000  61.8905 160.0000
  16.000   1.2244   0.07070   0.03816  -0.0200   0.0408   1.0000  61.8904 160.0000
  16.000   1.2244   0.07070   0.03816  -0.0200   0.0408   1.0000  61.8904 160.0000
  16.000   1.2244   0.07070   0.03816  -0.0200   0.0408   1.0000  61.8904 160.0000
  16.000   1.2244   0.07070   0.03816  -0.0200   0.0408   1.0000  61.8904 160.0000
  17.000   1.2398   0.08177   0.04683  -0.0222   0.0350   1.0000  63.1105 160.0000
  17.000   1.2398   0.08177   0.04683  -0.0222   0.0350   1.0000  63.1106 160.0000
  17.000   1.2398   0.08177   0.04683  -0.0222   0.0350   1.0000  63.1106 160.0000
  17.000   1.2398   0.08177   0.04683  -0.0222   0.0350   1.0000  63.1106 160.0000
  17.000   1.2398   0.08177   0.04683  -0.0222   0.0350   1.0000  63.1106 160.0000
  18.000   1.2520   0.09382   0.05687  -0.0254   0.0309   1.0000  64.0631 160.0000
  18.000   1.2520   0.09381   0.05687  -0.0254   0.0309   1.0000  64.0631 160.0000
  18.000   1.2520   0.09381   0.05687  -0.0254   0.0309   1.0000  64.0631 160.0000
  18.000   1.2520   0.09381   0.05687  -0.0254   0.0309   1.0000  64.0631 160.0000
  18.000   1.2520   0.09381   0.05687  -0.0254   0.0309   1.0000  64.0631 160.0000
  19.000   1.2660   0.10605   0.06780  -0.0296   0.0278   1.0000  64.8499 160.0000
  19.000   1.2660   0.10605   0.06780  -0.0296   0.0278   1.0000  64.8498 160.0000
  19.000   1.2660   0.10605   0.06780  -0.0296   0.0278   1.0000  64.8498 160.0000
  19.000   1.2660   0.10605   0.06780  -0.0296   0.0278   1.0000  64.8498 160.0000
  19.000   1.2660   0.10605   0.06780  -0.0296   0.0278   1.0000  64.8498 160.0000
