  
       XFOIL         Version 6.99
  
 Calculated polar for: FX 79-W-660A                                    
  
 1 1 Reynolds number fixed          Mach number fixed         
  
 xtrf =   1.000 (top)        1.000 (bottom)  
 Mach =   0.000     Re =     0.450 e 6     Ncrit =   9.000  9.000
  
   alpha    CL        CD       CDp       CM     Top_Xtr  Bot_Xtr  Top_Itr  Bot_Itr
  ------ -------- --------- --------- -------- -------- -------- -------- --------
   0.000  -0.0936   0.03964  -0.03592   0.0511   0.5827   0.6111  63.6152 240.0620
   0.000  -0.0936   0.03964  -0.03592   0.0511   0.5827   0.6111  63.6152 240.0620
   0.000  -0.0936   0.03964  -0.03592   0.0511   0.5827   0.6111  63.6152 240.0620
   0.000  -0.0936   0.03964  -0.03592   0.0511   0.5827   0.6111  63.6152 240.0620
   0.000  -0.0936   0.03964  -0.03592   0.0511   0.5827   0.6111  63.6152 240.0620
   1.000  -0.0111   0.04113  -0.03424   0.0488   0.5703   0.6165  64.5166 240.4409
   1.000  -0.0111   0.04113  -0.03424   0.0488   0.5703   0.6165  64.5166 240.4409
   1.000  -0.0111   0.04113  -0.03424   0.0488   0.5703   0.6165  64.5166 240.4409
   1.000  -0.0111   0.04113  -0.03424   0.0488   0.5703   0.6165  64.5166 240.4409
   1.000  -0.0111   0.04113  -0.03424   0.0488   0.5703   0.6165  64.5166 240.4409
   2.000   0.0254   0.04253  -0.03356   0.0581   0.5571   0.6231  65.4741 240.9010
   2.000   0.0254   0.04253  -0.03356   0.0581   0.5571   0.6231  65.4740 240.9012
   2.000   0.0254   0.04253  -0.03356   0.0581   0.5571   0.6231  65.4740 240.9012
   2.000   0.0254   0.04253  -0.03356   0.0581   0.5571   0.6231  65.4740 240.9012
   2.000   0.0254   0.04253  -0.03356   0.0581   0.5571   0.6231  65.4740 240.9012
   3.000   0.0786   0.04540  -0.03142   0.0615   0.5417   0.6283  66.5973 241.2635
   3.000   0.0786   0.04540  -0.03142   0.0615   0.5417   0.6283  66.5972 241.2636
   3.000   0.0786   0.04540  -0.03142   0.0615   0.5417   0.6283  66.5972 241.2636
   3.000   0.0786   0.04540  -0.03142   0.0615   0.5417   0.6283  66.5972 241.2636
   3.000   0.0786   0.04540  -0.03142   0.0615   0.5417   0.6283  66.5972 241.2636
   4.000   0.1091   0.04952  -0.02913   0.0687   0.5238   0.6337  67.9116 241.6349
   4.000   0.1091   0.04952  -0.02913   0.0687   0.5238   0.6337  67.9116 241.6348
   4.000   0.1091   0.04952  -0.02913   0.0687   0.5238   0.6337  67.9116 241.6348
   4.000   0.1091   0.04952  -0.02913   0.0687   0.5238   0.6337  67.9116 241.6348
   4.000   0.1091   0.04952  -0.02913   0.0687   0.5238   0.6337  67.9116 241.6348
   5.000   0.0775   0.05696  -0.02486   0.0866   0.4988   0.6391  69.7803 242.0098
   5.000   0.0775   0.05696  -0.02486   0.0866   0.4988   0.6391  69.7802 242.0098
   5.000   0.0776   0.05696  -0.02486   0.0866   0.4988   0.6391  69.7803 242.0097
   5.000   0.0776   0.05696  -0.02486   0.0866   0.4988   0.6391  69.7803 242.0097
   5.000   0.0776   0.05696  -0.02486   0.0866   0.4988   0.6391  69.7803 242.0097
   6.000   0.0552   0.06714  -0.01756   0.0972   0.4618   0.6435  72.6125 242.3089
   6.000   0.0552   0.06714  -0.01756   0.0972   0.4618   0.6436  72.6123 242.3090
   6.000   0.0552   0.06714  -0.01756   0.0972   0.4618   0.6435  72.6124 242.3089
   6.000   0.0552   0.06714  -0.01756   0.0972   0.4618   0.6435  72.6124 242.3089
   6.000   0.0552   0.06714  -0.01756   0.0972   0.4618   0.6435  72.6124 242.3089
   7.000   0.0690   0.07444  -0.01239   0.1015   0.4325   0.6486  74.9221 242.6525
   7.000   0.0690   0.07444  -0.01239   0.1015   0.4325   0.6486  74.9220 242.6526
   7.000   0.0690   0.07444  -0.01239   0.1015   0.4325   0.6486  74.9220 242.6526
   7.000   0.0690   0.07444  -0.01239   0.1015   0.4325   0.6486  74.9220 242.6526
   7.000   0.0690   0.07444  -0.01239   0.1015   0.4325   0.6486  74.9220 242.6526
   8.000   0.1205   0.07922  -0.00946   0.0994   0.4163   0.6541  76.2189 243.0226
   8.000   0.1205   0.07922  -0.00946   0.0994   0.4163   0.6541  76.2188 243.0227
   8.000   0.1205   0.07922  -0.00946   0.0994   0.4163   0.6541  76.2188 243.0227
   8.000   0.1205   0.07922  -0.00946   0.0994   0.4163   0.6541  76.2188 243.0227
   8.000   0.1205   0.07922  -0.00946   0.0994   0.4163   0.6541  76.2188 243.0227
   9.000   0.2090   0.08286  -0.00734   0.0896   0.4055   0.6592  77.0811 243.3620
   9.000   0.2090   0.08286  -0.00734   0.0896   0.4055   0.6592  77.0810 243.3621
   9.000   0.2090   0.08286  -0.00734   0.0896   0.4055   0.6592  77.0810 243.3621
   9.000   0.2090   0.08286  -0.00734   0.0896   0.4055   0.6592  77.0810 243.3621
   9.000   0.2090   0.08286  -0.00734   0.0896   0.4055   0.6592  77.0810 243.3621
  10.000   0.2852   0.08660  -0.00524   0.0823   0.3975   0.6650  77.7256 243.7423
  10.000   0.2852   0.08660  -0.00524   0.0823   0.3975   0.6650  77.7256 243.7424
  10.000   0.2852   0.08660  -0.00524   0.0823   0.3975   0.6650  77.7256 243.7424
  10.000   0.2852   0.08660  -0.00524   0.0823   0.3975   0.6650  77.7256 243.7424
  10.000   0.2852   0.08660  -0.00524   0.0823   0.3975   0.6650  77.7256 243.7424
  11.000   0.3825   0.08926  -0.00448   0.0711   0.3915   0.6705  78.2140 244.1053
  11.000   0.3825   0.08925  -0.00448   0.0710   0.3915   0.6705  78.2140 244.1053
  11.000   0.3826   0.08926  -0.00448   0.0710   0.3915   0.6705  78.2140 244.1052
  11.000   0.3826   0.08926  -0.00448   0.0710   0.3915   0.6705  78.2140 244.1052
  11.000   0.3826   0.08926  -0.00448   0.0710   0.3915   0.6705  78.2140 244.1052
  12.000   0.4707   0.09287  -0.00240   0.0607   0.3855   0.6759  78.6950 244.4439
  12.000   0.4707   0.09286  -0.00240   0.0607   0.3855   0.6759  78.6950 244.4440
  12.000   0.4707   0.09286  -0.00240   0.0607   0.3855   0.6759  78.6950 244.4440
  12.000   0.4707   0.09286  -0.00240   0.0607   0.3855   0.6759  78.6950 244.4440
  12.000   0.4707   0.09286  -0.00240   0.0607   0.3855   0.6759  78.6950 244.4440
  13.000   0.5862   0.09364  -0.00431   0.0471   0.3813   0.6825  79.0379 244.8629
  13.000   0.5862   0.09364  -0.00431   0.0470   0.3813   0.6825  79.0378 244.8628
  13.000   0.5862   0.09364  -0.00431   0.0470   0.3813   0.6825  79.0379 244.8628
  13.000   0.5862   0.09364  -0.00431   0.0470   0.3813   0.6825  79.0379 244.8628
  13.000   0.5862   0.09364  -0.00431   0.0470   0.3813   0.6825  79.0379 244.8628
  14.000   0.6438   0.09992   0.00158   0.0401   0.3761   0.6879  79.4623 245.2007
  14.000   0.6438   0.09992   0.00158   0.0401   0.3761   0.6879  79.4623 245.2008
  14.000   0.6438   0.09992   0.00158   0.0401   0.3761   0.6879  79.4623 245.2007
  14.000   0.6438   0.09992   0.00158   0.0401   0.3761   0.6879  79.4623 245.2007
  14.000   0.6438   0.09992   0.00158   0.0401   0.3761   0.6879  79.4623 245.2007
  15.000   0.7455   0.10225   0.00179   0.0274   0.3719   0.6944  79.8080 245.6055
  15.000   0.7455   0.10226   0.00179   0.0274   0.3719   0.6944  79.8080 245.6053
  15.000   0.7455   0.10226   0.00179   0.0274   0.3719   0.6944  79.8080 245.6053
  15.000   0.7455   0.10226   0.00179   0.0274   0.3719   0.6944  79.8080 245.6053
  15.000   0.7455   0.10226   0.00179   0.0274   0.3719   0.6944  79.8080 245.6053
  16.000   0.8228   0.10564   0.00361   0.0188   0.3679   0.7009  80.1313 246.0080
  16.000   0.8228   0.10564   0.00361   0.0188   0.3679   0.7009  80.1313 246.0080
  16.000   0.8228   0.10564   0.00361   0.0188   0.3679   0.7009  80.1313 246.0080
  16.000   0.8228   0.10564   0.00361   0.0188   0.3679   0.7009  80.1313 246.0080
  16.000   0.8228   0.10564   0.00361   0.0188   0.3679   0.7009  80.1313 246.0080
  17.000   0.8420   0.11533   0.01618   0.0152   0.3617   0.7073  80.6507 246.3959
  17.000   0.8420   0.11533   0.01618   0.0152   0.3617   0.7073  80.6507 246.3958
  17.000   0.8420   0.11533   0.01618   0.0152   0.3617   0.7073  80.6507 246.3958
  17.000   0.8420   0.11533   0.01618   0.0152   0.3617   0.7073  80.6507 246.3958
  17.000   0.8420   0.11533   0.01618   0.0152   0.3617   0.7073  80.6507 246.3958
  18.000   0.9555   0.11615   0.01384   0.0010   0.3587   0.7154  80.8973 246.8900
  18.000   0.9555   0.11616   0.01384   0.0010   0.3587   0.7154  80.8973 246.8898
  18.000   0.9555   0.11616   0.01384   0.0010   0.3587   0.7154  80.8973 246.8897
  18.000   0.9555   0.11616   0.01384   0.0010   0.3587   0.7154  80.8973 246.8897
  18.000   0.9555   0.11616   0.01384   0.0010   0.3587   0.7154  80.8973 246.8897
  19.000   0.8270   0.13680   0.05060   0.0148   0.3465   0.7204  81.9187 247.1987
  19.000   0.8270   0.13680   0.05060   0.0148   0.3465   0.7204  81.9187 247.1987
  19.000   0.8270   0.13680   0.05060   0.0148   0.3465   0.7204  81.9187 247.1986
  19.000   0.8270   0.13680   0.05060   0.0148   0.3465   0.7204  81.9187 247.1986
  19.000   0.8270   0.13680   0.05060   0.0148   0.3465   0.7204  81.9187 247.1986
