  
       XFOIL         Version 6.99
  
 Calculated polar for: FX 79-W-660A                                    
  
 1 1 Reynolds number fixed          Mach number fixed         
  
 xtrf =   1.000 (top)        1.000 (bottom)  
 Mach =   0.000     Re =     0.500 e 6     Ncrit =   9.000  9.000
  
   alpha    CL        CD       CDp       CM     Top_Xtr  Bot_Xtr  Top_Itr  Bot_Itr
  ------ -------- --------- --------- -------- -------- -------- -------- --------
   0.000  -0.0662   0.03926  -0.03584   0.0439   0.5782   0.6073  63.9390 239.7916
   0.000  -0.0662   0.03926  -0.03584   0.0439   0.5782   0.6073  63.9390 239.7915
   0.000  -0.0662   0.03926  -0.03584   0.0439   0.5782   0.6073  63.9390 239.7915
   0.000  -0.0662   0.03926  -0.03584   0.0439   0.5782   0.6073  63.9390 239.7915
   0.000  -0.0662   0.03926  -0.03584   0.0439   0.5782   0.6073  63.9390 239.7915
   1.000  -0.0049   0.04033  -0.03489   0.0473   0.5657   0.6132  64.8521 240.2070
   1.000  -0.0049   0.04033  -0.03489   0.0473   0.5657   0.6132  64.8521 240.2069
   1.000  -0.0049   0.04033  -0.03489   0.0473   0.5657   0.6132  64.8521 240.2069
   1.000  -0.0049   0.04033  -0.03489   0.0473   0.5657   0.6132  64.8521 240.2069
   1.000  -0.0049   0.04033  -0.03489   0.0473   0.5657   0.6132  64.8521 240.2069
   2.000   0.0569   0.04215  -0.03346   0.0499   0.5522   0.6191  65.8302 240.6181
   2.000   0.0569   0.04215  -0.03346   0.0499   0.5522   0.6190  65.8302 240.6181
   2.000   0.0569   0.04215  -0.03346   0.0499   0.5522   0.6190  65.8302 240.6181
   2.000   0.0569   0.04215  -0.03346   0.0499   0.5522   0.6190  65.8302 240.6181
   2.000   0.0569   0.04215  -0.03346   0.0499   0.5522   0.6190  65.8302 240.6181
   3.000   0.0907   0.04447  -0.03234   0.0588   0.5374   0.6247  66.9175 241.0170
   3.000   0.0907   0.04447  -0.03234   0.0588   0.5374   0.6247  66.9175 241.0169
   3.000   0.0907   0.04447  -0.03234   0.0588   0.5374   0.6247  66.9175 241.0169
   3.000   0.0907   0.04447  -0.03234   0.0588   0.5374   0.6247  66.9175 241.0169
   3.000   0.0907   0.04447  -0.03234   0.0588   0.5374   0.6247  66.9175 241.0169
   4.000   0.1260   0.04958  -0.02878   0.0642   0.5189   0.6298  68.2778 241.3673
   4.000   0.1260   0.04957  -0.02878   0.0642   0.5189   0.6298  68.2776 241.3674
   4.000   0.1261   0.04958  -0.02878   0.0642   0.5189   0.6298  68.2776 241.3674
   4.000   0.1261   0.04958  -0.02878   0.0642   0.5189   0.6298  68.2776 241.3673
   4.000   0.1261   0.04958  -0.02878   0.0642   0.5189   0.6298  68.2776 241.3673
   5.000   0.1173   0.05667  -0.02460   0.0770   0.4946   0.6352  70.0996 241.7402
   5.000   0.1173   0.05667  -0.02460   0.0770   0.4945   0.6352  70.0997 241.7402
   5.000   0.1173   0.05667  -0.02460   0.0770   0.4945   0.6352  70.0997 241.7401
   5.000   0.1173   0.05667  -0.02460   0.0770   0.4945   0.6352  70.0997 241.7401
   5.000   0.1173   0.05667  -0.02460   0.0770   0.4945   0.6352  70.0997 241.7401
   6.000   0.0736   0.06706  -0.01764   0.0927   0.4560   0.6399  73.0608 242.0632
   6.000   0.0736   0.06706  -0.01764   0.0927   0.4560   0.6399  73.0609 242.0632
   6.000   0.0736   0.06706  -0.01764   0.0927   0.4560   0.6399  73.0609 242.0632
   6.000   0.0736   0.06706  -0.01764   0.0927   0.4560   0.6399  73.0609 242.0632
   6.000   0.0736   0.06706  -0.01764   0.0927   0.4560   0.6399  73.0609 242.0632
   7.000   0.0853   0.07540  -0.01120   0.0964   0.4251   0.6445  75.5111 242.3727
   7.000   0.0853   0.07540  -0.01120   0.0964   0.4251   0.6445  75.5110 242.3728
   7.000   0.0853   0.07540  -0.01120   0.0964   0.4251   0.6445  75.5110 242.3728
   7.000   0.0853   0.07540  -0.01120   0.0964   0.4251   0.6445  75.5110 242.3728
   7.000   0.0853   0.07540  -0.01120   0.0964   0.4251   0.6445  75.5110 242.3728
   8.000   0.1380   0.08042  -0.00787   0.0938   0.4096   0.6500  76.7527 242.7479
   8.000   0.1380   0.08042  -0.00787   0.0938   0.4096   0.6500  76.7527 242.7478
   8.000   0.1380   0.08042  -0.00787   0.0938   0.4096   0.6500  76.7527 242.7478
   8.000   0.1380   0.08042  -0.00787   0.0938   0.4096   0.6500  76.7527 242.7479
   8.000   0.1380   0.08042  -0.00787   0.0938   0.4096   0.6500  76.7527 242.7479
   9.000   0.2135   0.08449  -0.00541   0.0866   0.3995   0.6554  77.5679 243.1097
   9.000   0.2135   0.08449  -0.00541   0.0866   0.3995   0.6554  77.5678 243.1098
   9.000   0.2135   0.08449  -0.00541   0.0866   0.3995   0.6554  77.5678 243.1098
   9.000   0.2135   0.08449  -0.00541   0.0866   0.3995   0.6554  77.5678 243.1098
   9.000   0.2135   0.08449  -0.00541   0.0866   0.3995   0.6554  77.5678 243.1098
  10.000   0.3078   0.08724  -0.00442   0.0763   0.3925   0.6607  78.1307 243.4578
  10.000   0.3078   0.08724  -0.00442   0.0763   0.3925   0.6607  78.1307 243.4580
  10.000   0.3078   0.08724  -0.00442   0.0763   0.3925   0.6607  78.1307 243.4579
  10.000   0.3078   0.08724  -0.00442   0.0763   0.3925   0.6607  78.1307 243.4579
  10.000   0.3078   0.08724  -0.00442   0.0763   0.3925   0.6607  78.1307 243.4579
  11.000   0.3857   0.09091  -0.00242   0.0685   0.3862   0.6664  78.6441 243.8371
  11.000   0.3857   0.09091  -0.00242   0.0685   0.3862   0.6664  78.6441 243.8370
  11.000   0.3857   0.09091  -0.00242   0.0685   0.3862   0.6664  78.6441 243.8370
  11.000   0.3857   0.09091  -0.00242   0.0685   0.3862   0.6664  78.6441 243.8370
  11.000   0.3857   0.09091  -0.00242   0.0685   0.3862   0.6664  78.6441 243.8370
  12.000   0.5007   0.09253  -0.00305   0.0542   0.3812   0.6720  79.0478 244.1994
  12.000   0.5007   0.09253  -0.00305   0.0542   0.3812   0.6720  79.0478 244.1994
  12.000   0.5007   0.09253  -0.00305   0.0542   0.3812   0.6720  79.0478 244.1994
  12.000   0.5007   0.09253  -0.00305   0.0542   0.3812   0.6720  79.0478 244.1993
  12.000   0.5007   0.09253  -0.00305   0.0542   0.3812   0.6720  79.0478 244.1993
  13.000   0.5688   0.09728   0.00053   0.0470   0.3763   0.6776  79.4496 244.5561
  13.000   0.5688   0.09728   0.00053   0.0470   0.3763   0.6776  79.4496 244.5561
  13.000   0.5688   0.09728   0.00053   0.0470   0.3763   0.6776  79.4496 244.5560
  13.000   0.5688   0.09728   0.00053   0.0470   0.3763   0.6776  79.4496 244.5560
  13.000   0.5688   0.09728   0.00053   0.0470   0.3763   0.6776  79.4496 244.5560
  14.000   0.6636   0.09956   0.00056   0.0362   0.3721   0.6838  79.7863 244.9452
  14.000   0.6636   0.09956   0.00056   0.0362   0.3721   0.6838  79.7863 244.9452
  14.000   0.6636   0.09956   0.00056   0.0362   0.3721   0.6838  79.7863 244.9452
  14.000   0.6636   0.09956   0.00056   0.0362   0.3721   0.6838  79.7863 244.9452
  14.000   0.6636   0.09956   0.00056   0.0362   0.3721   0.6838  79.7863 244.9452
  15.000   0.7677   0.10243   0.00165   0.0224   0.3681   0.6900  80.1184 245.3351
  15.000   0.7677   0.10243   0.00165   0.0224   0.3681   0.6900  80.1184 245.3350
  15.000   0.7677   0.10243   0.00165   0.0224   0.3681   0.6900  80.1184 245.3350
  15.000   0.7677   0.10243   0.00165   0.0224   0.3681   0.6900  80.1184 245.3350
  15.000   0.7677   0.10243   0.00165   0.0224   0.3681   0.6900  80.1184 245.3350
  16.000   0.8153   0.10860   0.00773   0.0172   0.3633   0.6965  80.5116 245.7326
  16.000   0.8153   0.10860   0.00773   0.0172   0.3633   0.6965  80.5116 245.7328
  16.000   0.8153   0.10860   0.00773   0.0172   0.3633   0.6965  80.5116 245.7328
  16.000   0.8153   0.10860   0.00773   0.0172   0.3633   0.6965  80.5116 245.7328
  16.000   0.8153   0.10860   0.00773   0.0172   0.3633   0.6965  80.5116 245.7328
  17.000   0.9166   0.11101   0.00795   0.0041   0.3597   0.7036  80.8104 246.1738
  17.000   0.9166   0.11101   0.00795   0.0041   0.3597   0.7036  80.8104 246.1738
  17.000   0.9166   0.11101   0.00795   0.0041   0.3597   0.7036  80.8104 246.1738
  17.000   0.9166   0.11101   0.00795   0.0041   0.3597   0.7036  80.8104 246.1738
  17.000   0.9166   0.11101   0.00795   0.0041   0.3597   0.7036  80.8104 246.1738
  18.000   0.9693   0.11681   0.01418  -0.0026   0.3553   0.7106  81.1822 246.5968
  18.000   0.9692   0.11680   0.01418  -0.0026   0.3553   0.7106  81.1822 246.5968
  18.000   0.9692   0.11680   0.01418  -0.0026   0.3553   0.7106  81.1822 246.5969
  18.000   0.9692   0.11680   0.01418  -0.0026   0.3553   0.7106  81.1822 246.5969
  18.000   0.9692   0.11680   0.01418  -0.0026   0.3553   0.7106  81.1822 246.5969
  19.000   0.9581   0.12692   0.02885  -0.0011   0.3485   0.7171  81.7582 246.9943
  19.000   0.9581   0.12693   0.02885  -0.0011   0.3485   0.7171  81.7582 246.9942
  19.000   0.9581   0.12693   0.02885  -0.0011   0.3485   0.7171  81.7582 246.9941
  19.000   0.9581   0.12693   0.02885  -0.0011   0.3485   0.7171  81.7582 246.9941
  19.000   0.9581   0.12693   0.02885  -0.0011   0.3485   0.7171  81.7582 246.9941
