  
       XFOIL         Version 6.99
  
 Calculated polar for: FX 79-W-660A                                    
  
 1 1 Reynolds number fixed          Mach number fixed         
  
 xtrf =   1.000 (top)        1.000 (bottom)  
 Mach =   0.000     Re =     0.300 e 6     Ncrit =   9.000  9.000
  
   alpha    CL        CD       CDp       CM     Top_Xtr  Bot_Xtr  Top_Itr  Bot_Itr
  ------ -------- --------- --------- -------- -------- -------- -------- --------
   0.000  -0.0995   0.04697  -0.02962   0.0521   0.5980   0.6250  62.5186 241.0362
   0.000  -0.0994   0.04697  -0.02962   0.0521   0.5980   0.6250  62.5187 241.0361
   0.000  -0.0994   0.04697  -0.02962   0.0521   0.5980   0.6250  62.5187 241.0361
   0.000  -0.0994   0.04697  -0.02962   0.0521   0.5980   0.6250  62.5187 241.0361
   0.000  -0.0994   0.04697  -0.02962   0.0521   0.5980   0.6250  62.5187 241.0361
   1.000   0.7344   0.07572   0.00328  -0.1197   0.5794   0.5927  63.8494 238.7448
   1.000   0.7344   0.07572   0.00328  -0.1197   0.5794   0.5927  63.8495 238.7442
   1.000   0.7344   0.07572   0.00328  -0.1197   0.5794   0.5927  63.8495 238.7442
   1.000   0.7344   0.07572   0.00328  -0.1197   0.5794   0.5927  63.8495 238.7442
   1.000   0.7344   0.07572   0.00328  -0.1197   0.5794   0.5927  63.8495 238.7442
   2.000  -0.0698   0.04917  -0.02820   0.0808   0.5734   0.6374  64.2889 241.8924
   2.000  -0.0698   0.04917  -0.02820   0.0808   0.5734   0.6374  64.2889 241.8923
   2.000  -0.0698   0.04917  -0.02820   0.0808   0.5734   0.6374  64.2889 241.8923
   2.000  -0.0698   0.04917  -0.02820   0.0808   0.5734   0.6374  64.2889 241.8923
   2.000  -0.0698   0.04917  -0.02820   0.0808   0.5734   0.6374  64.2889 241.8923
   3.000  -0.0568   0.05227  -0.02614   0.0929   0.5569   0.6424  65.4877 242.2322
   3.000  -0.0568   0.05227  -0.02614   0.0929   0.5569   0.6424  65.4877 242.2322
   3.000  -0.0568   0.05227  -0.02614   0.0929   0.5569   0.6424  65.4877 242.2323
   3.000  -0.0569   0.05227  -0.02614   0.0929   0.5569   0.6424  65.4877 242.2323
   3.000  -0.0569   0.05227  -0.02614   0.0929   0.5569   0.6424  65.4877 242.2323
   4.000  -0.0302   0.05550  -0.02482   0.1006   0.5385   0.6481  66.8318 242.6167
   4.000  -0.0301   0.05550  -0.02482   0.1006   0.5385   0.6481  66.8318 242.6166
   4.000  -0.0301   0.05550  -0.02482   0.1006   0.5385   0.6481  66.8318 242.6165
   4.000  -0.0301   0.05550  -0.02482   0.1006   0.5385   0.6481  66.8318 242.6165
   4.000  -0.0301   0.05550  -0.02482   0.1006   0.5385   0.6481  66.8318 242.6165
   5.000  -0.0729   0.06201  -0.02125   0.1204   0.5116   0.6546  68.8201 243.0572
   5.000  -0.0729   0.06201  -0.02125   0.1204   0.5116   0.6546  68.8201 243.0572
   5.000  -0.0729   0.06201  -0.02125   0.1204   0.5116   0.6546  68.8201 243.0572
   5.000  -0.0729   0.06201  -0.02125   0.1204   0.5116   0.6546  68.8201 243.0572
   5.000  -0.0729   0.06201  -0.02125   0.1204   0.5116   0.6546  68.8201 243.0572
   6.000  -0.0409   0.06794  -0.01736   0.1219   0.4835   0.6589  70.9360 243.3410
   6.000  -0.0409   0.06794  -0.01736   0.1219   0.4835   0.6589  70.9360 243.3410
   6.000  -0.0409   0.06794  -0.01736   0.1219   0.4835   0.6589  70.9360 243.3410
   6.000  -0.0409   0.06794  -0.01736   0.1219   0.4835   0.6589  70.9360 243.3410
   6.000  -0.0409   0.06794  -0.01736   0.1219   0.4835   0.6589  70.9360 243.3410
   7.000  -0.0157   0.07354  -0.01382   0.1249   0.4580   0.6650  72.9118 243.7421
   7.000  -0.0157   0.07354  -0.01382   0.1249   0.4580   0.6650  72.9118 243.7422
   7.000  -0.0157   0.07354  -0.01382   0.1249   0.4580   0.6650  72.9117 243.7422
   7.000  -0.0157   0.07354  -0.01382   0.1249   0.4580   0.6650  72.9117 243.7422
   7.000  -0.0157   0.07354  -0.01382   0.1249   0.4580   0.6650  72.9117 243.7422
   8.000   0.0400   0.07814  -0.01084   0.1214   0.4405   0.6707  74.2841 244.1167
   8.000   0.0400   0.07814  -0.01084   0.1214   0.4405   0.6707  74.2841 244.1167
   8.000   0.0400   0.07814  -0.01084   0.1214   0.4405   0.6707  74.2841 244.1167
   8.000   0.0400   0.07814  -0.01084   0.1214   0.4405   0.6707  74.2841 244.1167
   8.000   0.0400   0.07814  -0.01084   0.1214   0.4405   0.6707  74.2841 244.1167
   9.000   0.1265   0.08144  -0.00905   0.1121   0.4287   0.6760  75.2212 244.4539
   9.000   0.1265   0.08144  -0.00905   0.1121   0.4287   0.6760  75.2212 244.4538
   9.000   0.1265   0.08144  -0.00905   0.1121   0.4287   0.6760  75.2212 244.4538
   9.000   0.1265   0.08144  -0.00905   0.1121   0.4287   0.6760  75.2212 244.4537
   9.000   0.1265   0.08144  -0.00905   0.1121   0.4287   0.6760  75.2212 244.4537
  10.000   0.2190   0.08360  -0.00899   0.1025   0.4201   0.6829  75.9150 244.8901
  10.000   0.2190   0.08361  -0.00899   0.1025   0.4201   0.6829  75.9150 244.8900
  10.000   0.2190   0.08361  -0.00899   0.1025   0.4201   0.6829  75.9150 244.8900
  10.000   0.2190   0.08361  -0.00899   0.1025   0.4201   0.6829  75.9150 244.8899
  10.000   0.2190   0.08361  -0.00899   0.1025   0.4201   0.6829  75.9150 244.8899
  11.000   0.2812   0.08945  -0.00361   0.0952   0.4110   0.6880  76.6381 245.2084
  11.000   0.2812   0.08945  -0.00361   0.0952   0.4110   0.6880  76.6381 245.2084
  11.000   0.2812   0.08945  -0.00361   0.0952   0.4110   0.6880  76.6381 245.2085
  11.000   0.2812   0.08945  -0.00361   0.0952   0.4110   0.6880  76.6381 245.2085
  11.000   0.2812   0.08945  -0.00361   0.0952   0.4110   0.6880  76.6381 245.2085
  12.000   0.4120   0.08992  -0.00570   0.0784   0.4059   0.6945  77.0516 245.6084
  12.000   0.4120   0.08992  -0.00570   0.0784   0.4059   0.6945  77.0515 245.6085
  12.000   0.4120   0.08992  -0.00570   0.0784   0.4059   0.6945  77.0515 245.6084
  12.000   0.4121   0.08992  -0.00570   0.0784   0.4059   0.6945  77.0515 245.6084
  12.000   0.4121   0.08992  -0.00570   0.0784   0.4059   0.6945  77.0515 245.6083
  13.000   0.4036   0.09971   0.00575   0.0822   0.3971   0.7003  77.7612 245.9719
  13.000   0.4036   0.09971   0.00575   0.0822   0.3971   0.7003  77.7612 245.9718
  13.000   0.4036   0.09971   0.00575   0.0822   0.3971   0.7003  77.7612 245.9718
  13.000   0.4036   0.09971   0.00575   0.0822   0.3971   0.7003  77.7612 245.9717
  13.000   0.4036   0.09971   0.00575   0.0822   0.3971   0.7003  77.7612 245.9717
  14.000   0.5813   0.09817   0.00048   0.0567   0.3942   0.7070  77.9937 246.3774
  14.000   0.5812   0.09817   0.00048   0.0567   0.3942   0.7070  77.9937 246.3775
  14.000   0.5812   0.09817   0.00048   0.0567   0.3942   0.7070  77.9937 246.3776
  14.000   0.5812   0.09817   0.00048   0.0567   0.3942   0.7070  77.9937 246.3776
  14.000   0.5812   0.09817   0.00048   0.0567   0.3942   0.7070  77.9937 246.3776
  18.000  -0.4002   0.14799   0.09304   0.1657   0.2729   0.7044  88.8385 246.2213
  18.000  -0.4002   0.14799   0.09304   0.1657   0.2729   0.7044  88.8385 246.2214
  18.000  -0.4002   0.14799   0.09304   0.1657   0.2729   0.7044  88.8385 246.2214
  18.000  -0.4002   0.14799   0.09304   0.1657   0.2729   0.7044  88.8385 246.2214
  18.000  -0.4002   0.14799   0.09304   0.1657   0.2729   0.7044  88.8385 246.2214
  19.000  -0.3567   0.15227   0.10374   0.1565   0.2639   0.7101  89.7921 246.5656
  19.000  -0.3567   0.15227   0.10374   0.1565   0.2639   0.7101  89.7921 246.5656
  19.000  -0.3567   0.15227   0.10374   0.1565   0.2639   0.7101  89.7921 246.5655
  19.000  -0.3567   0.15227   0.10374   0.1565   0.2639   0.7101  89.7921 246.5655
  19.000  -0.3567   0.15227   0.10374   0.1565   0.2639   0.7101  89.7921 246.5655
