  
       XFOIL         Version 6.99
  
 Calculated polar for: FX 79-W-660A                                    
  
 1 1 Reynolds number fixed          Mach number fixed         
  
 xtrf =   1.000 (top)        1.000 (bottom)  
 Mach =   0.000     Re =     0.425 e 6     Ncrit =   9.000  9.000
  
   alpha    CL        CD       CDp       CM     Top_Xtr  Bot_Xtr  Top_Itr  Bot_Itr
  ------ -------- --------- --------- -------- -------- -------- -------- --------
   0.000  -0.0778   0.04030  -0.03523   0.0469   0.5851   0.6128  63.4407 240.1814
   0.000  -0.0778   0.04030  -0.03523   0.0469   0.5851   0.6128  63.4407 240.1814
   0.000  -0.0778   0.04030  -0.03523   0.0469   0.5851   0.6128  63.4407 240.1814
   0.000  -0.0778   0.04030  -0.03523   0.0469   0.5851   0.6128  63.4407 240.1814
   0.000  -0.0778   0.04030  -0.03523   0.0469   0.5851   0.6128  63.4407 240.1814
   1.000  -0.0129   0.04150  -0.03409   0.0493   0.5731   0.6186  64.3132 240.5848
   1.000  -0.0129   0.04150  -0.03409   0.0493   0.5731   0.6186  64.3132 240.5848
   1.000  -0.0129   0.04150  -0.03409   0.0493   0.5731   0.6186  64.3132 240.5848
   1.000  -0.0129   0.04150  -0.03409   0.0493   0.5731   0.6186  64.3132 240.5848
   1.000  -0.0129   0.04150  -0.03409   0.0493   0.5731   0.6186  64.3132 240.5848
   2.000   0.0155   0.04262  -0.03375   0.0607   0.5601   0.6252  65.2585 241.0488
   2.000   0.0155   0.04262  -0.03375   0.0607   0.5601   0.6252  65.2585 241.0488
   2.000   0.0155   0.04262  -0.03375   0.0607   0.5601   0.6252  65.2585 241.0488
   2.000   0.0155   0.04262  -0.03375   0.0607   0.5601   0.6252  65.2585 241.0488
   2.000   0.0155   0.04262  -0.03375   0.0607   0.5601   0.6252  65.2585 241.0488
   3.000   0.0717   0.04572  -0.03125   0.0632   0.5445   0.6302  66.3977 241.3928
   3.000   0.0717   0.04571  -0.03125   0.0632   0.5445   0.6302  66.3976 241.3929
   3.000   0.0717   0.04571  -0.03125   0.0632   0.5445   0.6302  66.3975 241.3929
   3.000   0.0717   0.04571  -0.03125   0.0632   0.5445   0.6302  66.3975 241.3929
   3.000   0.0717   0.04571  -0.03125   0.0632   0.5445   0.6302  66.3975 241.3929
   4.000   0.0831   0.05014  -0.02882   0.0748   0.5259   0.6360  67.7628 241.7903
   4.000   0.0831   0.05014  -0.02882   0.0748   0.5259   0.6360  67.7629 241.7902
   4.000   0.0831   0.05014  -0.02882   0.0748   0.5259   0.6360  67.7629 241.7902
   4.000   0.0831   0.05014  -0.02882   0.0748   0.5259   0.6360  67.7629 241.7902
   4.000   0.0831   0.05014  -0.02882   0.0748   0.5259   0.6360  67.7629 241.7902
   5.000   0.0673   0.05755  -0.02427   0.0886   0.5007   0.6412  69.6336 242.1481
   5.000   0.0673   0.05755  -0.02427   0.0886   0.5007   0.6412  69.6336 242.1481
   5.000   0.0673   0.05755  -0.02427   0.0886   0.5007   0.6412  69.6336 242.1482
   5.000   0.0673   0.05755  -0.02427   0.0886   0.5007   0.6412  69.6336 242.1482
   5.000   0.0673   0.05755  -0.02427   0.0886   0.5007   0.6412  69.6336 242.1482
   6.000   0.0437   0.06699  -0.01778   0.1003   0.4654   0.6456  72.3303 242.4474
   6.000   0.0437   0.06699  -0.01778   0.1003   0.4654   0.6456  72.3304 242.4473
   6.000   0.0437   0.06699  -0.01778   0.1003   0.4654   0.6456  72.3304 242.4473
   6.000   0.0437   0.06699  -0.01778   0.1003   0.4654   0.6456  72.3304 242.4473
   6.000   0.0437   0.06699  -0.01778   0.1003   0.4654   0.6456  72.3304 242.4473
   7.000   0.0541   0.07424  -0.01272   0.1055   0.4359   0.6510  74.6510 242.8156
   7.000   0.0541   0.07424  -0.01272   0.1055   0.4359   0.6510  74.6510 242.8156
   7.000   0.0541   0.07424  -0.01272   0.1055   0.4359   0.6510  74.6510 242.8156
   7.000   0.0541   0.07424  -0.01272   0.1055   0.4359   0.6510  74.6510 242.8156
   7.000   0.0541   0.07424  -0.01272   0.1055   0.4359   0.6510  74.6510 242.8156
   8.000   0.1219   0.07866  -0.01001   0.0998   0.4199   0.6562  75.9288 243.1649
   8.000   0.1219   0.07866  -0.01001   0.0998   0.4199   0.6562  75.9289 243.1648
   8.000   0.1219   0.07866  -0.01001   0.0998   0.4199   0.6562  75.9289 243.1648
   8.000   0.1219   0.07866  -0.01001   0.0998   0.4199   0.6562  75.9289 243.1648
   8.000   0.1219   0.07866  -0.01001   0.0998   0.4199   0.6562  75.9289 243.1648
   9.000   0.1957   0.08267  -0.00757   0.0930   0.4085   0.6614  76.8423 243.5082
   9.000   0.1957   0.08267  -0.00757   0.0930   0.4085   0.6614  76.8423 243.5082
   9.000   0.1957   0.08267  -0.00757   0.0930   0.4085   0.6614  76.8423 243.5083
   9.000   0.1957   0.08267  -0.00757   0.0930   0.4085   0.6614  76.8423 243.5083
   9.000   0.1957   0.08267  -0.00757   0.0930   0.4085   0.6614  76.8423 243.5083
  10.000   0.2732   0.08604  -0.00598   0.0858   0.4005   0.6674  77.4861 243.9024
  10.000   0.2732   0.08604  -0.00598   0.0858   0.4005   0.6674  77.4862 243.9023
  10.000   0.2732   0.08604  -0.00598   0.0858   0.4005   0.6674  77.4861 243.9024
  10.000   0.2732   0.08604  -0.00598   0.0858   0.4005   0.6674  77.4861 243.9024
  10.000   0.2732   0.08604  -0.00598   0.0858   0.4005   0.6674  77.4861 243.9024
  11.000   0.3939   0.08754  -0.00659   0.0704   0.3945   0.6728  77.9679 244.2483
  11.000   0.3939   0.08753  -0.00659   0.0704   0.3945   0.6728  77.9679 244.2483
  11.000   0.3939   0.08753  -0.00659   0.0704   0.3945   0.6728  77.9679 244.2483
  11.000   0.3940   0.08753  -0.00659   0.0704   0.3945   0.6728  77.9679 244.2482
  11.000   0.3940   0.08753  -0.00659   0.0704   0.3945   0.6728  77.9679 244.2482
  12.000   0.4590   0.09251  -0.00275   0.0638   0.3881   0.6783  78.4843 244.5994
  12.000   0.4589   0.09251  -0.00275   0.0638   0.3881   0.6783  78.4844 244.5992
  12.000   0.4589   0.09251  -0.00275   0.0638   0.3881   0.6783  78.4844 244.5992
  12.000   0.4589   0.09251  -0.00275   0.0638   0.3881   0.6783  78.4844 244.5992
  12.000   0.4589   0.09251  -0.00275   0.0638   0.3881   0.6783  78.4844 244.5992
  13.000   0.5590   0.09418  -0.00357   0.0527   0.3836   0.6845  78.8555 244.9929
  13.000   0.5590   0.09418  -0.00357   0.0526   0.3836   0.6845  78.8555 244.9928
  13.000   0.5590   0.09418  -0.00357   0.0526   0.3836   0.6845  78.8555 244.9928
  13.000   0.5590   0.09418  -0.00357   0.0526   0.3836   0.6845  78.8555 244.9928
  13.000   0.5590   0.09418  -0.00357   0.0526   0.3836   0.6845  78.8555 244.9928
  14.000   0.6462   0.09881   0.00021   0.0408   0.3788   0.6902  79.2401 245.3474
  14.000   0.6462   0.09881   0.00021   0.0408   0.3788   0.6902  79.2401 245.3474
  14.000   0.6462   0.09881   0.00021   0.0408   0.3788   0.6902  79.2402 245.3474
  14.000   0.6462   0.09881   0.00021   0.0408   0.3788   0.6902  79.2402 245.3473
  14.000   0.6462   0.09881   0.00021   0.0408   0.3788   0.6902  79.2402 245.3473
  15.000   0.7127   0.10361   0.00416   0.0332   0.3736   0.6968  79.6681 245.7538
  15.000   0.7127   0.10361   0.00416   0.0332   0.3736   0.6968  79.6681 245.7537
  15.000   0.7127   0.10361   0.00416   0.0332   0.3736   0.6968  79.6681 245.7537
  15.000   0.7127   0.10361   0.00416   0.0332   0.3736   0.6968  79.6681 245.7537
  15.000   0.7127   0.10361   0.00416   0.0332   0.3736   0.6968  79.6681 245.7537
  16.000   0.8431   0.10416   0.00163   0.0159   0.3704   0.7039  79.9297 246.1902
  16.000   0.8431   0.10416   0.00163   0.0159   0.3704   0.7039  79.9297 246.1902
  16.000   0.8431   0.10416   0.00163   0.0159   0.3704   0.7039  79.9297 246.1901
  16.000   0.8431   0.10416   0.00163   0.0159   0.3704   0.7039  79.9297 246.1901
  16.000   0.8431   0.10416   0.00163   0.0159   0.3704   0.7039  79.9297 246.1901
  17.000   0.7753   0.11957   0.02446   0.0247   0.3620   0.7092  80.6271 246.5121
  17.000   0.7754   0.11957   0.02446   0.0247   0.3620   0.7092  80.6271 246.5119
  17.000   0.7754   0.11957   0.02446   0.0247   0.3620   0.7092  80.6271 246.5118
  17.000   0.7754   0.11957   0.02446   0.0247   0.3620   0.7092  80.6270 246.5118
  17.000   0.7754   0.11957   0.02446   0.0247   0.3620   0.7092  80.6270 246.5118
  18.000   0.8819   0.12076   0.02277   0.0114   0.3588   0.7169  80.8896 246.9846
  18.000   0.8819   0.12076   0.02277   0.0114   0.3588   0.7169  80.8896 246.9845
  18.000   0.8819   0.12076   0.02277   0.0114   0.3588   0.7169  80.8896 246.9844
  18.000   0.8819   0.12076   0.02277   0.0114   0.3588   0.7169  80.8896 246.9844
  18.000   0.8819   0.12076   0.02277   0.0114   0.3588   0.7169  80.8896 246.9844
