  
       XFOIL         Version 6.99
  
 Calculated polar for: FX 79-W-660A                                    
  
 1 1 Reynolds number fixed          Mach number fixed         
  
 xtrf =   1.000 (top)        1.000 (bottom)  
 Mach =   0.000     Re =     0.350 e 6     Ncrit =   9.000  9.000
  
   alpha    CL        CD       CDp       CM     Top_Xtr  Bot_Xtr  Top_Itr  Bot_Itr
  ------ -------- --------- --------- -------- -------- -------- -------- --------
   0.000  -0.0354   0.04332  -0.03260   0.0360   0.5931   0.6187  62.8603 240.5930
   0.000  -0.0354   0.04332  -0.03260   0.0360   0.5931   0.6187  62.8603 240.5931
   0.000  -0.0354   0.04332  -0.03260   0.0360   0.5931   0.6187  62.8603 240.5931
   0.000  -0.0354   0.04332  -0.03260   0.0360   0.5931   0.6187  62.8603 240.5931
   0.000  -0.0354   0.04332  -0.03260   0.0360   0.5931   0.6187  62.8603 240.5931
   1.000  -0.0537   0.04356  -0.03285   0.0597   0.5812   0.6260  63.7189 241.1055
   1.000  -0.0537   0.04356  -0.03285   0.0597   0.5812   0.6260  63.7189 241.1055
   1.000  -0.0537   0.04356  -0.03285   0.0597   0.5812   0.6260  63.7189 241.1055
   1.000  -0.0537   0.04356  -0.03285   0.0597   0.5812   0.6260  63.7189 241.1056
   1.000  -0.0537   0.04356  -0.03285   0.0597   0.5812   0.6260  63.7189 241.1056
   2.000   0.0010   0.04559  -0.03097   0.0638   0.5678   0.6311  64.6930 241.4580
   2.000   0.0010   0.04559  -0.03097   0.0638   0.5678   0.6311  64.6930 241.4581
   2.000   0.0010   0.04559  -0.03097   0.0638   0.5678   0.6311  64.6930 241.4581
   2.000   0.0010   0.04559  -0.03097   0.0638   0.5678   0.6311  64.6930 241.4581
   2.000   0.0010   0.04559  -0.03097   0.0638   0.5678   0.6311  64.6930 241.4581
   3.000   0.0061   0.04752  -0.03046   0.0795   0.5530   0.6380  65.7711 241.9297
   3.000   0.0061   0.04752  -0.03046   0.0795   0.5530   0.6380  65.7711 241.9296
   3.000   0.0061   0.04752  -0.03046   0.0795   0.5530   0.6380  65.7711 241.9296
   3.000   0.0061   0.04752  -0.03046   0.0795   0.5530   0.6380  65.7711 241.9296
   3.000   0.0061   0.04752  -0.03046   0.0795   0.5530   0.6380  65.7711 241.9296
   4.000   0.0570   0.05094  -0.02848   0.0817   0.5352   0.6428  67.0772 242.2593
   4.000   0.0570   0.05094  -0.02848   0.0817   0.5352   0.6428  67.0773 242.2592
   4.000   0.0570   0.05094  -0.02848   0.0817   0.5352   0.6428  67.0773 242.2593
   4.000   0.0570   0.05094  -0.02848   0.0817   0.5352   0.6428  67.0772 242.2593
   4.000   0.0570   0.05094  -0.02848   0.0817   0.5352   0.6428  67.0772 242.2593
   5.000   0.0307   0.05795  -0.02423   0.0983   0.5101   0.6482  68.9321 242.6219
   5.000   0.0307   0.05795  -0.02423   0.0983   0.5101   0.6482  68.9322 242.6218
   5.000   0.0308   0.05795  -0.02423   0.0983   0.5101   0.6482  68.9322 242.6217
   5.000   0.0308   0.05795  -0.02423   0.0983   0.5101   0.6482  68.9322 242.6217
   5.000   0.0308   0.05795  -0.02423   0.0983   0.5101   0.6482  68.9322 242.6217
   6.000  -0.0292   0.06756  -0.01792   0.1181   0.4746   0.6536  71.6218 242.9946
   6.000  -0.0292   0.06756  -0.01792   0.1181   0.4746   0.6536  71.6219 242.9945
   6.000  -0.0292   0.06756  -0.01792   0.1181   0.4746   0.6536  71.6219 242.9945
   6.000  -0.0292   0.06756  -0.01792   0.1181   0.4746   0.6536  71.6219 242.9945
   6.000  -0.0292   0.06756  -0.01792   0.1181   0.4746   0.6536  71.6219 242.9945
   7.000   0.0166   0.07387  -0.01321   0.1156   0.4480   0.6582  73.6970 243.2934
   7.000   0.0166   0.07387  -0.01321   0.1156   0.4480   0.6582  73.6970 243.2933
   7.000   0.0166   0.07387  -0.01321   0.1156   0.4480   0.6582  73.6970 243.2933
   7.000   0.0166   0.07387  -0.01321   0.1156   0.4480   0.6582  73.6970 243.2933
   7.000   0.0166   0.07387  -0.01321   0.1156   0.4480   0.6582  73.6970 243.2933
   8.000   0.0891   0.07731  -0.01165   0.1098   0.4323   0.6639  74.9402 243.6734
   8.000   0.0891   0.07731  -0.01165   0.1098   0.4323   0.6639  74.9402 243.6735
   8.000   0.0891   0.07731  -0.01165   0.1098   0.4323   0.6639  74.9402 243.6735
   8.000   0.0891   0.07731  -0.01165   0.1098   0.4323   0.6639  74.9402 243.6735
   8.000   0.0891   0.07731  -0.01165   0.1098   0.4323   0.6639  74.9402 243.6735
   9.000   0.1645   0.08076  -0.01008   0.1030   0.4202   0.6700  75.9046 244.0682
   9.000   0.1645   0.08076  -0.01008   0.1030   0.4202   0.6700  75.9046 244.0681
   9.000   0.1645   0.08076  -0.01008   0.1030   0.4202   0.6700  75.9046 244.0681
   9.000   0.1645   0.08076  -0.01008   0.1030   0.4202   0.6700  75.9046 244.0681
   9.000   0.1645   0.08076  -0.01008   0.1030   0.4202   0.6700  75.9046 244.0681
  10.000   0.2442   0.08508  -0.00695   0.0941   0.4108   0.6750  76.6589 244.3868
  10.000   0.2442   0.08508  -0.00695   0.0941   0.4108   0.6750  76.6589 244.3867
  10.000   0.2442   0.08508  -0.00695   0.0941   0.4108   0.6750  76.6589 244.3867
  10.000   0.2442   0.08508  -0.00695   0.0941   0.4108   0.6750  76.6589 244.3867
  10.000   0.2442   0.08508  -0.00695   0.0941   0.4108   0.6750  76.6589 244.3867
  11.000   0.3447   0.08709  -0.00702   0.0827   0.4044   0.6814  77.1713 244.7924
  11.000   0.3447   0.08709  -0.00702   0.0827   0.4044   0.6814  77.1713 244.7923
  11.000   0.3447   0.08709  -0.00702   0.0827   0.4044   0.6814  77.1713 244.7923
  11.000   0.3447   0.08709  -0.00702   0.0827   0.4044   0.6814  77.1713 244.7923
  11.000   0.3447   0.08709  -0.00702   0.0827   0.4044   0.6814  77.1713 244.7923
  12.000   0.4271   0.09129  -0.00412   0.0727   0.3974   0.6870  77.7346 245.1455
  12.000   0.4271   0.09129  -0.00412   0.0727   0.3974   0.6870  77.7346 245.1455
  12.000   0.4271   0.09129  -0.00412   0.0727   0.3974   0.6870  77.7346 245.1456
  12.000   0.4271   0.09129  -0.00412   0.0727   0.3974   0.6870  77.7346 245.1456
  12.000   0.4271   0.09129  -0.00412   0.0727   0.3974   0.6870  77.7346 245.1456
  13.000   0.5326   0.09370  -0.00351   0.0594   0.3926   0.6930  78.1247 245.5202
  13.000   0.5326   0.09370  -0.00351   0.0594   0.3926   0.6930  78.1246 245.5203
  13.000   0.5326   0.09370  -0.00351   0.0594   0.3926   0.6930  78.1246 245.5204
  13.000   0.5326   0.09370  -0.00351   0.0594   0.3926   0.6930  78.1246 245.5203
  13.000   0.5326   0.09370  -0.00351   0.0594   0.3926   0.6930  78.1246 245.5203
  14.000   0.5641   0.10096   0.00415   0.0569   0.3858   0.6992  78.6734 245.8980
  14.000   0.5641   0.10096   0.00415   0.0569   0.3858   0.6992  78.6734 245.8981
  14.000   0.5641   0.10096   0.00415   0.0569   0.3858   0.6992  78.6734 245.8982
  14.000   0.5641   0.10096   0.00415   0.0569   0.3858   0.6992  78.6734 245.8982
  14.000   0.5641   0.10096   0.00415   0.0569   0.3858   0.6992  78.6734 245.8982
  15.000   0.7137   0.10088   0.00089   0.0361   0.3825   0.7059  78.9449 246.3140
  15.000   0.7137   0.10088   0.00089   0.0361   0.3825   0.7059  78.9449 246.3139
  15.000   0.7137   0.10088   0.00089   0.0361   0.3825   0.7059  78.9449 246.3139
  15.000   0.7137   0.10088   0.00089   0.0361   0.3825   0.7059  78.9449 246.3139
  15.000   0.7137   0.10088   0.00089   0.0361   0.3825   0.7059  78.9449 246.3139
  16.000   0.5789   0.12145   0.03362   0.0538   0.3706   0.7103  79.9140 246.5779
  16.000   0.5789   0.12145   0.03362   0.0538   0.3706   0.7103  79.9140 246.5782
  16.000   0.5789   0.12145   0.03362   0.0538   0.3706   0.7103  79.9140 246.5782
  16.000   0.5789   0.12145   0.03362   0.0538   0.3706   0.7103  79.9140 246.5782
  16.000   0.5789   0.12145   0.03362   0.0538   0.3706   0.7103  79.9140 246.5782
  19.000  -0.2892   0.14816   0.09215   0.1465   0.2454   0.7034  91.7895 246.1564
  19.000  -0.2892   0.14816   0.09215   0.1465   0.2454   0.7034  91.7895 246.1564
  19.000  -0.2892   0.14815   0.09215   0.1465   0.2454   0.7034  91.7895 246.1565
  19.000  -0.2892   0.14815   0.09215   0.1465   0.2454   0.7034  91.7895 246.1565
