xflr5 v6.61

 Calculated polar for: SA7036

 1 1 Reynolds number fixed          Mach number fixed         

 xtrf =   1.000 (top)        1.000 (bottom)
 Mach =   0.000     Re =     0.100 e 6     Ncrit =   9.000

  alpha     CL        CD       CDp       Cm    Top Xtr Bot Xtr   Cpmin    Chinge    XCp    
 ------- -------- --------- --------- -------- ------- ------- -------- --------- ---------
  -2.000  -0.0616   0.01646   0.00894  -0.0481  0.9925  0.3014  -1.9940   0.0000   0.0000   0.0000  -0.5391
  -1.900  -0.0502   0.01540   0.00920  -0.0482  0.9905  0.5792  -1.9431   0.0000   0.0000   0.0000  -0.7205
  -1.800  -0.0413   0.01501   0.00940  -0.0467  0.9873  0.7363  -1.8836   0.0000   0.0000   0.0000  -0.8930
  -1.700  -0.0310   0.01485   0.00951  -0.0454  0.9841  0.8513  -1.8150   0.0000   0.0000   0.0000  -1.2314
  -1.600  -0.0066   0.01470   0.00932  -0.0478  0.9786  1.0000  -1.7006   0.0000   0.0000   0.0000  -7.0584
  -1.500   0.0136   0.01484   0.00927  -0.0498  0.9748  1.0000  -1.5992   0.0000   0.0000   0.0000   3.9524
  -1.400   0.0354   0.01501   0.00926  -0.0520  0.9718  1.0000  -1.4906   0.0000   0.0000   0.0000   1.7299
  -1.300   0.0508   0.01510   0.00922  -0.0531  0.9664  1.0000  -1.4040   0.0000   0.0000   0.0000   1.3022
  -1.200   0.0690   0.01521   0.00920  -0.0547  0.9620  1.0000  -1.3078   0.0000   0.0000   0.0000   1.0463
  -1.100   0.0893   0.01534   0.00921  -0.0566  0.9586  1.0000  -1.2052   0.0000   0.0000   0.0000   0.8867
  -1.000   0.1105   0.01548   0.00923  -0.0587  0.9558  1.0000  -1.1006   0.0000   0.0000   0.0000   0.7833
  -0.900   0.1218   0.01554   0.00921  -0.0589  0.9493  1.0000  -1.0294   0.0000   0.0000   0.0000   0.7353
  -0.800   0.1395   0.01562   0.00920  -0.0603  0.9447  1.0000  -0.9374   0.0000   0.0000   0.0000   0.6834
  -0.700   0.1602   0.01571   0.00919  -0.0622  0.9412  1.0000  -0.8358   0.0000   0.0000   0.0000   0.6392
  -0.600   0.1826   0.01579   0.00918  -0.0645  0.9384  1.0000  -0.7234   0.0000   0.0000   0.0000   0.6032
  -0.500   0.1922   0.01584   0.00907  -0.0643  0.9313  1.0000  -0.6269   0.0000   0.0000   0.0000   0.5845
  -0.400   0.2086   0.01589   0.00905  -0.0653  0.9261  1.0000  -0.5503   0.0000   0.0000   0.0000   0.5631
  -0.300   0.2285   0.01593   0.00902  -0.0670  0.9223  1.0000  -0.4867   0.0000   0.0000   0.0000   0.5430
  -0.200   0.2503   0.01595   0.00898  -0.0690  0.9193  1.0000  -0.5024   0.0000   0.0000   0.0000   0.5254
  -0.100   0.2700   0.01597   0.00895  -0.0707  0.9158  1.0000  -0.5183   0.0000   0.0000   0.0000   0.5111
   0.000   0.2772   0.01603   0.00897  -0.0700  0.9078  1.0000  -0.5263   0.0000   0.0000   0.0000   0.5017
   0.100   0.2948   0.01603   0.00892  -0.0712  0.9030  1.0000  -0.5411   0.0000   0.0000   0.0000   0.4905
   0.200   0.3149   0.01599   0.00884  -0.0727  0.8993  1.0000  -0.5577   0.0000   0.0000   0.0000   0.4800
   0.300   0.3356   0.01592   0.00874  -0.0743  0.8963  1.0000  -0.5749   0.0000   0.0000   0.0000   0.4704
   0.400   0.3537   0.01588   0.00866  -0.0755  0.8927  1.0000  -0.5904   0.0000   0.0000   0.0000   0.4622
   0.500   0.3590   0.01597   0.00872  -0.0744  0.8837  1.0000  -0.5973   0.0000   0.0000   0.0000   0.4560
   0.600   0.3740   0.01592   0.00865  -0.0750  0.8784  1.0000  -0.6110   0.0000   0.0000   0.0000   0.4491
   0.700   0.3914   0.01583   0.00853  -0.0759  0.8744  1.0000  -0.6279   0.0000   0.0000   0.0000   0.4424
   0.800   0.4096   0.01571   0.00839  -0.0768  0.8711  1.0000  -0.6455   0.0000   0.0000   0.0000   0.4361
   0.900   0.4257   0.01563   0.00829  -0.0775  0.8673  1.0000  -0.6624   0.0000   0.0000   0.0000   0.4304
   1.000   0.4304   0.01574   0.00838  -0.0763  0.8577  1.0000  -0.6711   0.0000   0.0000   0.0000   0.4256
   1.100   0.4435   0.01567   0.00830  -0.0764  0.8520  1.0000  -0.6868   0.0000   0.0000   0.0000   0.4206
   1.200   0.4588   0.01555   0.00817  -0.0768  0.8476  1.0000  -0.7043   0.0000   0.0000   0.0000   0.4156
   1.300   0.4748   0.01541   0.00800  -0.0773  0.8438  1.0000  -0.7226   0.0000   0.0000   0.0000   0.4109
   1.400   0.4880   0.01534   0.00792  -0.0773  0.8389  1.0000  -0.7387   0.0000   0.0000   0.0000   0.4065
   1.500   0.4944   0.01542   0.00800  -0.0764  0.8296  1.0000  -0.7490   0.0000   0.0000   0.0000   0.4026
   1.600   0.5064   0.01535   0.00792  -0.0763  0.8233  1.0000  -0.7642   0.0000   0.0000   0.0000   0.3985
   1.700   0.5200   0.01521   0.00782  -0.0763  0.8183  1.0000  -0.7809   0.0000   0.0000   0.0000   0.3945
   1.800   0.5346   0.01506   0.00764  -0.0764  0.8142  1.0000  -0.7992   0.0000   0.0000   0.0000   0.3906
   1.900   0.5447   0.01506   0.00763  -0.0760  0.8074  1.0000  -0.8147   0.0000   0.0000   0.0000   0.3872
   2.000   0.5530   0.01511   0.00767  -0.0754  0.7986  1.0000  -0.8285   0.0000   0.0000   0.0000   0.3839
   2.100   0.5646   0.01502   0.00757  -0.0751  0.7919  1.0000  -0.8456   0.0000   0.0000   0.0000   0.3805
   2.200   0.5775   0.01489   0.00741  -0.0749  0.7864  1.0000  -0.8641   0.0000   0.0000   0.0000   0.3771
   2.300   0.5908   0.01476   0.00724  -0.0747  0.7816  1.0000  -0.8832   0.0000   0.0000   0.0000   0.3739
   2.400   0.5985   0.01486   0.00735  -0.0741  0.7722  1.0000  -0.8965   0.0000   0.0000   0.0000   0.3711
   2.500   0.6085   0.01485   0.00733  -0.0736  0.7638  1.0000  -0.9122   0.0000   0.0000   0.0000   0.3682
   2.600   0.6202   0.01476   0.00722  -0.0733  0.7570  1.0000  -0.9303   0.0000   0.0000   0.0000   0.3654
   2.700   0.6325   0.01466   0.00708  -0.0730  0.7511  1.0000  -0.9512   0.0000   0.0000   0.0000   0.3625
   2.800   0.6425   0.01470   0.00711  -0.0726  0.7431  1.0000  -0.9692   0.0000   0.0000   0.0000   0.3600
   2.900   0.6516   0.01476   0.00717  -0.0721  0.7336  1.0000  -0.9868   0.0000   0.0000   0.0000   0.3576
   3.000   0.6624   0.01473   0.00711  -0.0717  0.7256  1.0000  -1.0088   0.0000   0.0000   0.0000   0.3551
   3.100   0.6740   0.01467   0.00701  -0.0714  0.7187  1.0000  -1.0320   0.0000   0.0000   0.0000   0.3527
   3.200   0.6849   0.01471   0.00701  -0.0711  0.7111  1.0000  -1.0541   0.0000   0.0000   0.0000   0.3504
   3.300   0.6938   0.01480   0.00712  -0.0706  0.7011  1.0000  -1.0735   0.0000   0.0000   0.0000   0.3483
   3.400   0.7041   0.01481   0.00711  -0.0702  0.6921  1.0000  -1.0952   0.0000   0.0000   0.0000   0.3462
   3.500   0.7152   0.01480   0.00705  -0.0698  0.6843  1.0000  -1.1183   0.0000   0.0000   0.0000   0.3440
   3.600   0.7259   0.01487   0.00706  -0.0694  0.6759  1.0000  -1.1406   0.0000   0.0000   0.0000   0.3420
   3.700   0.7348   0.01496   0.00718  -0.0690  0.6653  1.0000  -1.1606   0.0000   0.0000   0.0000   0.3401
   3.800   0.7449   0.01499   0.00719  -0.0686  0.6557  1.0000  -1.1824   0.0000   0.0000   0.0000   0.3382
   3.900   0.7559   0.01502   0.00714  -0.0682  0.6474  1.0000  -1.2092   0.0000   0.0000   0.0000   0.3362
   4.000   0.7658   0.01514   0.00724  -0.0678  0.6381  1.0000  -1.2342   0.0000   0.0000   0.0000   0.3345
   4.100   0.7751   0.01523   0.00736  -0.0674  0.6275  1.0000  -1.2582   0.0000   0.0000   0.0000   0.3328
   4.200   0.7851   0.01529   0.00739  -0.0670  0.6180  1.0000  -1.2839   0.0000   0.0000   0.0000   0.3311
   4.300   0.7960   0.01538   0.00738  -0.0666  0.6095  1.0000  -1.3112   0.0000   0.0000   0.0000   0.3294
   4.400   0.8057   0.01551   0.00775  -0.0663  0.6003  1.0000  -1.3373   0.0000   0.0000   0.0000   0.3279
   4.500   0.8151   0.01562   0.00789  -0.0659  0.5901  1.0000  -1.3662   0.0000   0.0000   0.0000   0.3264
   4.600   0.8250   0.01570   0.00795  -0.0655  0.5807  1.0000  -1.3967   0.0000   0.0000   0.0000   0.3248
   4.700   0.8357   0.01583   0.00797  -0.0652  0.5720  1.0000  -1.4289   0.0000   0.0000   0.0000   0.3233
   4.800   0.8450   0.01598   0.00814  -0.0648  0.5620  1.0000  -1.4580   0.0000   0.0000   0.0000   0.3219
   4.900   0.8543   0.01609   0.00828  -0.0644  0.5514  1.0000  -1.4900   0.0000   0.0000   0.0000   0.3205
   5.000   0.8641   0.01619   0.00834  -0.0640  0.5417  1.0000  -1.5275   0.0000   0.0000   0.0000   0.3191
   5.100   0.8747   0.01640   0.00841  -0.0637  0.5325  1.0000  -1.5670   0.0000   0.0000   0.0000   0.3178
   5.200   0.8835   0.01652   0.00862  -0.0634  0.5222  1.0000  -1.6078   0.0000   0.0000   0.0000   0.3165
   5.300   0.8929   0.01665   0.00876  -0.0630  0.5118  1.0000  -1.6519   0.0000   0.0000   0.0000   0.3152
   5.400   0.9027   0.01679   0.00883  -0.0626  0.5022  1.0000  -1.6981   0.0000   0.0000   0.0000   0.3139
   5.500   0.9126   0.01702   0.00897  -0.0623  0.4926  1.0000  -1.7446   0.0000   0.0000   0.0000   0.3127
   5.600   0.9215   0.01715   0.00918  -0.0619  0.4819  1.0000  -1.7879   0.0000   0.0000   0.0000   0.3115
   5.700   0.9306   0.01728   0.00931  -0.0614  0.4713  1.0000  -1.8333   0.0000   0.0000   0.0000   0.3103
   5.800   0.9403   0.01748   0.00939  -0.0610  0.4614  1.0000  -1.8807   0.0000   0.0000   0.0000   0.3091
   5.900   0.9495   0.01769   0.00961  -0.0607  0.4511  1.0000  -1.9258   0.0000   0.0000   0.0000   0.3080
   6.000   0.9584   0.01784   0.00980  -0.0603  0.4403  1.0000  -1.9959   0.0000   0.0000   0.0000   0.3068
   6.100   0.9675   0.01800   0.00992  -0.0599  0.4302  1.0000  -2.0798   0.0000   0.0000   0.0000   0.3057
   6.200   0.9772   0.01832   0.01009  -0.0595  0.4201  1.0000  -2.1670   0.0000   0.0000   0.0000   0.3046
   6.300   0.9858   0.01846   0.01035  -0.0591  0.4099  1.0000  -2.2486   0.0000   0.0000   0.0000   0.3036
   6.400   0.9947   0.01863   0.01054  -0.0587  0.3996  1.0000  -2.3338   0.0000   0.0000   0.0000   0.3025
   6.500   1.0038   0.01888   0.01069  -0.0583  0.3899  1.0000  -2.4226   0.0000   0.0000   0.0000   0.3015
   6.600   1.0129   0.01919   0.01097  -0.0580  0.3801  1.0000  -2.5103   0.0000   0.0000   0.0000   0.3005
   6.700   1.0215   0.01937   0.01122  -0.0575  0.3697  1.0000  -2.5965   0.0000   0.0000   0.0000   0.2995
   6.800   1.0301   0.01956   0.01140  -0.0571  0.3596  1.0000  -2.6860   0.0000   0.0000   0.0000   0.2985
   6.900   1.0389   0.02001   0.01186  -0.0567  0.3480  1.0000  -2.7490   0.0000   0.0000   0.0000   0.2975
   7.000   1.0471   0.02017   0.01217  -0.0562  0.3374  1.0000  -2.8175   0.0000   0.0000   0.0000   0.2965
   7.100   1.0554   0.02037   0.01238  -0.0557  0.3271  1.0000  -2.9030   0.0000   0.0000   0.0000   0.2955
   7.200   1.0639   0.02074   0.01262  -0.0553  0.3172  1.0000  -2.9941   0.0000   0.0000   0.0000   0.2945
   7.300   1.0723   0.02104   0.01298  -0.0549  0.3074  1.0000  -3.0831   0.0000   0.0000   0.0000   0.2936
   7.400   1.0804   0.02125   0.01325  -0.0544  0.2972  1.0000  -3.1737   0.0000   0.0000   0.0000   0.2927
   7.500   1.0883   0.02154   0.01346  -0.0539  0.2875  1.0000  -3.2673   0.0000   0.0000   0.0000   0.2917
   7.600   1.0966   0.02199   0.01385  -0.0535  0.2775  1.0000  -3.3609   0.0000   0.0000   0.0000   0.2908
   7.700   1.1043   0.02219   0.01416  -0.0530  0.2674  1.0000  -3.4528   0.0000   0.0000   0.0000   0.2899
   7.800   1.1119   0.02246   0.01441  -0.0525  0.2578  1.0000  -3.5475   0.0000   0.0000   0.0000   0.2890
   7.900   1.1198   0.02303   0.01482  -0.0521  0.2478  1.0000  -3.6435   0.0000   0.0000   0.0000   0.2882
   8.000   1.1272   0.02324   0.01518  -0.0515  0.2385  1.0000  -3.7355   0.0000   0.0000   0.0000   0.2872
   8.100   1.1344   0.02349   0.01545  -0.0510  0.2289  1.0000  -3.8306   0.0000   0.0000   0.0000   0.2863
   8.200   1.1416   0.02410   0.01587  -0.0505  0.2189  1.0000  -3.9268   0.0000   0.0000   0.0000   0.2855
   8.300   1.1489   0.02439   0.01630  -0.0499  0.2103  1.0000  -4.0186   0.0000   0.0000   0.0000   0.2846
   8.400   1.1560   0.02471   0.01667  -0.0494  0.2013  1.0000  -4.1131   0.0000   0.0000   0.0000   0.2837
   8.500   1.1627   0.02523   0.01708  -0.0488  0.1928  1.0000  -4.2080   0.0000   0.0000   0.0000   0.2828
   8.600   1.1699   0.02581   0.01769  -0.0483  0.1840  1.0000  -4.2987   0.0000   0.0000   0.0000   0.2820
   8.700   1.1760   0.02604   0.01800  -0.0476  0.1747  1.0000  -4.3919   0.0000   0.0000   0.0000   0.2811
   8.800   1.1809   0.02639   0.01823  -0.0470  0.1655  1.0000  -4.4874   0.0000   0.0000   0.0000   0.2802
   8.900   1.1862   0.02675   0.01863  -0.0463  0.1556  1.0000  -4.5921   0.0000   0.0000   0.0000   0.2793
   9.000   1.1908   0.02683   0.01874  -0.0456  0.1456  1.0000  -4.7096   0.0000   0.0000   0.0000   0.2784
   9.100   1.1940   0.02739   0.01910  -0.0449  0.1359  1.0000  -4.8162   0.0000   0.0000   0.0000   0.2776
   9.200   1.1998   0.02742   0.01930  -0.0443  0.1260  1.0000  -4.9385   0.0000   0.0000   0.0000   0.2768
   9.300   1.2037   0.02775   0.01956  -0.0437  0.1170  1.0000  -5.0514   0.0000   0.0000   0.0000   0.2760
   9.400   1.2086   0.02818   0.01999  -0.0431  0.1082  1.0000  -5.1614   0.0000   0.0000   0.0000   0.2752
   9.500   1.2141   0.02847   0.02032  -0.0426  0.0989  1.0000  -5.2795   0.0000   0.0000   0.0000   0.2745
   9.600   1.2159   0.02917   0.02087  -0.0417  0.0915  1.0000  -5.3653   0.0000   0.0000   0.0000   0.2735
   9.700   1.2229   0.02945   0.02129  -0.0413  0.0818  1.0000  -5.4832   0.0000   0.0000   0.0000   0.2729
   9.800   1.2261   0.03000   0.02183  -0.0407  0.0682  1.0000  -5.5490   0.0000   0.0000   0.0000   0.2722
   9.900   1.2275   0.03081   0.02254  -0.0399  0.0560  1.0000  -5.6050   0.0000   0.0000   0.0000   0.2713
  10.000   1.2270   0.03182   0.02352  -0.0386  0.0442  1.0000  -5.6071   0.0000   0.0000   0.0000   0.2702
  10.100   1.2222   0.03312   0.02477  -0.0369  0.0368  1.0000  -5.5664   0.0000   0.0000   0.0000   0.2687
  10.200   1.2194   0.03427   0.02592  -0.0354  0.0311  1.0000  -5.5453   0.0000   0.0000   0.0000   0.2675
  10.300   1.2139   0.03558   0.02721  -0.0339  0.0285  1.0000  -5.5254   0.0000   0.0000   0.0000   0.2662
  10.400   1.2109   0.03675   0.02844  -0.0325  0.0264  1.0000  -5.5056   0.0000   0.0000   0.0000   0.2650
  10.500   1.2102   0.03776   0.02954  -0.0314  0.0246  1.0000  -5.5061   0.0000   0.0000   0.0000   0.2639
  10.600   1.2093   0.03877   0.03064  -0.0304  0.0232  1.0000  -5.5163   0.0000   0.0000   0.0000   0.2630
  10.700   1.2086   0.03979   0.03171  -0.0295  0.0220  1.0000  -5.5349   0.0000   0.0000   0.0000   0.2621
  10.800   1.2076   0.04082   0.03280  -0.0287  0.0210  1.0000  -5.5587   0.0000   0.0000   0.0000   0.2613
  10.900   1.2064   0.04189   0.03393  -0.0280  0.0203  1.0000  -5.5838   0.0000   0.0000   0.0000   0.2606
  11.000   1.2048   0.04304   0.03513  -0.0273  0.0196  1.0000  -5.6071   0.0000   0.0000   0.0000   0.2599
  11.100   1.2026   0.04427   0.03641  -0.0266  0.0191  1.0000  -5.6252   0.0000   0.0000   0.0000   0.2592
  11.200   1.2000   0.04560   0.03779  -0.0259  0.0186  1.0000  -5.6360   0.0000   0.0000   0.0000   0.2585
  11.300   1.1972   0.04704   0.03929  -0.0253  0.0182  1.0000  -5.6392   0.0000   0.0000   0.0000   0.2579
  11.400   1.1945   0.04860   0.04092  -0.0246  0.0178  1.0000  -5.6350   0.0000   0.0000   0.0000   0.2572
  11.500   1.1921   0.05031   0.04270  -0.0239  0.0175  1.0000  -5.6231   0.0000   0.0000   0.0000   0.2565
  11.600   1.1920   0.05164   0.04409  -0.0235  0.0173  1.0000  -5.6441   0.0000   0.0000   0.0000   0.2560
  11.700   1.1921   0.05292   0.04548  -0.0231  0.0171  1.0000  -5.6711   0.0000   0.0000   0.0000   0.2555
  11.800   1.1919   0.05427   0.04693  -0.0227  0.0169  1.0000  -5.6945   0.0000   0.0000   0.0000   0.2550
  11.900   1.1911   0.05568   0.04845  -0.0224  0.0168  1.0000  -5.7138   0.0000   0.0000   0.0000   0.2547
  12.000   1.1900   0.05714   0.05002  -0.0222  0.0167  1.0000  -5.7297   0.0000   0.0000   0.0000   0.2543
  12.100   1.1885   0.05866   0.05164  -0.0220  0.0165  1.0000  -5.7422   0.0000   0.0000   0.0000   0.2540
  12.200   1.1864   0.06025   0.05334  -0.0219  0.0165  1.0000  -5.7507   0.0000   0.0000   0.0000   0.2538
  12.300   1.1839   0.06190   0.05510  -0.0218  0.0164  1.0000  -5.7556   0.0000   0.0000   0.0000   0.2536
  12.400   1.1810   0.06363   0.05694  -0.0219  0.0163  1.0000  -5.7571   0.0000   0.0000   0.0000   0.2536
  12.500   1.1776   0.06543   0.05884  -0.0221  0.0163  1.0000  -5.7551   0.0000   0.0000   0.0000   0.2536
  12.600   1.1740   0.06730   0.06081  -0.0223  0.0162  1.0000  -5.7504   0.0000   0.0000   0.0000   0.2537
  12.700   1.1698   0.06924   0.06286  -0.0227  0.0162  1.0000  -5.7420   0.0000   0.0000   0.0000   0.2540
  12.800   1.1654   0.07125   0.06498  -0.0232  0.0162  1.0000  -5.7306   0.0000   0.0000   0.0000   0.2543
  12.900   1.1606   0.07334   0.06717  -0.0238  0.0162  1.0000  -5.7160   0.0000   0.0000   0.0000   0.2548
  13.000   1.1554   0.07551   0.06944  -0.0246  0.0162  1.0000  -5.6981   0.0000   0.0000   0.0000   0.2553
  13.100   1.1500   0.07776   0.07178  -0.0254  0.0162  1.0000  -5.6772   0.0000   0.0000   0.0000   0.2560
  13.200   1.1442   0.08009   0.07421  -0.0264  0.0162  1.0000  -5.6530   0.0000   0.0000   0.0000   0.2568
  13.300   1.1383   0.08248   0.07669  -0.0275  0.0162  1.0000  -5.6261   0.0000   0.0000   0.0000   0.2577
  13.400   1.1319   0.08495   0.07925  -0.0286  0.0162  1.0000  -5.5957   0.0000   0.0000   0.0000   0.2587
  13.500   1.1254   0.08748   0.08186  -0.0299  0.0163  1.0000  -5.5627   0.0000   0.0000   0.0000   0.2598
  13.600   1.1187   0.09011   0.08458  -0.0313  0.0163  1.0000  -5.5263   0.0000   0.0000   0.0000   0.2611
  13.700   1.1120   0.09282   0.08738  -0.0328  0.0164  1.0000  -5.4874   0.0000   0.0000   0.0000   0.2625
  13.800   1.1051   0.09566   0.09029  -0.0344  0.0164  1.0000  -5.4447   0.0000   0.0000   0.0000   0.2640
  13.900   1.0982   0.09857   0.09329  -0.0362  0.0165  1.0000  -5.3995   0.0000   0.0000   0.0000   0.2656
  14.000   1.0912   0.10161   0.09640  -0.0380  0.0165  1.0000  -5.3502   0.0000   0.0000   0.0000   0.2674
  14.100   1.0842   0.10472   0.09958  -0.0399  0.0166  1.0000  -5.2978   0.0000   0.0000   0.0000   0.2693
  14.200   1.0770   0.10796   0.10288  -0.0420  0.0167  1.0000  -5.2411   0.0000   0.0000   0.0000   0.2713
  14.300   1.0699   0.11126   0.10625  -0.0441  0.0167  1.0000  -5.1809   0.0000   0.0000   0.0000   0.2734
  14.400   1.0627   0.11469   0.10973  -0.0462  0.0168  1.0000  -5.1157   0.0000   0.0000   0.0000   0.2756
  14.500   1.0555   0.11818   0.11328  -0.0485  0.0169  1.0000  -5.0466   0.0000   0.0000   0.0000   0.2779
  14.600   1.0482   0.12178   0.11694  -0.0508  0.0170  1.0000  -4.9719   0.0000   0.0000   0.0000   0.2804
  14.700   1.0409   0.12544   0.12065  -0.0531  0.0171  1.0000  -4.8929   0.0000   0.0000   0.0000   0.2829
  14.800   1.0337   0.12921   0.12445  -0.0554  0.0172  1.0000  -4.8078   0.0000   0.0000   0.0000   0.2854
  14.900   1.0265   0.13300   0.12829  -0.0578  0.0173  1.0000  -4.7181   0.0000   0.0000   0.0000   0.2880
  15.200   1.0110   0.14374   0.13918  -0.0645  0.0177  1.0000  -4.4947   0.0000   0.0000   0.0000   0.2954
  15.300   1.0059   0.14766   0.14314  -0.0669  0.0179  1.0000  -4.4019   0.0000   0.0000   0.0000   0.2981
  15.400   0.9640   0.16728   0.16273  -0.0771  0.0225  1.0000  -3.4410   0.0000   0.0000   0.0000   0.3128
  15.500   0.9597   0.17120   0.16662  -0.0790  0.0229  1.0000  -3.3111   0.0000   0.0000   0.0000   0.3151
  15.600   0.9567   0.17463   0.17003  -0.0807  0.0232  1.0000  -3.2076   0.0000   0.0000   0.0000   0.3171
  15.700   0.9546   0.17781   0.17319  -0.0822  0.0235  1.0000  -3.1185   0.0000   0.0000   0.0000   0.3189
  15.800   0.9530   0.18083   0.17619  -0.0836  0.0237  1.0000  -3.0391   0.0000   0.0000   0.0000   0.3205
  15.900   0.9518   0.18372   0.17907  -0.0850  0.0239  1.0000  -2.9671   0.0000   0.0000   0.0000   0.3220
  16.000   0.9511   0.18653   0.18186  -0.0863  0.0241  1.0000  -2.9012   0.0000   0.0000   0.0000   0.3234
  16.100   0.9506   0.18925   0.18457  -0.0875  0.0242  1.0000  -2.8406   0.0000   0.0000   0.0000   0.3247
  16.200   0.9504   0.19191   0.18722  -0.0887  0.0244  1.0000  -2.7847   0.0000   0.0000   0.0000   0.3259
  16.300   0.9504   0.19451   0.18980  -0.0898  0.0246  1.0000  -2.7331   0.0000   0.0000   0.0000   0.3270
  16.400   0.9507   0.19705   0.19233  -0.0909  0.0248  1.0000  -2.6858   0.0000   0.0000   0.0000   0.3280
  16.500   0.9511   0.19953   0.19480  -0.0920  0.0250  1.0000  -2.6424   0.0000   0.0000   0.0000   0.3290
  16.600   0.9518   0.20196   0.19723  -0.0930  0.0253  1.0000  -2.6031   0.0000   0.0000   0.0000   0.3299
  16.700   0.9526   0.20435   0.19960  -0.0939  0.0255  1.0000  -2.5677   0.0000   0.0000   0.0000   0.3307
  16.800   0.9535   0.20668   0.20193  -0.0948  0.0258  1.0000  -2.5366   0.0000   0.0000   0.0000   0.3314
  16.900   0.9546   0.20896   0.20420  -0.0957  0.0260  1.0000  -2.5100   0.0000   0.0000   0.0000   0.3321
  17.000   0.9558   0.21119   0.20643  -0.0964  0.0264  1.0000  -2.4884   0.0000   0.0000   0.0000   0.3327
  17.100   0.9572   0.21337   0.20861  -0.0971  0.0267  1.0000  -2.4731   0.0000   0.0000   0.0000   0.3331
  17.200   0.9587   0.21549   0.21073  -0.0975  0.0272  1.0000  -2.4701   0.0000   0.0000   0.0000   0.3331
  17.300   0.9523   0.22362   0.21883  -0.1021  0.0351  1.0000  -2.0679   0.0000   0.0000   0.0000   0.3391
  17.400   0.9550   0.22592   0.22113  -0.1023  0.0374  1.0000  -2.0602   0.0000   0.0000   0.0000   0.3388
  18.100   0.9770   0.24894   0.24422  -0.1038  0.0548  1.0000  -1.9352   0.0000   0.0000   0.0000   0.3373
  18.200   0.9780   0.25098   0.24625  -0.1049  0.0547  1.0000  -1.9152   0.0000   0.0000   0.0000   0.3383
  18.300   0.9788   0.25294   0.24820  -0.1061  0.0546  1.0000  -1.8942   0.0000   0.0000   0.0000   0.3392
  18.400   0.9795   0.25481   0.25007  -0.1073  0.0545  1.0000  -1.8719   0.0000   0.0000   0.0000   0.3403
  18.500   0.9799   0.25654   0.25180  -0.1086  0.0544  1.0000  -1.8467   0.0000   0.0000   0.0000   0.3415
  18.600   0.9795   0.25805   0.25329  -0.1102  0.0542  1.0000  -1.8157   0.0000   0.0000   0.0000   0.3429
  18.700   0.9784   0.25934   0.25457  -0.1119  0.0540  1.0000  -1.7782   0.0000   0.0000   0.0000   0.3447
  18.800   0.9773   0.26057   0.25580  -0.1139  0.0534  1.0000  -1.7356   0.0000   0.0000   0.0000   0.3467
  18.900   0.9770   0.26207   0.25728  -0.1157  0.0526  1.0000  -1.6959   0.0000   0.0000   0.0000   0.3486
  19.000   0.9777   0.26391   0.25912  -0.1171  0.0517  1.0000  -1.6704   0.0000   0.0000   0.0000   0.3498
  19.100   0.9790   0.26590   0.26110  -0.1182  0.0509  1.0000  -1.6541   0.0000   0.0000   0.0000   0.3506
  19.200   0.9805   0.26793   0.26313  -0.1192  0.0501  1.0000  -1.6427   0.0000   0.0000   0.0000   0.3513
  19.300   0.9821   0.26997   0.26517  -0.1201  0.0494  1.0000  -1.6343   0.0000   0.0000   0.0000   0.3518
  19.400   0.9838   0.27201   0.26722  -0.1209  0.0487  1.0000  -1.6280   0.0000   0.0000   0.0000   0.3523
  19.500   0.9855   0.27405   0.26926  -0.1217  0.0480  1.0000  -1.6236   0.0000   0.0000   0.0000   0.3527
  19.600   0.9873   0.27608   0.27129  -0.1224  0.0474  1.0000  -1.6206   0.0000   0.0000   0.0000   0.3531
  19.700   0.9891   0.27810   0.27332  -0.1231  0.0468  1.0000  -1.6192   0.0000   0.0000   0.0000   0.3534
  19.800   0.9910   0.28012   0.27541  -0.1238  0.0461  1.0000  -1.6175   0.0000   0.0000   0.0000   0.3537
  19.900   0.9928   0.28213   0.27742  -0.1244  0.0455  1.0000  -1.6201   0.0000   0.0000   0.0000   0.3540
  20.000   0.9947   0.28414   0.27943  -0.1250  0.0450  1.0000  -1.6239   0.0000   0.0000   0.0000   0.3542


