  
       XFOIL         Version 6.99
  
 Calculated polar for: NACA 6-H-20 AIRFOIL                             
  
 1 1 Reynolds number fixed          Mach number fixed         
  
 xtrf =   1.000 (top)        1.000 (bottom)  
 Mach =   0.000     Re =     0.450 e 6     Ncrit =   9.000  9.000
  
   alpha    CL        CD       CDp       CM     Top_Xtr  Bot_Xtr  Top_Itr  Bot_Itr
  ------ -------- --------- --------- -------- -------- -------- -------- --------
   0.000   0.4008   0.01977   0.01005  -0.0322   0.5885   0.4276  58.6992 227.1131
   0.000   0.4008   0.01977   0.01005  -0.0322   0.5885   0.4276  58.6992 227.1105
   0.000   0.4008   0.01977   0.01005  -0.0322   0.5885   0.4276  58.6992 227.1104
   0.000   0.4008   0.01977   0.01005  -0.0322   0.5885   0.4276  58.6992 227.1104
   0.000   0.4008   0.01977   0.01005  -0.0322   0.5885   0.4276  58.6992 227.1104
   1.000   0.2062   0.03614   0.02113   0.0019   0.5516   0.0750  62.7789 193.2418
   1.000   0.2062   0.03614   0.02113   0.0019   0.5516   0.0750  62.7789 193.2436
   1.000   0.2062   0.03614   0.02113   0.0019   0.5516   0.0750  62.7789 193.2439
   1.000   0.2062   0.03614   0.02113   0.0019   0.5516   0.0750  62.7789 193.2439
   1.000   0.2062   0.03614   0.02113   0.0019   0.5516   0.0750  62.7789 193.2439
   2.000   0.1506   0.03698   0.02252   0.0265   0.5362   0.5409  64.5386 237.3825
   2.000   0.1506   0.03698   0.02252   0.0265   0.5362   0.5409  64.5386 237.3847
   2.000   0.1506   0.03698   0.02252   0.0265   0.5362   0.5409  64.5386 237.3852
   2.000   0.1506   0.03698   0.02252   0.0265   0.5362   0.5409  64.5386 237.3852
   2.000   0.1506   0.03698   0.02252   0.0265   0.5362   0.5409  64.5386 237.3852
   3.000   0.9642   0.02496   0.01635  -0.0722   0.5779   0.9527  59.8539 283.1782
   3.000   0.9642   0.02496   0.01635  -0.0722   0.5779   0.9527  59.8539 283.1781
   3.000   0.9642   0.02496   0.01635  -0.0722   0.5779   0.9527  59.8539 283.1781
   3.000   0.9642   0.02496   0.01635  -0.0722   0.5779   0.9527  59.8539 283.1781
   3.000   0.9642   0.02496   0.01635  -0.0722   0.5779   0.9527  59.8539 283.1781
   6.000   1.2724   0.02325   0.01378  -0.0739   0.5596   0.9604  61.8787 284.8113
   6.000   1.2724   0.02325   0.01378  -0.0739   0.5596   0.9604  61.8787 284.8117
   6.000   1.2724   0.02325   0.01378  -0.0739   0.5596   0.9604  61.8787 284.8117
   6.000   1.2724   0.02325   0.01378  -0.0739   0.5596   0.9604  61.8787 284.8117
   6.000   1.2724   0.02325   0.01378  -0.0739   0.5596   0.9604  61.8787 284.8117
   7.000   1.3691   0.02357   0.01345  -0.0749   0.5518   0.9638  62.7564 285.6124
   7.000   1.3691   0.02357   0.01345  -0.0749   0.5518   0.9638  62.7564 285.6126
   7.000   1.3691   0.02357   0.01345  -0.0749   0.5518   0.9638  62.7564 285.6126
   7.000   1.3691   0.02357   0.01345  -0.0749   0.5518   0.9638  62.7564 285.6126
   7.000   1.3691   0.02357   0.01345  -0.0749   0.5518   0.9638  62.7564 285.6126
   9.000   0.7673   0.03804   0.01624   0.0445   0.4908   0.9207  69.8226 278.0382
   9.000   0.7673   0.03804   0.01624   0.0445   0.4908   0.9207  69.8226 278.0382
   9.000   0.7673   0.03804   0.01624   0.0445   0.4908   0.9207  69.8226 278.0381
   9.000   0.7673   0.03804   0.01624   0.0445   0.4908   0.9207  69.8226 278.0381
   9.000   0.7673   0.03804   0.01624   0.0445   0.4908   0.9207  69.8226 278.0381
  11.000   0.9718   0.03729   0.01232   0.0401   0.4707   0.9196  72.1522 277.8862
  11.000   0.9718   0.03729   0.01232   0.0401   0.4707   0.9196  72.1522 277.8862
  11.000   0.9718   0.03729   0.01232   0.0401   0.4707   0.9196  72.1522 277.8862
  11.000   0.9718   0.03729   0.01232   0.0401   0.4707   0.9196  72.1522 277.8862
  11.000   0.9718   0.03729   0.01232   0.0401   0.4707   0.9196  72.1522 277.8862
  12.000   1.0440   0.03920   0.01179   0.0400   0.4467   0.9197  74.9014 277.9051
  12.000   1.0440   0.03920   0.01179   0.0400   0.4467   0.9197  74.9014 277.9050
  12.000   1.0441   0.03920   0.01179   0.0400   0.4467   0.9197  74.9014 277.9049
  12.000   1.0441   0.03920   0.01179   0.0400   0.4467   0.9197  74.9014 277.9048
  12.000   1.0441   0.03920   0.01179   0.0400   0.4467   0.9197  74.9014 277.9048
  13.000   1.1023   0.04225   0.01195   0.0407   0.4120   0.9197  78.7979 277.9063
  13.000   1.1023   0.04225   0.01195   0.0407   0.4120   0.9197  78.7978 277.9063
  13.000   1.1023   0.04225   0.01195   0.0407   0.4120   0.9197  78.7978 277.9064
  13.000   1.1023   0.04225   0.01195   0.0407   0.4120   0.9197  78.7978 277.9064
  13.000   1.1023   0.04225   0.01195   0.0407   0.4120   0.9197  78.7978 277.9064
  14.000   1.1410   0.04689   0.01320   0.0426   0.3670   0.9199  83.6969 277.9318
  14.000   1.1410   0.04689   0.01320   0.0426   0.3670   0.9199  83.6975 277.9317
  14.000   1.1410   0.04689   0.01320   0.0426   0.3670   0.9199  83.6976 277.9316
  14.000   1.1410   0.04689   0.01320   0.0426   0.3670   0.9199  83.6976 277.9316
  14.000   1.1410   0.04689   0.01320   0.0426   0.3670   0.9199  83.6976 277.9316
  15.000   1.1609   0.05340   0.01604   0.0450   0.3209   0.9202  88.6231 277.9721
  15.000   1.1609   0.05340   0.01604   0.0450   0.3209   0.9202  88.6233 277.9721
  15.000   1.1609   0.05340   0.01604   0.0450   0.3209   0.9202  88.6234 277.9721
  15.000   1.1609   0.05340   0.01604   0.0450   0.3209   0.9202  88.6234 277.9721
  15.000   1.1609   0.05340   0.01604   0.0450   0.3209   0.9202  88.6234 277.9721
  16.000   1.1686   0.06155   0.02050   0.0471   0.2735   0.9206  93.7027 278.0249
  16.000   1.1686   0.06155   0.02050   0.0471   0.2735   0.9206  93.7031 278.0249
  16.000   1.1686   0.06155   0.02050   0.0471   0.2734   0.9206  93.7031 278.0249
  16.000   1.1686   0.06155   0.02050   0.0471   0.2734   0.9206  93.7031 278.0249
  16.000   1.1686   0.06155   0.02050   0.0471   0.2734   0.9206  93.7031 278.0249
  17.000   1.1764   0.07021   0.02565   0.0483   0.2339   0.9211  98.0513 278.0971
  17.000   1.1764   0.07021   0.02565   0.0483   0.2339   0.9211  98.0514 278.0970
  17.000   1.1764   0.07021   0.02565   0.0483   0.2339   0.9211  98.0514 278.0970
  17.000   1.1764   0.07021   0.02565   0.0483   0.2339   0.9211  98.0514 278.0970
  17.000   1.1764   0.07021   0.02565   0.0483   0.2339   0.9211  98.0514 278.0970
  18.000   1.1844   0.07936   0.03153   0.0486   0.1977   0.9220 102.0303 278.2250
  18.000   1.1844   0.07936   0.03153   0.0486   0.1977   0.9220 102.0299 278.2250
  18.000   1.1844   0.07936   0.03153   0.0486   0.1977   0.9220 102.0299 278.2250
  18.000   1.1844   0.07936   0.03153   0.0486   0.1977   0.9220 102.0299 278.2250
  18.000   1.1844   0.07936   0.03153   0.0486   0.1977   0.9220 102.0299 278.2250
  19.000   1.1338   0.09583   0.04549   0.0489   0.1177   0.9226 112.1318 278.3009
  19.000   1.1338   0.09583   0.04549   0.0489   0.1177   0.9226 112.1316 278.3009
  19.000   1.1338   0.09584   0.04549   0.0489   0.1177   0.9226 112.1319 278.3010
  19.000   1.1338   0.09584   0.04549   0.0489   0.1177   0.9226 112.1320 278.3009
  19.000   1.1338   0.09584   0.04549   0.0489   0.1177   0.9226 112.1320 278.3009
