  
       XFOIL         Version 6.99
  
 Calculated polar for: SG6043                                          
  
 1 1 Reynolds number fixed          Mach number fixed         
  
 xtrf =   1.000 (top)        1.000 (bottom)  
 Mach =   0.000     Re =     0.120 e 6     Ncrit =   9.000  9.000
  
   alpha    CL        CD       CDp       CM     Top_Xtr  Bot_Xtr  Top_Itr  Bot_Itr
  ------ -------- --------- --------- -------- -------- -------- -------- --------
   0.100   0.4601   0.02493   0.01462  -0.1327   0.8536   1.0000  12.4212 160.0000
   0.200   0.4735   0.02499   0.01459  -0.1331   0.8510   1.0000  12.5894 160.0000
   0.300   0.4894   0.02500   0.01451  -0.1339   0.8491   1.0000  12.7111 160.0000
   0.400   0.5067   0.02497   0.01441  -0.1349   0.8476   1.0000  12.8055 160.0000
   0.500   0.5247   0.02493   0.01430  -0.1360   0.8464   1.0000  12.8845 160.0000
   0.600   0.5433   0.02486   0.01417  -0.1372   0.8454   1.0000  12.9506 160.0000
   0.800   0.5532   0.02535   0.01453  -0.1353   0.8358   1.0000  13.5655 160.0000
   0.900   0.5690   0.02532   0.01446  -0.1361   0.8338   1.0000  13.6898 160.0000
   1.000   0.5861   0.02525   0.01436  -0.1370   0.8323   1.0000  13.7871 160.0000
   1.100   0.6041   0.02515   0.01422  -0.1381   0.8311   1.0000  13.8666 160.0000
   1.200   0.6230   0.02501   0.01406  -0.1393   0.8301   1.0000  13.9307 160.0000
   1.300   0.6424   0.02486   0.01389  -0.1405   0.8292   1.0000  13.9830 160.0000
   1.500   0.6493   0.02544   0.01435  -0.1382   0.8184   1.0000  14.6772 160.0000
   1.600   0.6667   0.02530   0.01421  -0.1391   0.8168   1.0000  14.7739 160.0000
   1.700   0.6851   0.02513   0.01403  -0.1402   0.8157   1.0000  14.8483 160.0000
   1.800   0.7044   0.02491   0.01382  -0.1414   0.8147   1.0000  14.9080 160.0000
   1.900   0.7244   0.02465   0.01358  -0.1426   0.8140   1.0000  14.9562 160.0000
   2.000   0.7442   0.02440   0.01333  -0.1439   0.8132   1.0000  15.0073 160.0000
   2.200   0.7501   0.02501   0.01381  -0.1413   0.8015   1.0000  15.7491 160.0000
   2.300   0.7694   0.02472   0.01355  -0.1424   0.8005   1.0000  15.8166 160.0000
   2.400   0.7895   0.02439   0.01325  -0.1436   0.7996   1.0000  15.8693 160.0000
   2.500   0.8103   0.02402   0.01294  -0.1450   0.7989   1.0000  15.9147 160.0000
   2.600   0.8315   0.02365   0.01261  -0.1464   0.7982   1.0000  15.9601 160.0000
   3.000   0.8800   0.02340   0.01233  -0.1465   0.7847   1.0000  16.8179 160.0000
   3.100   0.9020   0.02298   0.01197  -0.1480   0.7838   1.0000  16.8766 160.0000
   3.200   0.9252   0.02254   0.01159  -0.1498   0.7829   1.0000  16.9301 160.0000
   3.300   0.9491   0.02208   0.01120  -0.1517   0.7821   1.0000  16.9810 160.0000
   3.500   0.9567   0.02242   0.01140  -0.1489   0.7706   1.0000  17.7147 160.0000
   3.600   0.9796   0.02197   0.01100  -0.1506   0.7692   1.0000  17.8009 160.0000
   3.700   1.0028   0.02147   0.01057  -0.1523   0.7679   1.0000  17.8825 160.0000
   3.800   1.0265   0.02097   0.01013  -0.1541   0.7667   1.0000  17.9613 160.0000
   4.000   1.0382   0.02116   0.01019  -0.1519   0.7554   1.0000  18.6780 160.0000
   4.100   1.0600   0.02069   0.00977  -0.1534   0.7534   1.0000  18.8098 160.0000
   4.200   1.0832   0.02020   0.00931  -0.1551   0.7515   1.0000  18.9279 160.0000
   4.300   1.0842   0.02045   0.00946  -0.1532   0.7446   1.0000  19.3680 160.0000
   4.400   1.0987   0.02022   0.00922  -0.1535   0.7404   1.0000  19.6370 160.0000
   4.500   1.1198   0.01978   0.00880  -0.1548   0.7375   1.0000  19.8241 160.0000
   4.600   1.1434   0.01929   0.00831  -0.1566   0.7349   1.0000  19.9851 160.0000
   4.700   1.1410   0.01960   0.00852  -0.1541   0.7269   1.0000  20.5008 160.0000
   4.800   1.1588   0.01927   0.00817  -0.1549   0.7226   1.0000  20.7708 160.0000
   4.900   1.1813   0.01882   0.00770  -0.1565   0.7193   1.0000  20.9842 160.0000
   5.000   1.1814   0.01904   0.00783  -0.1544   0.7114   1.0000  21.4923 160.0000
   5.100   1.1980   0.01876   0.00751  -0.1550   0.7064   1.0000  21.8108 160.0000
   5.200   1.2113   0.01859   0.00728  -0.1551   0.7008   1.0000  22.1738 160.0000
   5.300   1.2187   0.01859   0.00720  -0.1542   0.6937   1.0000  22.6322 160.0000
   5.400   1.2381   0.01825   0.00679  -0.1553   0.6885   1.0000  22.9653 160.0000
   5.500   1.2413   0.01837   0.00683  -0.1536   0.6804   1.0000  23.4872 160.0000
   5.600   1.2572   0.01814   0.00651  -0.1542   0.6739   1.0000  23.9000 160.0000
   5.700   1.2634   0.01819   0.00647  -0.1530   0.6659   1.0000  24.4175 160.0000
   5.800   1.2772   0.01804   0.00621  -0.1532   0.6586   1.0000  24.8834 160.0000
   5.900   1.2840   0.01808   0.00616  -0.1522   0.6501   1.0000  25.4264 160.0000
   6.000   1.2974   0.01796   0.00591  -0.1523   0.6422   1.0000  25.9312 160.0000
   6.100   1.3031   0.01804   0.00589  -0.1511   0.6329   1.0000  26.5247 160.0000
   6.200   1.3160   0.01797   0.00567  -0.1512   0.6244   1.0000  27.0667 160.0000
   6.300   1.3217   0.01806   0.00565  -0.1500   0.6145   1.0000  27.7013 160.0000
   6.400   1.3308   0.01809   0.00554  -0.1494   0.6049   1.0000  28.3130 160.0000
   6.500   1.3410   0.01811   0.00539  -0.1490   0.5950   1.0000  28.9428 160.0000
   6.600   1.3467   0.01822   0.00538  -0.1478   0.5841   1.0000  29.6361 160.0000
   6.700   1.3548   0.01831   0.00530  -0.1471   0.5733   1.0000  30.3236 160.0000
   6.800   1.3639   0.01839   0.00518  -0.1465   0.5622   1.0000  31.0236 160.0000
   6.900   1.3692   0.01854   0.00518  -0.1453   0.5504   1.0000  31.7758 160.0000
   7.000   1.3753   0.01869   0.00516  -0.1442   0.5384   1.0000  32.5326 160.0000
   7.100   1.3816   0.01885   0.00512  -0.1432   0.5263   1.0000  33.3058 160.0000
   7.200   1.3878   0.01903   0.00508  -0.1422   0.5137   1.0000  34.0992 160.0000
   7.300   1.3928   0.01923   0.00508  -0.1409   0.5008   1.0000  34.9198 160.0000
   7.500   1.4007   0.01969   0.00513  -0.1382   0.4744   1.0000  36.5905 160.0000
   7.600   1.4042   0.01994   0.00516  -0.1367   0.4613   1.0000  37.4200 160.0000
   7.700   1.4074   0.02022   0.00519  -0.1352   0.4481   1.0000  38.2580 160.0000
   7.800   1.4102   0.02052   0.00524  -0.1336   0.4348   1.0000  39.1002 160.0000
   7.900   1.4126   0.02084   0.00532  -0.1320   0.4213   1.0000  39.9545 160.0000
   8.000   1.4146   0.02117   0.00542  -0.1304   0.4077   1.0000  40.8225 160.0000
   8.100   1.4165   0.02153   0.00553  -0.1288   0.3942   1.0000  41.6800 160.0000
   8.200   1.4183   0.02191   0.00566  -0.1272   0.3809   1.0000  42.5242 160.0000
   8.300   1.4201   0.02231   0.00580  -0.1256   0.3680   1.0000  43.3496 160.0000
   8.400   1.4217   0.02274   0.00596  -0.1241   0.3554   1.0000  44.1509 160.0000
   8.500   1.4231   0.02319   0.00613  -0.1225   0.3429   1.0000  44.9465 160.0000
   8.600   1.4247   0.02363   0.00633  -0.1210   0.3303   1.0000  45.7561 160.0000
   8.700   1.4263   0.02410   0.00654  -0.1195   0.3183   1.0000  46.5275 160.0000
   8.800   1.4278   0.02459   0.00676  -0.1180   0.3070   1.0000  47.2496 160.0000
   8.900   1.4292   0.02511   0.00699  -0.1166   0.2963   1.0000  47.9396 160.0000
   9.000   1.4311   0.02560   0.00725  -0.1153   0.2851   1.0000  48.6641 160.0000
   9.100   1.4329   0.02613   0.00751  -0.1139   0.2750   1.0000  49.3176 160.0000
   9.200   1.4345   0.02669   0.00777  -0.1126   0.2657   1.0000  49.9228 160.0000
   9.300   1.4368   0.02720   0.00806  -0.1114   0.2557   1.0000  50.5746 160.0000
   9.400   1.4387   0.02779   0.00834  -0.1101   0.2475   1.0000  51.1134 160.0000
   9.500   1.4412   0.02832   0.00865  -0.1090   0.2385   1.0000  51.7056 160.0000
   9.600   1.4437   0.02891   0.00895  -0.1079   0.2308   1.0000  52.2144 160.0000
   9.700   1.4463   0.02946   0.00927  -0.1068   0.2229   1.0000  52.7342 160.0000
   9.800   1.4492   0.03007   0.00959  -0.1058   0.2159   1.0000  53.1987 160.0000
   9.900   1.4521   0.03062   0.00992  -0.1048   0.2087   1.0000  53.6813 160.0000
  10.000   1.4552   0.03126   0.01022  -0.1038   0.2026   1.0000  54.0860 160.0000
  10.100   1.4586   0.03179   0.01058  -0.1029   0.1958   1.0000  54.5452 160.0000
  10.200   1.4619   0.03242   0.01088  -0.1020   0.1904   1.0000  54.9120 160.0000
  10.300   1.4659   0.03300   0.01125  -0.1012   0.1844   1.0000  55.3163 160.0000
  10.400   1.4693   0.03357   0.01160  -0.1003   0.1790   1.0000  55.6882 160.0000
  10.500   1.4740   0.03425   0.01187  -0.0996   0.1741   1.0000  56.0215 160.0000
  10.600   1.4775   0.03480   0.01230  -0.0987   0.1689   1.0000  56.3842 160.0000
  10.700   1.4811   0.03538   0.01264  -0.0979   0.1642   1.0000  56.7080 160.0000
  10.800   1.4869   0.03607   0.01290  -0.0974   0.1597   1.0000  57.0200 160.0000
  10.900   1.4901   0.03664   0.01336  -0.0965   0.1553   1.0000  57.3306 160.0000
  11.000   1.4941   0.03723   0.01372  -0.0958   0.1511   1.0000  57.6274 160.0000
  11.100   1.4992   0.03787   0.01401  -0.0952   0.1473   1.0000  57.8952 160.0000
  11.200   1.5047   0.03853   0.01440  -0.0947   0.1433   1.0000  58.1804 160.0000
  11.300   1.5084   0.03914   0.01484  -0.0939   0.1395   1.0000  58.4532 160.0000
  11.400   1.5127   0.03975   0.01519  -0.0932   0.1360   1.0000  58.7041 160.0000
  11.500   1.5216   0.04044   0.01536  -0.0932   0.1320   1.0000  58.9859 160.0000
  11.600   1.5243   0.04109   0.01591  -0.0923   0.1291   1.0000  59.2017 160.0000
  11.700   1.5280   0.04174   0.01637  -0.0915   0.1259   1.0000  59.4352 160.0000
  11.800   1.5326   0.04236   0.01674  -0.0909   0.1229   1.0000  59.6569 160.0000
  11.900   1.5392   0.04300   0.01700  -0.0906   0.1200   1.0000  59.8737 160.0000
  12.000   1.5475   0.04375   0.01736  -0.0904   0.1168   1.0000  60.1114 160.0000
  12.100   1.5499   0.04445   0.01794  -0.0895   0.1143   1.0000  60.2992 160.0000
  12.200   1.5534   0.04513   0.01841  -0.0888   0.1117   1.0000  60.4967 160.0000
  12.300   1.5580   0.04577   0.01878  -0.0883   0.1093   1.0000  60.6850 160.0000
  12.400   1.5666   0.04641   0.01897  -0.0882   0.1066   1.0000  60.8871 160.0000
  12.500   1.5757   0.04724   0.01939  -0.0881   0.1039   1.0000  61.0966 160.0000
  12.600   1.5769   0.04802   0.02005  -0.0872   0.1021   1.0000  61.2420 160.0000
  12.700   1.5793   0.04879   0.02064  -0.0864   0.1000   1.0000  61.4050 160.0000
  12.800   1.5827   0.04951   0.02112  -0.0858   0.0979   1.0000  61.5691 160.0000
  12.900   1.5876   0.05018   0.02148  -0.0853   0.0959   1.0000  61.7303 160.0000
  13.000   1.6073   0.05099   0.02142  -0.0863   0.0925   1.0000  62.0033 160.0000
  13.100   1.6060   0.05184   0.02221  -0.0852   0.0914   1.0000  62.0926 160.0000
  13.200   1.6060   0.05273   0.02297  -0.0843   0.0900   1.0000  62.2075 160.0000
  13.300   1.6067   0.05364   0.02371  -0.0835   0.0885   1.0000  62.3345 160.0000
  13.400   1.6082   0.05451   0.02438  -0.0828   0.0869   1.0000  62.4678 160.0000
  13.500   1.6108   0.05532   0.02493  -0.0822   0.0853   1.0000  62.6020 160.0000
  13.600   1.6151   0.05606   0.02535  -0.0817   0.0837   1.0000  62.7363 160.0000
  13.700   1.6269   0.05677   0.02544  -0.0819   0.0816   1.0000  62.9110 160.0000
  13.800   1.6346   0.05800   0.02616  -0.0818   0.0799   1.0000  63.0615 160.0000
  13.900   1.6319   0.05908   0.02714  -0.0808   0.0790   1.0000  63.1386 160.0000
  14.000   1.6301   0.06019   0.02811  -0.0799   0.0780   1.0000  63.2287 160.0000
  14.100   1.6290   0.06130   0.02905  -0.0792   0.0769   1.0000  63.3271 160.0000
  14.200   1.6284   0.06241   0.02995  -0.0785   0.0758   1.0000  63.4276 160.0000
  14.300   1.6279   0.06350   0.03083  -0.0778   0.0747   1.0000  63.5245 160.0000
  14.400   1.6286   0.06453   0.03161  -0.0773   0.0736   1.0000  63.6230 160.0000
  14.500   1.6312   0.06546   0.03223  -0.0768   0.0724   1.0000  63.7246 160.0000
  14.600   1.6377   0.06627   0.03258  -0.0767   0.0712   1.0000  63.8404 160.0000
  14.700   1.6533   0.06770   0.03300  -0.0772   0.0692   1.0000  64.0175 160.0000
  14.800   1.6472   0.06908   0.03433  -0.0763   0.0688   1.0000  64.0563 160.0000
  14.900   1.6413   0.07055   0.03572  -0.0755   0.0684   1.0000  64.1005 160.0000
  15.000   1.6356   0.07208   0.03717  -0.0747   0.0679   1.0000  64.1488 160.0000
  15.100   1.6299   0.07367   0.03867  -0.0741   0.0673   1.0000  64.2001 160.0000
  15.200   1.6244   0.07530   0.04022  -0.0736   0.0668   1.0000  64.2536 160.0000
  15.300   1.6191   0.07697   0.04179  -0.0731   0.0662   1.0000  64.3080 160.0000
  15.400   1.6139   0.07865   0.04339  -0.0727   0.0657   1.0000  64.3629 160.0000
  15.500   1.6091   0.08034   0.04499  -0.0724   0.0651   1.0000  64.4180 160.0000
  15.600   1.6045   0.08202   0.04659  -0.0722   0.0645   1.0000  64.4731 160.0000
  15.700   1.6005   0.08367   0.04816  -0.0720   0.0640   1.0000  64.5287 160.0000
  15.800   1.5971   0.08528   0.04968  -0.0719   0.0634   1.0000  64.5844 160.0000
  15.900   1.5929   0.08699   0.05134  -0.0718   0.0629   1.0000  64.6326 160.0000
  16.000   1.5885   0.08874   0.05305  -0.0718   0.0625   1.0000  64.6768 160.0000
  16.100   1.5844   0.09051   0.05480  -0.0718   0.0620   1.0000  64.7183 160.0000
  16.200   1.5805   0.09228   0.05656  -0.0719   0.0616   1.0000  64.7581 160.0000
  16.300   1.5772   0.09401   0.05827  -0.0721   0.0612   1.0000  64.7997 160.0000
  16.400   1.5763   0.09556   0.05969  -0.0722   0.0607   1.0000  64.8509 160.0000
  16.500   1.5815   0.09677   0.06043  -0.0722   0.0599   1.0000  64.9302 160.0000
  16.600   1.5809   0.09902   0.06234  -0.0724   0.0593   1.0000  64.9884 160.0000
  16.700   1.5721   0.10160   0.06517  -0.0729   0.0592   1.0000  65.0034 160.0000
  16.800   1.5617   0.10414   0.06819  -0.0736   0.0591   1.0000  65.0083 160.0000
  16.900   1.5513   0.10679   0.07138  -0.0744   0.0591   1.0000  65.0122 160.0000
  17.000   1.5407   0.10954   0.07476  -0.0753   0.0590   1.0000  65.0149 160.0000
  17.100   1.5299   0.11240   0.07832  -0.0764   0.0590   1.0000  65.0163 160.0000
  17.200   1.5190   0.11537   0.08209  -0.0777   0.0590   1.0000  65.0162 160.0000
  17.300   1.5080   0.11846   0.08607  -0.0791   0.0590   1.0000  65.0148 160.0000
  17.400   1.4968   0.12167   0.09028  -0.0807   0.0591   1.0000  65.0119 160.0000
  17.500   1.4855   0.12501   0.09474  -0.0825   0.0591   1.0000  65.0076 160.0000
  17.600   1.4741   0.12849   0.09945  -0.0845   0.0592   1.0000  65.0020 160.0000
  17.700   1.3020   0.17053   0.16348  -0.1159   0.0690   1.0000  64.0381 160.0000
  17.800   1.2884   0.17714   0.17382  -0.1201   0.0693   1.0000  64.0038 160.0000
  18.200   0.9420   0.23595   0.23024  -0.1443   0.1092   1.0000  60.6897 160.0000
  18.300   0.9461   0.23716   0.23146  -0.1443   0.1079   1.0000  60.7904 160.0000
  18.400   0.9537   0.23832   0.23179  -0.1437   0.1067   1.0000  60.8824 160.0000
  18.500   0.9793   0.24083   0.22851  -0.1405   0.1053   1.0000  60.9841 160.0000
  18.600   0.9777   0.24336   0.23168  -0.1416   0.1050   1.0000  61.0134 160.0000
  18.700   0.9639   0.24469   0.23715  -0.1444   0.1046   1.0000  61.0419 160.0000
  18.800   0.9490   0.24619   0.24338  -0.1477   0.1032   1.0000  61.1487 160.0000
  18.900   0.9452   0.24796   0.24711  -0.1493   0.1008   1.0000  61.3425 160.0000
  19.000   0.9456   0.24956   0.24955  -0.1501   0.0990   1.0000  61.4863 160.0000
  19.100   0.9470   0.25105   0.25163  -0.1506   0.0976   1.0000  61.5996 160.0000
  19.200   0.9493   0.25245   0.25345  -0.1510   0.0963   1.0000  61.6964 160.0000
  19.300   0.9523   0.25382   0.25500  -0.1512   0.0953   1.0000  61.7792 160.0000
  19.400   0.9566   0.25517   0.25618  -0.1512   0.0944   1.0000  61.8503 160.0000
  19.500   0.9638   0.25668   0.25663  -0.1506   0.0936   1.0000  61.9157 160.0000
  19.600   0.9860   0.26024   0.25429  -0.1480   0.0926   1.0000  61.9906 160.0000
  19.700   0.9817   0.26235   0.25804  -0.1494   0.0924   1.0000  62.0136 160.0000
  19.800   0.9696   0.26333   0.26323  -0.1521   0.0920   1.0000  62.0401 160.0000
  19.900   0.9581   0.26469   0.26903  -0.1550   0.0910   1.0000  62.1264 160.0000
  20.000   0.9545   0.26649   0.27298  -0.1566   0.0889   1.0000  62.3014 160.0000
