  
       XFOIL         Version 6.99
  
 Calculated polar for: SG6043                                          
  
 1 1 Reynolds number fixed          Mach number fixed         
  
 xtrf =   1.000 (top)        1.000 (bottom)  
 Mach =   0.000     Re =     0.160 e 6     Ncrit =   9.000  9.000
  
   alpha    CL        CD       CDp       CM     Top_Xtr  Bot_Xtr  Top_Itr  Bot_Itr
  ------ -------- --------- --------- -------- -------- -------- -------- --------
   0.000   0.5582   0.01853   0.00982  -0.1466   0.8475   1.0000  12.8124 160.0000
   0.100   0.5761   0.01837   0.00964  -0.1478   0.8468   1.0000  12.8565 160.0000
   0.200   0.5944   0.01821   0.00946  -0.1490   0.8462   1.0000  12.8963 160.0000
   0.300   0.6132   0.01803   0.00928  -0.1502   0.8457   1.0000  12.9319 160.0000
   0.400   0.6323   0.01785   0.00910  -0.1516   0.8452   1.0000  12.9651 160.0000
   0.500   0.6518   0.01768   0.00893  -0.1530   0.8447   1.0000  12.9960 160.0000
   0.900   0.6922   0.01784   0.00895  -0.1521   0.8322   1.0000  13.7926 160.0000
   1.000   0.7114   0.01764   0.00877  -0.1535   0.8315   1.0000  13.8402 160.0000
   1.100   0.7309   0.01745   0.00860  -0.1549   0.8308   1.0000  13.8839 160.0000
   1.200   0.7506   0.01725   0.00842  -0.1564   0.8301   1.0000  13.9262 160.0000
   1.300   0.7701   0.01704   0.00822  -0.1577   0.8295   1.0000  13.9690 160.0000
   1.600   0.7954   0.01725   0.00831  -0.1561   0.8181   1.0000  14.6936 160.0000
   1.700   0.8137   0.01705   0.00813  -0.1572   0.8169   1.0000  14.7686 160.0000
   1.800   0.8327   0.01682   0.00792  -0.1585   0.8159   1.0000  14.8368 160.0000
   1.900   0.8520   0.01659   0.00771  -0.1598   0.8148   1.0000  14.9011 160.0000
   2.000   0.8717   0.01636   0.00749  -0.1612   0.8139   1.0000  14.9628 160.0000
   2.200   0.8823   0.01664   0.00766  -0.1589   0.8041   1.0000  15.5843 160.0000
   2.300   0.8993   0.01645   0.00748  -0.1598   0.8022   1.0000  15.7046 160.0000
   2.400   0.9175   0.01624   0.00728  -0.1609   0.8006   1.0000  15.8063 160.0000
   2.500   0.9367   0.01600   0.00706  -0.1623   0.7992   1.0000  15.8975 160.0000
   2.600   0.9564   0.01577   0.00682  -0.1636   0.7978   1.0000  15.9837 160.0000
   2.700   0.9536   0.01610   0.00707  -0.1610   0.7907   1.0000  16.4376 160.0000
   2.800   0.9679   0.01598   0.00693  -0.1614   0.7877   1.0000  16.6288 160.0000
   2.900   0.9853   0.01577   0.00673  -0.1624   0.7854   1.0000  16.7754 160.0000
   3.000   1.0040   0.01554   0.00649  -0.1636   0.7834   1.0000  16.9023 160.0000
   3.100   1.0153   0.01551   0.00642  -0.1635   0.7796   1.0000  17.1401 160.0000
   3.200   1.0211   0.01561   0.00646  -0.1623   0.7742   1.0000  17.4883 160.0000
   3.300   1.0358   0.01547   0.00630  -0.1628   0.7708   1.0000  17.6997 160.0000
   3.400   1.0531   0.01527   0.00608  -0.1637   0.7682   1.0000  17.8680 160.0000
   3.500   1.0684   0.01515   0.00592  -0.1643   0.7651   1.0000  18.0660 160.0000
   3.600   1.0720   0.01528   0.00600  -0.1628   0.7589   1.0000  18.4601 160.0000
   3.700   1.0856   0.01518   0.00585  -0.1631   0.7549   1.0000  18.7114 160.0000
   3.800   1.1026   0.01500   0.00563  -0.1639   0.7518   1.0000  18.9103 160.0000
   3.900   1.1106   0.01503   0.00561  -0.1632   0.7465   1.0000  19.2472 160.0000
   4.000   1.1197   0.01502   0.00555  -0.1626   0.7411   1.0000  19.5908 160.0000
   4.100   1.1347   0.01488   0.00536  -0.1631   0.7371   1.0000  19.8480 160.0000
   4.200   1.1462   0.01484   0.00525  -0.1630   0.7323   1.0000  20.1557 160.0000
   4.300   1.1532   0.01488   0.00523  -0.1621   0.7260   1.0000  20.5533 160.0000
   4.400   1.1673   0.01476   0.00505  -0.1624   0.7214   1.0000  20.8523 160.0000
   4.500   1.1771   0.01475   0.00497  -0.1620   0.7158   1.0000  21.2067 160.0000
   4.600   1.1854   0.01476   0.00492  -0.1613   0.7095   1.0000  21.6169 160.0000
   4.700   1.1998   0.01465   0.00472  -0.1617   0.7045   1.0000  21.9367 160.0000
   4.800   1.2061   0.01471   0.00472  -0.1606   0.6975   1.0000  22.3860 160.0000
   4.900   1.2170   0.01467   0.00460  -0.1604   0.6912   1.0000  22.7907 160.0000
   5.000   1.2274   0.01466   0.00449  -0.1601   0.6848   1.0000  23.2033 160.0000
   5.100   1.2356   0.01468   0.00443  -0.1593   0.6773   1.0000  23.6816 160.0000
   5.200   1.2476   0.01465   0.00429  -0.1593   0.6708   1.0000  24.0979 160.0000
   5.300   1.2543   0.01471   0.00427  -0.1583   0.6627   1.0000  24.6185 160.0000
   5.400   1.2663   0.01469   0.00413  -0.1583   0.6558   1.0000  25.0629 160.0000
   5.500   1.2726   0.01477   0.00413  -0.1573   0.6471   1.0000  25.6181 160.0000
   5.600   1.2835   0.01478   0.00401  -0.1571   0.6395   1.0000  26.1062 160.0000
   5.700   1.2906   0.01486   0.00399  -0.1562   0.6304   1.0000  26.6828 160.0000
   5.800   1.2998   0.01492   0.00392  -0.1557   0.6220   1.0000  27.2224 160.0000
   5.900   1.3080   0.01499   0.00388  -0.1550   0.6129   1.0000  27.8031 160.0000
   6.000   1.3157   0.01509   0.00385  -0.1542   0.6035   1.0000  28.4002 160.0000
   6.200   1.3311   0.01529   0.00377  -0.1527   0.5838   1.0000  29.6525 160.0000
   6.300   1.3387   0.01541   0.00374  -0.1519   0.5738   1.0000  30.2907 160.0000
   6.400   1.3465   0.01554   0.00370  -0.1511   0.5634   1.0000  30.9513 160.0000
   6.500   1.3524   0.01568   0.00371  -0.1501   0.5522   1.0000  31.6577 160.0000
   6.600   1.3589   0.01584   0.00370  -0.1491   0.5411   1.0000  32.3649 160.0000
   6.700   1.3653   0.01601   0.00369  -0.1481   0.5297   1.0000  33.0870 160.0000
   6.800   1.3708   0.01620   0.00370  -0.1470   0.5175   1.0000  33.8580 160.0000
   6.900   1.3760   0.01639   0.00372  -0.1458   0.5053   1.0000  34.6351 160.0000
   7.000   1.3810   0.01660   0.00375  -0.1446   0.4931   1.0000  35.4058 160.0000
   7.100   1.3856   0.01682   0.00377  -0.1433   0.4808   1.0000  36.1870 160.0000
   7.200   1.3894   0.01706   0.00380  -0.1419   0.4683   1.0000  36.9762 160.0000
   7.300   1.3926   0.01730   0.00385  -0.1404   0.4553   1.0000  37.7982 160.0000
   7.400   1.3957   0.01756   0.00391  -0.1389   0.4424   1.0000  38.6174 160.0000
   7.500   1.3986   0.01784   0.00397  -0.1374   0.4295   1.0000  39.4337 160.0000
   7.600   1.4013   0.01814   0.00405  -0.1358   0.4166   1.0000  40.2539 160.0000
   7.700   1.4037   0.01847   0.00414  -0.1342   0.4039   1.0000  41.0652 160.0000
   7.800   1.4059   0.01879   0.00425  -0.1327   0.3907   1.0000  41.8995 160.0000
   7.900   1.4083   0.01913   0.00437  -0.1312   0.3776   1.0000  42.7380 160.0000
   8.000   1.4105   0.01949   0.00450  -0.1296   0.3647   1.0000  43.5603 160.0000
   8.100   1.4125   0.01987   0.00464  -0.1281   0.3522   1.0000  44.3533 160.0000
   8.200   1.4143   0.02027   0.00480  -0.1266   0.3401   1.0000  45.1280 160.0000
   8.300   1.4162   0.02068   0.00497  -0.1251   0.3279   1.0000  45.9103 160.0000
   8.400   1.4185   0.02108   0.00515  -0.1237   0.3157   1.0000  46.6926 160.0000
   8.500   1.4205   0.02151   0.00534  -0.1223   0.3042   1.0000  47.4357 160.0000
   8.600   1.4222   0.02197   0.00555  -0.1208   0.2934   1.0000  48.1316 160.0000
   8.700   1.4242   0.02243   0.00577  -0.1195   0.2823   1.0000  48.8468 160.0000
   8.800   1.4266   0.02288   0.00599  -0.1182   0.2716   1.0000  49.5428 160.0000
   8.900   1.4284   0.02337   0.00623  -0.1168   0.2620   1.0000  50.1645 160.0000
   9.000   1.4307   0.02385   0.00648  -0.1156   0.2522   1.0000  50.8061 160.0000
   9.100   1.4333   0.02433   0.00673  -0.1144   0.2429   1.0000  51.4165 160.0000
   9.200   1.4348   0.02489   0.00701  -0.1131   0.2347   1.0000  51.9529 160.0000
   9.300   1.4381   0.02535   0.00727  -0.1120   0.2257   1.0000  52.5475 160.0000
   9.400   1.4394   0.02594   0.00757  -0.1108   0.2188   1.0000  53.0086 160.0000
   9.500   1.4432   0.02639   0.00785  -0.1098   0.2103   1.0000  53.5718 160.0000
   9.600   1.4446   0.02701   0.00816  -0.1086   0.2042   1.0000  53.9838 160.0000
   9.700   1.4486   0.02747   0.00845  -0.1077   0.1966   1.0000  54.4934 160.0000
   9.800   1.4506   0.02807   0.00877  -0.1066   0.1908   1.0000  54.8877 160.0000
   9.900   1.4542   0.02858   0.00908  -0.1057   0.1844   1.0000  55.3188 160.0000
  10.000   1.4571   0.02913   0.00940  -0.1047   0.1786   1.0000  55.7171 160.0000
  10.100   1.4591   0.02979   0.00975  -0.1037   0.1738   1.0000  56.0455 160.0000
  10.200   1.4635   0.03025   0.01006  -0.1029   0.1679   1.0000  56.4523 160.0000
  10.300   1.4662   0.03084   0.01040  -0.1020   0.1631   1.0000  56.7804 160.0000
  10.400   1.4688   0.03150   0.01076  -0.1010   0.1588   1.0000  57.0836 160.0000
  10.500   1.4731   0.03198   0.01109  -0.1003   0.1538   1.0000  57.4316 160.0000
  10.600   1.4763   0.03257   0.01144  -0.0994   0.1496   1.0000  57.7267 160.0000
  10.700   1.4786   0.03331   0.01181  -0.0986   0.1459   1.0000  57.9883 160.0000
  10.800   1.4830   0.03380   0.01217  -0.0978   0.1417   1.0000  58.2891 160.0000
  10.900   1.4867   0.03435   0.01253  -0.0971   0.1378   1.0000  58.5735 160.0000
  11.000   1.4896   0.03500   0.01290  -0.0963   0.1344   1.0000  58.8180 160.0000
  11.100   1.4931   0.03572   0.01327  -0.0956   0.1310   1.0000  59.0642 160.0000
  11.200   1.4972   0.03625   0.01367  -0.0949   0.1274   1.0000  59.3245 160.0000
  11.300   1.5008   0.03683   0.01405  -0.0941   0.1241   1.0000  59.5698 160.0000
  11.400   1.5040   0.03748   0.01443  -0.0934   0.1212   1.0000  59.7838 160.0000
  11.500   1.5083   0.03826   0.01478  -0.0928   0.1181   1.0000  60.0126 160.0000
  11.600   1.5120   0.03882   0.01523  -0.0921   0.1154   1.0000  60.2205 160.0000
  11.700   1.5157   0.03942   0.01565  -0.0915   0.1125   1.0000  60.4403 160.0000
  11.800   1.5191   0.04005   0.01605  -0.0908   0.1098   1.0000  60.6413 160.0000
  11.900   1.5225   0.04074   0.01643  -0.0902   0.1074   1.0000  60.8253 160.0000
  12.000   1.5281   0.04150   0.01676  -0.0898   0.1046   1.0000  61.0385 160.0000
  12.100   1.5314   0.04212   0.01726  -0.0891   0.1025   1.0000  61.2096 160.0000
  12.200   1.5349   0.04277   0.01772  -0.0884   0.1001   1.0000  61.3944 160.0000
  12.300   1.5384   0.04343   0.01816  -0.0878   0.0979   1.0000  61.5696 160.0000
  12.400   1.5417   0.04411   0.01857  -0.0873   0.0959   1.0000  61.7304 160.0000
  12.500   1.5465   0.04484   0.01890  -0.0868   0.0938   1.0000  61.9012 160.0000
  12.600   1.5524   0.04557   0.01930  -0.0864   0.0915   1.0000  62.0815 160.0000
  12.700   1.5550   0.04629   0.01986  -0.0858   0.0898   1.0000  62.2261 160.0000
  12.800   1.5581   0.04700   0.02039  -0.0852   0.0879   1.0000  62.3809 160.0000
  12.900   1.5613   0.04771   0.02087  -0.0846   0.0861   1.0000  62.5313 160.0000
  13.000   1.5645   0.04842   0.02133  -0.0841   0.0845   1.0000  62.6724 160.0000
  13.100   1.5683   0.04915   0.02173  -0.0836   0.0828   1.0000  62.8098 160.0000
  13.200   1.5786   0.04990   0.02186  -0.0836   0.0804   1.0000  63.0175 160.0000
  13.300   1.5794   0.05072   0.02257  -0.0829   0.0792   1.0000  63.1169 160.0000
  13.400   1.5810   0.05156   0.02324  -0.0823   0.0779   1.0000  63.2381 160.0000
  13.500   1.5833   0.05238   0.02387  -0.0817   0.0764   1.0000  63.3683 160.0000
  13.600   1.5858   0.05319   0.02444  -0.0812   0.0750   1.0000  63.4984 160.0000
  13.700   1.5884   0.05398   0.02498  -0.0807   0.0736   1.0000  63.6221 160.0000
  13.800   1.5915   0.05475   0.02545  -0.0803   0.0723   1.0000  63.7410 160.0000
  13.900   1.5966   0.05551   0.02580  -0.0800   0.0708   1.0000  63.8698 160.0000
  14.000   1.6059   0.05639   0.02611  -0.0799   0.0690   1.0000  64.0412 160.0000
  14.100   1.6056   0.05738   0.02696  -0.0793   0.0681   1.0000  64.1247 160.0000
  14.200   1.6060   0.05838   0.02780  -0.0787   0.0671   1.0000  64.2232 160.0000
  14.300   1.6069   0.05939   0.02861  -0.0782   0.0660   1.0000  64.3285 160.0000
  14.400   1.6080   0.06039   0.02938  -0.0778   0.0649   1.0000  64.4360 160.0000
  14.500   1.6095   0.06134   0.03009  -0.0773   0.0638   1.0000  64.5423 160.0000
  14.600   1.6114   0.06225   0.03073  -0.0770   0.0628   1.0000  64.6450 160.0000
  14.700   1.6141   0.06312   0.03129  -0.0767   0.0618   1.0000  64.7462 160.0000
  14.800   1.6184   0.06394   0.03170  -0.0764   0.0607   1.0000  64.8539 160.0000
  14.900   1.6288   0.06498   0.03201  -0.0764   0.0590   1.0000  65.0195 160.0000
  15.000   1.6262   0.06623   0.03314  -0.0758   0.0585   1.0000  65.0758 160.0000
  15.100   1.6243   0.06751   0.03429  -0.0754   0.0579   1.0000  65.1432 160.0000
  15.200   1.6229   0.06881   0.03542  -0.0750   0.0572   1.0000  65.2180 160.0000
  15.300   1.6221   0.07012   0.03653  -0.0747   0.0565   1.0000  65.2959 160.0000
  15.400   1.6213   0.07143   0.03766  -0.0744   0.0557   1.0000  65.3731 160.0000
  15.500   1.6204   0.07276   0.03879  -0.0741   0.0551   1.0000  65.4486 160.0000
  15.600   1.6198   0.07406   0.03988  -0.0739   0.0544   1.0000  65.5234 160.0000
  15.700   1.6195   0.07532   0.04093  -0.0737   0.0537   1.0000  65.5972 160.0000
  15.800   1.6198   0.07652   0.04189  -0.0735   0.0530   1.0000  65.6701 160.0000
  15.900   1.6209   0.07763   0.04275  -0.0734   0.0524   1.0000  65.7439 160.0000
  16.000   1.6237   0.07862   0.04341  -0.0733   0.0516   1.0000  65.8240 160.0000
  16.100   1.6312   0.07948   0.04369  -0.0731   0.0506   1.0000  65.9324 160.0000
  16.200   1.6326   0.08126   0.04500  -0.0730   0.0499   1.0000  66.0181 160.0000
  16.300   1.6269   0.08305   0.04680  -0.0730   0.0496   1.0000  66.0490 160.0000
  16.400   1.6213   0.08491   0.04867  -0.0730   0.0494   1.0000  66.0829 160.0000
  16.500   1.6156   0.08683   0.05063  -0.0731   0.0491   1.0000  66.1191 160.0000
  16.600   1.6100   0.08881   0.05266  -0.0733   0.0488   1.0000  66.1568 160.0000
  16.700   1.6043   0.09084   0.05476  -0.0735   0.0484   1.0000  66.1950 160.0000
  16.800   1.5985   0.09293   0.05695  -0.0739   0.0481   1.0000  66.2328 160.0000
  16.900   1.5928   0.09506   0.05921  -0.0743   0.0478   1.0000  66.2700 160.0000
  17.000   1.5869   0.09725   0.06157  -0.0747   0.0475   1.0000  66.3055 160.0000
  17.100   1.5809   0.09949   0.06402  -0.0753   0.0473   1.0000  66.3391 160.0000
  17.200   1.5749   0.10178   0.06658  -0.0760   0.0470   1.0000  66.3703 160.0000
  17.300   1.5685   0.10415   0.06926  -0.0767   0.0468   1.0000  66.3986 160.0000
  17.400   1.5620   0.10659   0.07207  -0.0775   0.0466   1.0000  66.4240 160.0000
  17.500   1.5551   0.10912   0.07504  -0.0785   0.0464   1.0000  66.4471 160.0000
  17.600   1.5480   0.11174   0.07817  -0.0796   0.0462   1.0000  66.4674 160.0000
  17.700   1.5403   0.11447   0.08151  -0.0808   0.0461   1.0000  66.4846 160.0000
  17.800   1.5322   0.11734   0.08509  -0.0821   0.0460   1.0000  66.4985 160.0000
  17.900   1.5234   0.12038   0.08896  -0.0836   0.0459   1.0000  66.5084 160.0000
  18.000   1.5138   0.12364   0.09321  -0.0854   0.0459   1.0000  66.5134 160.0000
  18.100   1.5030   0.12719   0.09793  -0.0874   0.0459   1.0000  66.5123 160.0000
  18.200   1.4909   0.13111   0.10328  -0.0898   0.0459   1.0000  66.5033 160.0000
  18.300   1.4769   0.13552   0.10945  -0.0926   0.0461   1.0000  66.4843 160.0000
  18.400   1.4606   0.14057   0.11669  -0.0960   0.0464   1.0000  66.4529 160.0000
  18.500   1.4416   0.14643   0.12534  -0.1001   0.0467   1.0000  66.4058 160.0000
  18.600   1.4194   0.15336   0.13587  -0.1052   0.0473   1.0000  66.3394 160.0000
  18.700   1.3933   0.16168   0.14893  -0.1114   0.0480   1.0000  66.2453 160.0000
  18.800   1.3654   0.17105   0.16422  -0.1183   0.0489   1.0000  66.1384 160.0000
  18.900   1.3384   0.18087   0.18083  -0.1254   0.0496   1.0000  66.0474 160.0000
  19.100   0.9910   0.24832   0.23942  -0.1457   0.0804   1.0000  63.0102 160.0000
  19.200   0.9820   0.25076   0.24505  -0.1481   0.0802   1.0000  63.0316 160.0000
  19.300   0.9669   0.25323   0.25238  -0.1517   0.0795   1.0000  63.0966 160.0000
  19.400   0.9596   0.25569   0.25791  -0.1542   0.0772   1.0000  63.2953 160.0000
  19.500   0.9595   0.25747   0.26067  -0.1551   0.0756   1.0000  63.4407 160.0000
  19.600   0.9605   0.25906   0.26294  -0.1557   0.0744   1.0000  63.5495 160.0000
  19.700   0.9621   0.26055   0.26498  -0.1562   0.0734   1.0000  63.6398 160.0000
  19.800   0.9642   0.26193   0.26677  -0.1566   0.0725   1.0000  63.7184 160.0000
  19.900   0.9668   0.26323   0.26830  -0.1569   0.0718   1.0000  63.7864 160.0000
  20.000   0.9703   0.26447   0.26952  -0.1569   0.0711   1.0000  63.8444 160.0000
