  
       XFOIL         Version 6.99
  
 Calculated polar for: SG6043                                          
  
 1 1 Reynolds number fixed          Mach number fixed         
  
 xtrf =   1.000 (top)        1.000 (bottom)  
 Mach =   0.000     Re =     0.070 e 6     Ncrit =   9.000  9.000
  
   alpha    CL        CD       CDp       CM     Top_Xtr  Bot_Xtr  Top_Itr  Bot_Itr
  ------ -------- --------- --------- -------- -------- -------- -------- --------
   0.000   0.2598   0.03831   0.02282  -0.1118   0.9345   0.1578   6.9979 107.1738
   0.100   0.2659   0.03813   0.02274  -0.1112   0.9300   0.1699   7.3210 107.8924
   0.200   0.2796   0.03791   0.02265  -0.1118   0.9266   0.1905   7.5640 109.1159
   0.300   0.2974   0.03773   0.02253  -0.1130   0.9237   0.2212   7.7712 110.9322
   0.400   0.3194   0.03743   0.02239  -0.1149   0.9214   0.2739   7.9330 114.0498
   0.500   0.3347   0.03568   0.02245  -0.1148   0.9206   0.7275   7.9901 141.1746
   0.600   0.3275   0.03510   0.02224  -0.1114   0.9145   1.0000   8.4060 160.0000
   0.700   0.3421   0.03540   0.02222  -0.1120   0.9108   1.0000   8.6640 160.0000
   0.800   0.3608   0.03577   0.02232  -0.1134   0.9076   1.0000   8.8789 160.0000
   0.900   0.3736   0.03608   0.02246  -0.1139   0.9036   1.0000   9.1473 160.0000
   1.000   0.3814   0.03630   0.02264  -0.1137   0.8989   1.0000   9.4643 160.0000
   1.100   0.3962   0.03661   0.02282  -0.1145   0.8952   1.0000   9.7113 160.0000
   1.200   0.4156   0.03696   0.02298  -0.1160   0.8922   1.0000   9.9096 160.0000
   1.300   0.4244   0.03723   0.02318  -0.1160   0.8876   1.0000  10.2141 160.0000
   1.400   0.4335   0.03749   0.02339  -0.1159   0.8829   1.0000  10.5229 160.0000
   1.500   0.4495   0.03777   0.02358  -0.1169   0.8793   1.0000  10.7582 160.0000
   1.600   0.4698   0.03809   0.02373  -0.1185   0.8765   1.0000  10.9399 160.0000
   1.700   0.4743   0.03836   0.02398  -0.1178   0.8711   1.0000  11.2923 160.0000
   1.800   0.4852   0.03863   0.02420  -0.1181   0.8665   1.0000  11.5873 160.0000
   1.900   0.5026   0.03889   0.02436  -0.1192   0.8631   1.0000  11.8084 160.0000
   2.000   0.5240   0.03916   0.02446  -0.1209   0.8606   1.0000  11.9743 160.0000
   2.100   0.5237   0.03946   0.02480  -0.1195   0.8541   1.0000  12.3875 160.0000
   2.200   0.5369   0.03971   0.02499  -0.1200   0.8499   1.0000  12.6611 160.0000
   2.300   0.5559   0.03991   0.02510  -0.1213   0.8467   1.0000  12.8636 160.0000
   2.400   0.5705   0.04017   0.02525  -0.1220   0.8430   1.0000  13.1030 160.0000
   2.500   0.5734   0.04050   0.02558  -0.1211   0.8368   1.0000  13.4988 160.0000
   2.600   0.5893   0.04069   0.02571  -0.1219   0.8330   1.0000  13.7441 160.0000
   2.700   0.6102   0.04082   0.02574  -0.1234   0.8302   1.0000  13.9229 160.0000
   2.800   0.6133   0.04120   0.02608  -0.1225   0.8242   1.0000  14.3076 160.0000
   2.900   0.6243   0.04143   0.02628  -0.1227   0.8193   1.0000  14.6187 160.0000
   3.000   0.6430   0.04152   0.02631  -0.1238   0.8160   1.0000  14.8293 160.0000
   3.100   0.6657   0.04155   0.02624  -0.1254   0.8136   1.0000  14.9805 160.0000
   3.200   0.6612   0.04209   0.02678  -0.1236   0.8057   1.0000  15.4823 160.0000
   3.300   0.6771   0.04220   0.02684  -0.1243   0.8018   1.0000  15.7343 160.0000
   3.400   0.6984   0.04217   0.02674  -0.1256   0.7990   1.0000  15.9088 160.0000
   3.500   0.7011   0.04261   0.02713  -0.1247   0.7925   1.0000  16.3203 160.0000
   3.600   0.7125   0.04279   0.02728  -0.1248   0.7875   1.0000  16.6378 160.0000
   3.700   0.7323   0.04273   0.02717  -0.1259   0.7844   1.0000  16.8381 160.0000
   3.800   0.7559   0.04255   0.02692  -0.1274   0.7822   1.0000  16.9791 160.0000
   4.000   0.7674   0.04320   0.02751  -0.1262   0.7697   1.0000  17.7696 160.0000
   4.100   0.7903   0.04294   0.02721  -0.1276   0.7673   1.0000  17.9259 160.0000
   4.200   0.7882   0.04358   0.02778  -0.1261   0.7593   1.0000  18.4306 160.0000
   4.300   0.8038   0.04353   0.02771  -0.1265   0.7550   1.0000  18.7048 160.0000
   4.400   0.8261   0.04320   0.02736  -0.1277   0.7523   1.0000  18.8771 160.0000
   4.500   0.8510   0.04274   0.02686  -0.1291   0.7503   1.0000  19.0035 160.0000
   4.600   0.8419   0.04368   0.02774  -0.1269   0.7403   1.0000  19.6429 160.0000
   4.700   0.8635   0.04328   0.02733  -0.1278   0.7373   1.0000  19.8323 160.0000
   4.800   0.8888   0.04267   0.02671  -0.1292   0.7353   1.0000  19.9605 160.0000
   4.900   0.8818   0.04360   0.02754  -0.1272   0.7256   1.0000  20.5829 160.0000
   5.000   0.9028   0.04312   0.02707  -0.1280   0.7224   1.0000  20.7889 160.0000
   5.100   0.9283   0.04238   0.02635  -0.1292   0.7203   1.0000  20.9214 160.0000
   5.300   0.9441   0.04268   0.02655  -0.1281   0.7075   1.0000  21.7415 160.0000
   5.400   0.9695   0.04179   0.02570  -0.1292   0.7053   1.0000  21.8816 160.0000
   5.500   0.9975   0.04068   0.02466  -0.1305   0.7038   1.0000  21.9788 160.0000
   5.800   1.0428   0.03941   0.02341  -0.1304   0.6892   1.0000  22.9210 160.0000
   5.900   1.0723   0.03795   0.02208  -0.1316   0.6876   1.0000  23.0189 160.0000
   6.100   1.0932   0.03751   0.02159  -0.1304   0.6748   1.0000  23.8422 160.0000
   6.200   1.1278   0.03571   0.01996  -0.1323   0.6733   1.0000  23.9391 160.0000
   6.400   1.1526   0.03494   0.01916  -0.1314   0.6603   1.0000  24.7763 160.0000
   6.500   1.1942   0.03281   0.01724  -0.1342   0.6579   1.0000  24.9245 160.0000
   6.600   1.1889   0.03345   0.01770  -0.1317   0.6482   1.0000  25.5485 160.0000
   6.700   1.2286   0.03150   0.01592  -0.1344   0.6439   1.0000  25.8254 160.0000
   6.800   1.2419   0.03107   0.01545  -0.1341   0.6359   1.0000  26.3326 160.0000
   6.900   1.2722   0.02978   0.01421  -0.1359   0.6283   1.0000  26.8183 160.0000
   7.000   1.2834   0.02948   0.01382  -0.1353   0.6190   1.0000  27.4100 160.0000
   7.100   1.3197   0.02802   0.01235  -0.1380   0.6099   1.0000  27.9927 160.0000
   7.200   1.3203   0.02824   0.01243  -0.1360   0.5990   1.0000  28.6884 160.0000
   7.300   1.3343   0.02787   0.01193  -0.1357   0.5880   1.0000  29.3898 160.0000
   7.400   1.3529   0.02734   0.01124  -0.1362   0.5761   1.0000  30.1444 160.0000
   7.500   1.3665   0.02705   0.01078  -0.1359   0.5635   1.0000  30.9458 160.0000
   7.600   1.3712   0.02715   0.01070  -0.1345   0.5508   1.0000  31.7494 160.0000
   7.700   1.3793   0.02714   0.01049  -0.1335   0.5375   1.0000  32.5936 160.0000
   7.800   1.3878   0.02714   0.01026  -0.1327   0.5236   1.0000  33.4741 160.0000
   7.900   1.3959   0.02718   0.01005  -0.1317   0.5092   1.0000  34.3848 160.0000
   8.000   1.4033   0.02728   0.00988  -0.1307   0.4946   1.0000  35.3153 160.0000
   8.100   1.4100   0.02744   0.00976  -0.1296   0.4796   1.0000  36.2599 160.0000
   8.200   1.4159   0.02766   0.00968  -0.1285   0.4646   1.0000  37.2120 160.0000
   8.300   1.4209   0.02792   0.00964  -0.1272   0.4496   1.0000  38.1645 160.0000
   8.400   1.4254   0.02822   0.00963  -0.1259   0.4346   1.0000  39.1104 160.0000
   8.500   1.4296   0.02857   0.00965  -0.1245   0.4198   1.0000  40.0495 160.0000
   8.600   1.4329   0.02896   0.00972  -0.1231   0.4054   1.0000  40.9652 160.0000
   8.700   1.4349   0.02941   0.00989  -0.1215   0.3915   1.0000  41.8508 160.0000
   8.800   1.4373   0.02988   0.01006  -0.1200   0.3777   1.0000  42.7270 160.0000
   8.900   1.4401   0.03038   0.01025  -0.1186   0.3643   1.0000  43.5809 160.0000
   9.000   1.4434   0.03089   0.01043  -0.1173   0.3513   1.0000  44.4113 160.0000
   9.100   1.4476   0.03142   0.01060  -0.1162   0.3387   1.0000  45.2204 160.0000
   9.200   1.4530   0.03197   0.01074  -0.1153   0.3262   1.0000  46.0187 160.0000
   9.300   1.4542   0.03255   0.01110  -0.1137   0.3150   1.0000  46.7376 160.0000
   9.400   1.4578   0.03314   0.01139  -0.1126   0.3040   1.0000  47.4471 160.0000
   9.500   1.4635   0.03374   0.01159  -0.1118   0.2932   1.0000  48.1434 160.0000
   9.600   1.4666   0.03433   0.01191  -0.1106   0.2832   1.0000  48.7884 160.0000
   9.700   1.4705   0.03497   0.01226  -0.1096   0.2737   1.0000  49.4038 160.0000
   9.800   1.4792   0.03560   0.01243  -0.1093   0.2639   1.0000  50.0429 160.0000
   9.900   1.4803   0.03624   0.01292  -0.1079   0.2559   1.0000  50.5668 160.0000
  10.000   1.4885   0.03690   0.01315  -0.1076   0.2471   1.0000  51.1374 160.0000
  10.100   1.4910   0.03753   0.01359  -0.1064   0.2397   1.0000  51.6285 160.0000
  10.200   1.4998   0.03822   0.01386  -0.1062   0.2317   1.0000  52.1544 160.0000
  10.300   1.5029   0.03888   0.01433  -0.1050   0.2250   1.0000  52.5981 160.0000
  10.400   1.5142   0.03961   0.01457  -0.1052   0.2173   1.0000  53.1067 160.0000
  10.500   1.5155   0.04029   0.01513  -0.1039   0.2116   1.0000  53.4861 160.0000
  10.600   1.5312   0.04105   0.01525  -0.1047   0.2037   1.0000  54.0167 160.0000
  10.700   1.5303   0.04176   0.01592  -0.1030   0.1992   1.0000  54.3181 160.0000
  10.800   1.5360   0.04246   0.01635  -0.1024   0.1937   1.0000  54.6890 160.0000
  10.900   1.5499   0.04332   0.01668  -0.1030   0.1873   1.0000  55.1240 160.0000
  11.000   1.5506   0.04407   0.01734  -0.1016   0.1831   1.0000  55.4102 160.0000
  11.100   1.5579   0.04477   0.01771  -0.1012   0.1781   1.0000  55.7526 160.0000
  11.200   1.5712   0.04572   0.01813  -0.1017   0.1725   1.0000  56.1366 160.0000
  11.300   1.5715   0.04651   0.01884  -0.1002   0.1690   1.0000  56.3775 160.0000
  11.400   1.5771   0.04729   0.01935  -0.0996   0.1649   1.0000  56.6586 160.0000
  11.500   1.5976   0.04837   0.01967  -0.1012   0.1590   1.0000  57.0659 160.0000
  11.600   1.5956   0.04921   0.02047  -0.0995   0.1565   1.0000  57.2432 160.0000
  11.700   1.5967   0.05006   0.02117  -0.0982   0.1535   1.0000  57.4569 160.0000
  11.800   1.6024   0.05084   0.02166  -0.0976   0.1500   1.0000  57.7022 160.0000
  11.900   1.6233   0.05209   0.02207  -0.0993   0.1449   1.0000  58.0617 160.0000
  12.000   1.6201   0.05301   0.02297  -0.0975   0.1431   1.0000  58.1891 160.0000
  12.100   1.6192   0.05397   0.02383  -0.0960   0.1409   1.0000  58.3473 160.0000
  12.200   1.6210   0.05491   0.02456  -0.0950   0.1384   1.0000  58.5288 160.0000
  12.300   1.6268   0.05575   0.02506  -0.0945   0.1355   1.0000  58.7366 160.0000
  12.400   1.6474   0.05716   0.02553  -0.0962   0.1312   1.0000  59.0492 160.0000
  12.500   1.6414   0.05815   0.02652  -0.0941   0.1301   1.0000  59.1308 160.0000
  12.600   1.6366   0.05924   0.02754  -0.0923   0.1288   1.0000  59.2252 160.0000
  12.700   1.6331   0.06038   0.02858  -0.0907   0.1274   1.0000  59.3306 160.0000
  12.800   1.6314   0.06152   0.02955  -0.0894   0.1257   1.0000  59.4502 160.0000
  12.900   1.6332   0.06256   0.03034  -0.0885   0.1237   1.0000  59.5967 160.0000
  13.000   1.6389   0.06348   0.03087  -0.0881   0.1214   1.0000  59.7694 160.0000
  13.100   1.6587   0.06507   0.03137  -0.0896   0.1178   1.0000  60.0331 160.0000
  13.200   1.6499   0.06626   0.03255  -0.0876   0.1173   1.0000  60.0749 160.0000
  13.300   1.6412   0.06755   0.03381  -0.0857   0.1167   1.0000  60.1195 160.0000
  13.400   1.6326   0.06892   0.03514  -0.0839   0.1161   1.0000  60.1654 160.0000
  13.500   1.6242   0.07038   0.03654  -0.0823   0.1155   1.0000  60.2118 160.0000
  13.600   1.6158   0.07192   0.03801  -0.0809   0.1149   1.0000  60.2578 160.0000
  13.700   1.6074   0.07353   0.03954  -0.0795   0.1143   1.0000  60.3007 160.0000
  13.800   1.5988   0.07520   0.04114  -0.0783   0.1138   1.0000  60.3418 160.0000
  13.900   1.5900   0.07693   0.04281  -0.0772   0.1133   1.0000  60.3806 160.0000
  14.000   1.5809   0.07873   0.04456  -0.0761   0.1128   1.0000  60.4166 160.0000
  14.100   1.5714   0.08061   0.04640  -0.0752   0.1124   1.0000  60.4491 160.0000
  14.200   1.5615   0.08257   0.04835  -0.0744   0.1120   1.0000  60.4770 160.0000
  14.300   1.5510   0.08464   0.05043  -0.0738   0.1117   1.0000  60.4991 160.0000
  14.400   1.5396   0.08685   0.05269  -0.0732   0.1115   1.0000  60.5128 160.0000
  14.500   1.5269   0.08924   0.05520  -0.0728   0.1115   1.0000  60.5150 160.0000
  14.600   1.5126   0.09187   0.05801  -0.0726   0.1116   1.0000  60.5032 160.0000
  14.700   1.4968   0.09477   0.06118  -0.0727   0.1120   1.0000  60.4772 160.0000
  14.800   1.4797   0.09792   0.06472  -0.0730   0.1125   1.0000  60.4391 160.0000
  14.900   1.4618   0.10132   0.06859  -0.0736   0.1131   1.0000  60.3929 160.0000
  15.000   1.4437   0.10495   0.07279  -0.0746   0.1138   1.0000  60.3426 160.0000
  15.100   1.4255   0.10878   0.07731  -0.0759   0.1144   1.0000  60.2904 160.0000
  15.200   1.4075   0.11282   0.08216  -0.0775   0.1151   1.0000  60.2383 160.0000
  15.300   1.3898   0.11707   0.08733  -0.0794   0.1158   1.0000  60.1879 160.0000
  15.400   1.3725   0.12154   0.09285  -0.0816   0.1164   1.0000  60.1404 160.0000
  15.500   1.3560   0.12619   0.09867  -0.0840   0.1170   1.0000  60.0965 160.0000
  15.600   1.3406   0.13098   0.10472  -0.0867   0.1175   1.0000  60.0577 160.0000
  15.700   1.3264   0.13584   0.11092  -0.0894   0.1179   1.0000  60.0249 160.0000
