  
       XFOIL         Version 6.99
  
 Calculated polar for: SG6043                                          
  
 1 1 Reynolds number fixed          Mach number fixed         
  
 xtrf =   1.000 (top)        1.000 (bottom)  
 Mach =   0.000     Re =     0.090 e 6     Ncrit =   9.000  9.000
  
   alpha    CL        CD       CDp       CM     Top_Xtr  Bot_Xtr  Top_Itr  Bot_Itr
  ------ -------- --------- --------- -------- -------- -------- -------- --------
   0.000   0.3584   0.03304   0.01911  -0.1239   0.8857   0.2101  10.3351 110.2740
   0.100   0.3720   0.03275   0.01902  -0.1246   0.8829   0.2534  10.5230 112.8337
   0.200   0.3872   0.03127   0.01917  -0.1251   0.8819   0.6715  10.5880 137.7586
   0.300   0.3903   0.03057   0.01886  -0.1224   0.8788   1.0000  10.7912 160.0000
   0.400   0.4095   0.03072   0.01877  -0.1237   0.8769   1.0000  10.9147 160.0000
   0.500   0.4196   0.03094   0.01885  -0.1237   0.8733   1.0000  11.1466 160.0000
   0.600   0.4255   0.03115   0.01901  -0.1231   0.8686   1.0000  11.4553 160.0000
   0.700   0.4397   0.03130   0.01906  -0.1237   0.8655   1.0000  11.6550 160.0000
   0.800   0.4569   0.03143   0.01908  -0.1247   0.8631   1.0000  11.8067 160.0000
   0.900   0.4760   0.03154   0.01906  -0.1261   0.8613   1.0000  11.9248 160.0000
   1.000   0.4821   0.03180   0.01925  -0.1255   0.8568   1.0000  12.2179 160.0000
   1.100   0.4901   0.03200   0.01942  -0.1252   0.8523   1.0000  12.5076 160.0000
   1.200   0.5051   0.03212   0.01947  -0.1259   0.8494   1.0000  12.6940 160.0000
   1.300   0.5229   0.03220   0.01947  -0.1270   0.8472   1.0000  12.8351 160.0000
   1.400   0.5426   0.03225   0.01942  -0.1283   0.8455   1.0000  12.9438 160.0000
   1.500   0.5433   0.03261   0.01974  -0.1269   0.8395   1.0000  13.3266 160.0000
   1.600   0.5544   0.03277   0.01986  -0.1271   0.8356   1.0000  13.5777 160.0000
   1.700   0.5707   0.03283   0.01987  -0.1279   0.8330   1.0000  13.7461 160.0000
   1.800   0.5895   0.03284   0.01982  -0.1291   0.8310   1.0000  13.8718 160.0000
   1.900   0.6096   0.03282   0.01972  -0.1304   0.8294   1.0000  13.9700 160.0000
   2.000   0.6053   0.03331   0.02018  -0.1283   0.8219   1.0000  14.4505 160.0000
   2.100   0.6195   0.03338   0.02022  -0.1289   0.8187   1.0000  14.6578 160.0000
   2.200   0.6374   0.03336   0.02016  -0.1298   0.8164   1.0000  14.8030 160.0000
   2.300   0.6570   0.03328   0.02003  -0.1311   0.8147   1.0000  14.9136 160.0000
   2.400   0.6777   0.03318   0.01987  -0.1324   0.8132   1.0000  15.0066 160.0000
   2.500   0.6698   0.03382   0.02047  -0.1299   0.8043   1.0000  15.5700 160.0000
   2.600   0.6865   0.03377   0.02040  -0.1306   0.8017   1.0000  15.7380 160.0000
   2.700   0.7058   0.03364   0.02024  -0.1317   0.7998   1.0000  15.8611 160.0000
   2.800   0.7270   0.03344   0.02002  -0.1331   0.7983   1.0000  15.9529 160.0000
   3.000   0.7370   0.03404   0.02052  -0.1314   0.7869   1.0000  16.6767 160.0000
   3.100   0.7561   0.03384   0.02031  -0.1324   0.7848   1.0000  16.8096 160.0000
   3.200   0.7770   0.03357   0.02004  -0.1337   0.7833   1.0000  16.9083 160.0000
   3.300   0.7951   0.03339   0.01983  -0.1345   0.7811   1.0000  17.0444 160.0000
   3.500   0.8079   0.03384   0.02021  -0.1331   0.7699   1.0000  17.7576 160.0000
   3.600   0.8286   0.03349   0.01987  -0.1342   0.7682   1.0000  17.8651 160.0000
   3.700   0.8508   0.03305   0.01945  -0.1355   0.7669   1.0000  17.9469 160.0000
   3.900   0.8620   0.03356   0.01985  -0.1339   0.7551   1.0000  18.7015 160.0000
   4.000   0.8828   0.03310   0.01942  -0.1349   0.7533   1.0000  18.8159 160.0000
   4.100   0.9056   0.03251   0.01888  -0.1361   0.7520   1.0000  18.8981 160.0000
   4.200   0.9297   0.03183   0.01826  -0.1375   0.7510   1.0000  18.9580 160.0000
   4.500   0.9642   0.03150   0.01789  -0.1369   0.7374   1.0000  19.8264 160.0000
   4.600   0.9893   0.03067   0.01715  -0.1383   0.7364   1.0000  19.8910 160.0000
   4.700   1.0154   0.02981   0.01640  -0.1399   0.7354   1.0000  19.9553 160.0000
   5.000   1.0547   0.02908   0.01565  -0.1397   0.7217   1.0000  20.8306 160.0000
   5.100   1.0837   0.02808   0.01478  -0.1417   0.7204   1.0000  20.9157 160.0000
   5.200   1.1153   0.02703   0.01386  -0.1443   0.7190   1.0000  21.0053 160.0000
   5.300   1.1011   0.02793   0.01453  -0.1403   0.7085   1.0000  21.6777 160.0000
   5.400   1.1305   0.02691   0.01363  -0.1424   0.7063   1.0000  21.8202 160.0000
   5.500   1.1633   0.02581   0.01265  -0.1452   0.7042   1.0000  21.9532 160.0000
   5.600   1.1562   0.02636   0.01303  -0.1421   0.6951   1.0000  22.5416 160.0000
   5.700   1.1835   0.02548   0.01221  -0.1440   0.6913   1.0000  22.7814 160.0000
   5.800   1.2158   0.02440   0.01120  -0.1467   0.6882   1.0000  22.9850 160.0000
   5.900   1.2113   0.02482   0.01149  -0.1439   0.6790   1.0000  23.5768 160.0000
   6.000   1.2386   0.02395   0.01064  -0.1459   0.6741   1.0000  23.8879 160.0000
   6.100   1.2440   0.02398   0.01058  -0.1446   0.6660   1.0000  24.4062 160.0000
   6.200   1.2646   0.02341   0.00997  -0.1455   0.6593   1.0000  24.8363 160.0000
   6.300   1.2737   0.02331   0.00977  -0.1448   0.6510   1.0000  25.3655 160.0000
   6.400   1.2917   0.02287   0.00925  -0.1454   0.6432   1.0000  25.8668 160.0000
   6.500   1.2986   0.02286   0.00914  -0.1443   0.6340   1.0000  26.4533 160.0000
   6.600   1.3198   0.02237   0.00852  -0.1454   0.6255   1.0000  26.9973 160.0000
   6.700   1.3218   0.02253   0.00857  -0.1436   0.6152   1.0000  27.6561 160.0000
   6.800   1.3335   0.02240   0.00830  -0.1433   0.6053   1.0000  28.2876 160.0000
   6.900   1.3474   0.02220   0.00794  -0.1433   0.5948   1.0000  28.9565 160.0000
   7.000   1.3518   0.02232   0.00792  -0.1419   0.5835   1.0000  29.6732 160.0000
   7.100   1.3606   0.02232   0.00775  -0.1412   0.5722   1.0000  30.3937 160.0000
   7.200   1.3710   0.02230   0.00752  -0.1407   0.5603   1.0000  31.1489 160.0000
   7.300   1.3791   0.02235   0.00737  -0.1399   0.5478   1.0000  31.9394 160.0000
   7.400   1.3838   0.02250   0.00735  -0.1385   0.5349   1.0000  32.7549 160.0000
   7.500   1.3897   0.02265   0.00729  -0.1374   0.5218   1.0000  33.5874 160.0000
   7.600   1.3958   0.02281   0.00722  -0.1363   0.5084   1.0000  34.4383 160.0000
   7.700   1.4016   0.02299   0.00716  -0.1351   0.4946   1.0000  35.3116 160.0000
   7.800   1.4068   0.02320   0.00711  -0.1339   0.4807   1.0000  36.1956 160.0000
   7.900   1.4114   0.02344   0.00708  -0.1326   0.4666   1.0000  37.0839 160.0000
   8.000   1.4150   0.02372   0.00709  -0.1311   0.4526   1.0000  37.9736 160.0000
   8.100   1.4171   0.02403   0.00716  -0.1294   0.4385   1.0000  38.8646 160.0000
   8.200   1.4194   0.02437   0.00725  -0.1278   0.4245   1.0000  39.7545 160.0000
   8.300   1.4217   0.02474   0.00735  -0.1263   0.4105   1.0000  40.6437 160.0000
   8.400   1.4238   0.02513   0.00746  -0.1247   0.3967   1.0000  41.5223 160.0000
   8.500   1.4260   0.02555   0.00759  -0.1232   0.3831   1.0000  42.3852 160.0000
   8.600   1.4282   0.02600   0.00772  -0.1217   0.3699   1.0000  43.2269 160.0000
   8.700   1.4305   0.02647   0.00786  -0.1202   0.3571   1.0000  44.0445 160.0000
   8.800   1.4319   0.02696   0.00808  -0.1187   0.3443   1.0000  44.8622 160.0000
   8.900   1.4336   0.02746   0.00832  -0.1172   0.3318   1.0000  45.6615 160.0000
   9.000   1.4357   0.02799   0.00855  -0.1158   0.3199   1.0000  46.4246 160.0000
   9.100   1.4383   0.02853   0.00875  -0.1145   0.3088   1.0000  47.1396 160.0000
   9.200   1.4402   0.02908   0.00902  -0.1132   0.2978   1.0000  47.8469 160.0000
   9.300   1.4424   0.02964   0.00932  -0.1119   0.2870   1.0000  48.5434 160.0000
   9.400   1.4456   0.03022   0.00956  -0.1108   0.2772   1.0000  49.1763 160.0000
   9.500   1.4481   0.03079   0.00986  -0.1096   0.2676   1.0000  49.7995 160.0000
   9.600   1.4513   0.03138   0.01018  -0.1085   0.2584   1.0000  50.4034 160.0000
   9.700   1.4555   0.03198   0.01041  -0.1076   0.2500   1.0000  50.9512 160.0000
   9.800   1.4580   0.03256   0.01080  -0.1065   0.2414   1.0000  51.5172 160.0000
   9.900   1.4635   0.03319   0.01101  -0.1058   0.2337   1.0000  52.0220 160.0000
  10.000   1.4659   0.03377   0.01145  -0.1046   0.2260   1.0000  52.5284 160.0000
  10.100   1.4728   0.03441   0.01163  -0.1042   0.2189   1.0000  52.9986 160.0000
  10.200   1.4749   0.03500   0.01211  -0.1030   0.2121   1.0000  53.4512 160.0000
  10.300   1.4804   0.03561   0.01236  -0.1024   0.2058   1.0000  53.8765 160.0000
  10.400   1.4851   0.03626   0.01277  -0.1016   0.1995   1.0000  54.2973 160.0000
  10.500   1.4895   0.03686   0.01312  -0.1008   0.1936   1.0000  54.6965 160.0000
  10.600   1.4978   0.03753   0.01337  -0.1005   0.1877   1.0000  55.0922 160.0000
  10.700   1.5007   0.03816   0.01386  -0.0995   0.1825   1.0000  55.4481 160.0000
  10.800   1.5069   0.03877   0.01414  -0.0990   0.1773   1.0000  55.8026 160.0000
  10.900   1.5147   0.03948   0.01449  -0.0987   0.1722   1.0000  56.1573 160.0000
  11.000   1.5177   0.04013   0.01499  -0.0977   0.1676   1.0000  56.4728 160.0000
  11.100   1.5244   0.04075   0.01526  -0.0973   0.1630   1.0000  56.7933 160.0000
  11.200   1.5341   0.04151   0.01560  -0.0972   0.1582   1.0000  57.1248 160.0000
  11.300   1.5368   0.04220   0.01617  -0.0962   0.1544   1.0000  57.3913 160.0000
  11.400   1.5425   0.04285   0.01655  -0.0957   0.1504   1.0000  57.6721 160.0000
  11.500   1.5588   0.04364   0.01668  -0.0965   0.1453   1.0000  58.0343 160.0000
  11.600   1.5585   0.04437   0.01736  -0.0952   0.1426   1.0000  58.2292 160.0000
  11.700   1.5613   0.04509   0.01791  -0.0942   0.1393   1.0000  58.4621 160.0000
  11.800   1.5677   0.04575   0.01827  -0.0938   0.1359   1.0000  58.7093 160.0000
  11.900   1.5868   0.04666   0.01844  -0.0950   0.1312   1.0000  59.0459 160.0000
  12.000   1.5862   0.04745   0.01917  -0.0936   0.1291   1.0000  59.2021 160.0000
  12.100   1.5876   0.04825   0.01984  -0.0926   0.1266   1.0000  59.3873 160.0000
  12.200   1.5914   0.04900   0.02035  -0.0918   0.1239   1.0000  59.5855 160.0000
  12.300   1.6003   0.04967   0.02060  -0.0917   0.1208   1.0000  59.8110 160.0000
  12.400   1.6160   0.05077   0.02104  -0.0925   0.1173   1.0000  60.0765 160.0000
  12.500   1.6149   0.05166   0.02186  -0.0912   0.1156   1.0000  60.2024 160.0000
  12.600   1.6155   0.05256   0.02262  -0.0901   0.1137   1.0000  60.3505 160.0000
  12.700   1.6169   0.05344   0.02329  -0.0891   0.1116   1.0000  60.5044 160.0000
  12.800   1.6205   0.05423   0.02381  -0.0885   0.1095   1.0000  60.6656 160.0000
  12.900   1.6341   0.05498   0.02393  -0.0890   0.1066   1.0000  60.8914 160.0000
  13.000   1.6433   0.05631   0.02472  -0.0890   0.1042   1.0000  61.0739 160.0000
  13.100   1.6396   0.05735   0.02568  -0.0875   0.1031   1.0000  61.1587 160.0000
  13.200   1.6371   0.05843   0.02665  -0.0862   0.1019   1.0000  61.2577 160.0000
  13.300   1.6356   0.05952   0.02758  -0.0851   0.1005   1.0000  61.3670 160.0000
  13.400   1.6358   0.06055   0.02840  -0.0842   0.0990   1.0000  61.4877 160.0000
  13.500   1.6362   0.06155   0.02916  -0.0833   0.0975   1.0000  61.6062 160.0000
  13.600   1.6388   0.06245   0.02975  -0.0827   0.0959   1.0000  61.7315 160.0000
  13.700   1.6652   0.06382   0.02982  -0.0847   0.0924   1.0000  62.0106 160.0000
  13.800   1.6579   0.06502   0.03098  -0.0831   0.0919   1.0000  62.0503 160.0000
  13.900   1.6508   0.06632   0.03223  -0.0816   0.0914   1.0000  62.0944 160.0000
  14.000   1.6439   0.06770   0.03354  -0.0802   0.0908   1.0000  62.1419 160.0000
  14.100   1.6371   0.06916   0.03491  -0.0790   0.0902   1.0000  62.1919 160.0000
  14.200   1.6304   0.07067   0.03634  -0.0779   0.0896   1.0000  62.2436 160.0000
  14.300   1.6237   0.07223   0.03780  -0.0768   0.0890   1.0000  62.2961 160.0000
  14.400   1.6171   0.07383   0.03930  -0.0759   0.0883   1.0000  62.3491 160.0000
  14.500   1.6107   0.07546   0.04083  -0.0751   0.0877   1.0000  62.4028 160.0000
  14.600   1.6046   0.07710   0.04236  -0.0744   0.0870   1.0000  62.4577 160.0000
  14.700   1.5991   0.07873   0.04388  -0.0737   0.0863   1.0000  62.5151 160.0000
  14.800   1.5947   0.08030   0.04532  -0.0732   0.0856   1.0000  62.5782 160.0000
  14.900   1.5937   0.08162   0.04644  -0.0728   0.0846   1.0000  62.6610 160.0000
  15.000   1.5931   0.08292   0.04751  -0.0725   0.0836   1.0000  62.7419 160.0000
  15.100   1.5967   0.08400   0.04818  -0.0723   0.0825   1.0000  62.8407 160.0000
  15.200   1.6138   0.08572   0.04852  -0.0729   0.0805   1.0000  63.0026 160.0000
  15.300   1.6030   0.08773   0.05062  -0.0723   0.0804   1.0000  63.0111 160.0000
  15.400   1.5920   0.08984   0.05285  -0.0719   0.0803   1.0000  63.0185 160.0000
  15.500   1.5808   0.09204   0.05521  -0.0716   0.0803   1.0000  63.0246 160.0000
  15.600   1.5694   0.09433   0.05771  -0.0715   0.0802   1.0000  63.0293 160.0000
  15.700   1.5579   0.09672   0.06036  -0.0716   0.0802   1.0000  63.0326 160.0000
  15.800   1.5462   0.09921   0.06316  -0.0718   0.0802   1.0000  63.0343 160.0000
  15.900   1.5343   0.10180   0.06613  -0.0721   0.0802   1.0000  63.0345 160.0000
  16.000   1.5224   0.10448   0.06926  -0.0727   0.0802   1.0000  63.0331 160.0000
  16.100   1.5104   0.10727   0.07258  -0.0734   0.0802   1.0000  63.0303 160.0000
  16.200   1.4982   0.11017   0.07608  -0.0743   0.0803   1.0000  63.0260 160.0000
  16.300   1.4861   0.11319   0.07980  -0.0753   0.0803   1.0000  63.0204 160.0000
  16.400   1.4739   0.11633   0.08374  -0.0766   0.0804   1.0000  63.0135 160.0000
  16.500   1.4616   0.11961   0.08789  -0.0780   0.0805   1.0000  63.0055 160.0000
  16.700   1.2170   0.18568   0.18356  -0.1233   0.1049   1.0000  61.0204 160.0000
  16.800   1.2171   0.18845   0.18754  -0.1245   0.1050   1.0000  61.0100 160.0000
