  
       XFOIL         Version 6.99
  
 Calculated polar for: SG6043                                          
  
 1 1 Reynolds number fixed          Mach number fixed         
  
 xtrf =   1.000 (top)        1.000 (bottom)  
 Mach =   0.000     Re =     0.190 e 6     Ncrit =   9.000  9.000
  
   alpha    CL        CD       CDp       CM     Top_Xtr  Bot_Xtr  Top_Itr  Bot_Itr
  ------ -------- --------- --------- -------- -------- -------- -------- --------
   0.000   0.6275   0.01480   0.00714  -0.1569   0.8486   1.0000  12.7438 160.0000
   0.100   0.6454   0.01467   0.00699  -0.1581   0.8478   1.0000  12.7963 160.0000
   0.200   0.6633   0.01453   0.00684  -0.1593   0.8470   1.0000  12.8469 160.0000
   0.300   0.6813   0.01439   0.00669  -0.1605   0.8462   1.0000  12.8952 160.0000
   0.400   0.6995   0.01424   0.00654  -0.1618   0.8455   1.0000  12.9418 160.0000
   0.500   0.7180   0.01410   0.00639  -0.1631   0.8448   1.0000  12.9874 160.0000
   0.700   0.7265   0.01443   0.00660  -0.1605   0.8354   1.0000  13.5871 160.0000
   0.800   0.7427   0.01431   0.00648  -0.1613   0.8340   1.0000  13.6804 160.0000
   0.900   0.7596   0.01418   0.00634  -0.1623   0.8327   1.0000  13.7616 160.0000
   1.000   0.7771   0.01404   0.00620  -0.1634   0.8316   1.0000  13.8348 160.0000
   1.100   0.7950   0.01389   0.00605  -0.1646   0.8305   1.0000  13.9038 160.0000
   1.200   0.8130   0.01375   0.00590  -0.1658   0.8294   1.0000  13.9701 160.0000
   1.300   0.8126   0.01402   0.00609  -0.1636   0.8234   1.0000  14.3547 160.0000
   1.400   0.8247   0.01399   0.00603  -0.1637   0.8206   1.0000  14.5373 160.0000
   1.500   0.8401   0.01388   0.00592  -0.1644   0.8185   1.0000  14.6677 160.0000
   1.600   0.8567   0.01375   0.00578  -0.1653   0.8168   1.0000  14.7777 160.0000
   1.700   0.8739   0.01361   0.00563  -0.1663   0.8152   1.0000  14.8766 160.0000
   1.800   0.8916   0.01347   0.00547  -0.1674   0.8138   1.0000  14.9684 160.0000
   1.900   0.8942   0.01365   0.00560  -0.1657   0.8084   1.0000  15.3118 160.0000
   2.000   0.9054   0.01364   0.00556  -0.1656   0.8049   1.0000  15.5322 160.0000
   2.100   0.9200   0.01355   0.00545  -0.1662   0.8024   1.0000  15.6926 160.0000
   2.200   0.9361   0.01343   0.00531  -0.1670   0.8003   1.0000  15.8279 160.0000
   2.300   0.9532   0.01330   0.00516  -0.1680   0.7984   1.0000  15.9470 160.0000
   2.400   0.9596   0.01340   0.00520  -0.1670   0.7938   1.0000  16.2423 160.0000
   2.500   0.9690   0.01341   0.00519  -0.1666   0.7895   1.0000  16.5102 160.0000
   2.600   0.9828   0.01333   0.00508  -0.1669   0.7864   1.0000  16.7072 160.0000
   2.700   0.9986   0.01322   0.00493  -0.1676   0.7839   1.0000  16.8700 160.0000
   2.800   1.0138   0.01313   0.00480  -0.1683   0.7811   1.0000  17.0443 160.0000
   2.900   1.0181   0.01325   0.00487  -0.1669   0.7755   1.0000  17.4053 160.0000
   3.000   1.0299   0.01321   0.00479  -0.1669   0.7716   1.0000  17.6522 160.0000
   3.100   1.0448   0.01311   0.00465  -0.1674   0.7685   1.0000  17.8479 160.0000
   3.200   1.0596   0.01304   0.00453  -0.1680   0.7654   1.0000  18.0430 160.0000
   3.300   1.0643   0.01314   0.00458  -0.1666   0.7596   1.0000  18.4106 160.0000
   3.400   1.0759   0.01311   0.00450  -0.1666   0.7554   1.0000  18.6807 160.0000
   3.500   1.0907   0.01302   0.00436  -0.1671   0.7520   1.0000  18.8987 160.0000
   3.600   1.0998   0.01304   0.00433  -0.1666   0.7472   1.0000  19.2057 160.0000
   3.700   1.1082   0.01307   0.00430  -0.1659   0.7417   1.0000  19.5526 160.0000
   3.800   1.1212   0.01301   0.00418  -0.1661   0.7374   1.0000  19.8257 160.0000
   3.900   1.1330   0.01298   0.00408  -0.1661   0.7329   1.0000  20.1118 160.0000
   4.000   1.1398   0.01303   0.00409  -0.1652   0.7268   1.0000  20.5056 160.0000
   4.100   1.1518   0.01299   0.00398  -0.1652   0.7219   1.0000  20.8182 160.0000
   4.200   1.1629   0.01298   0.00389  -0.1650   0.7169   1.0000  21.1402 160.0000
   4.300   1.1703   0.01302   0.00388  -0.1642   0.7104   1.0000  21.5537 160.0000
   4.400   1.1824   0.01299   0.00376  -0.1642   0.7053   1.0000  21.8868 160.0000
   4.500   1.1908   0.01302   0.00373  -0.1636   0.6989   1.0000  22.2927 160.0000
   4.600   1.1999   0.01304   0.00367  -0.1630   0.6924   1.0000  22.7107 160.0000
   4.700   1.2117   0.01303   0.00356  -0.1630   0.6867   1.0000  23.0827 160.0000
   4.800   1.2185   0.01308   0.00355  -0.1621   0.6790   1.0000  23.5717 160.0000
   4.900   1.2305   0.01308   0.00343  -0.1621   0.6728   1.0000  23.9716 160.0000
   5.000   1.2372   0.01315   0.00343  -0.1611   0.6649   1.0000  24.4790 160.0000
   5.100   1.2480   0.01317   0.00334  -0.1609   0.6579   1.0000  24.9248 160.0000
   5.200   1.2553   0.01324   0.00333  -0.1601   0.6498   1.0000  25.4441 160.0000
   5.300   1.2655   0.01328   0.00325  -0.1597   0.6423   1.0000  25.9246 160.0000
   5.400   1.2728   0.01336   0.00324  -0.1589   0.6338   1.0000  26.4698 160.0000
   5.500   1.2827   0.01343   0.00317  -0.1585   0.6259   1.0000  26.9722 160.0000
   5.600   1.2896   0.01352   0.00318  -0.1576   0.6169   1.0000  27.5453 160.0000
   5.700   1.2986   0.01361   0.00312  -0.1571   0.6085   1.0000  28.0828 160.0000
   5.800   1.3057   0.01371   0.00312  -0.1562   0.5989   1.0000  28.6937 160.0000
   5.900   1.3135   0.01382   0.00310  -0.1555   0.5896   1.0000  29.2857 160.0000
   6.000   1.3213   0.01395   0.00307  -0.1548   0.5799   1.0000  29.9016 160.0000
   6.100   1.3280   0.01407   0.00308  -0.1539   0.5697   1.0000  30.5504 160.0000
   6.200   1.3353   0.01422   0.00307  -0.1530   0.5596   1.0000  31.1926 160.0000
   6.300   1.3419   0.01437   0.00306  -0.1521   0.5487   1.0000  31.8805 160.0000
   6.400   1.3481   0.01453   0.00308  -0.1511   0.5375   1.0000  32.5924 160.0000
   6.500   1.3542   0.01470   0.00309  -0.1501   0.5263   1.0000  33.3033 160.0000
   6.600   1.3601   0.01489   0.00309  -0.1490   0.5149   1.0000  34.0255 160.0000
   6.700   1.3653   0.01508   0.00313  -0.1479   0.5028   1.0000  34.7941 160.0000
   6.800   1.3704   0.01528   0.00316  -0.1467   0.4907   1.0000  35.5595 160.0000
   6.900   1.3748   0.01550   0.00319  -0.1454   0.4787   1.0000  36.3216 160.0000
   7.000   1.3786   0.01573   0.00322  -0.1440   0.4666   1.0000  37.0873 160.0000
   7.100   1.3821   0.01597   0.00327  -0.1425   0.4539   1.0000  37.8908 160.0000
   7.200   1.3855   0.01622   0.00333  -0.1411   0.4411   1.0000  38.7014 160.0000
   7.300   1.3888   0.01648   0.00340  -0.1396   0.4284   1.0000  39.5081 160.0000
   7.400   1.3918   0.01677   0.00348  -0.1381   0.4157   1.0000  40.3125 160.0000
   7.500   1.3944   0.01708   0.00357  -0.1366   0.4031   1.0000  41.1114 160.0000
   7.600   1.3969   0.01739   0.00367  -0.1350   0.3902   1.0000  41.9334 160.0000
   7.700   1.3998   0.01771   0.00378  -0.1336   0.3771   1.0000  42.7679 160.0000
   7.800   1.4025   0.01804   0.00390  -0.1321   0.3644   1.0000  43.5778 160.0000
   7.900   1.4050   0.01839   0.00403  -0.1307   0.3521   1.0000  44.3606 160.0000
   8.000   1.4072   0.01877   0.00418  -0.1292   0.3401   1.0000  45.1255 160.0000
   8.100   1.4096   0.01914   0.00433  -0.1278   0.3280   1.0000  45.9057 160.0000
   8.200   1.4124   0.01951   0.00449  -0.1264   0.3158   1.0000  46.6864 160.0000
   8.300   1.4150   0.01991   0.00467  -0.1250   0.3043   1.0000  47.4256 160.0000
   8.400   1.4171   0.02034   0.00486  -0.1236   0.2935   1.0000  48.1257 160.0000
   8.500   1.4197   0.02075   0.00505  -0.1223   0.2823   1.0000  48.8468 160.0000
   8.600   1.4226   0.02116   0.00525  -0.1211   0.2715   1.0000  49.5446 160.0000
   8.700   1.4249   0.02161   0.00547  -0.1198   0.2617   1.0000  50.1828 160.0000
   8.800   1.4275   0.02206   0.00569  -0.1186   0.2517   1.0000  50.8372 160.0000
   8.900   1.4305   0.02249   0.00591  -0.1174   0.2421   1.0000  51.4659 160.0000
   9.000   1.4322   0.02301   0.00617  -0.1161   0.2338   1.0000  52.0127 160.0000
   9.100   1.4360   0.02343   0.00640  -0.1151   0.2245   1.0000  52.6281 160.0000
   9.200   1.4383   0.02394   0.00666  -0.1139   0.2169   1.0000  53.1326 160.0000
   9.300   1.4416   0.02439   0.00691  -0.1129   0.2087   1.0000  53.6788 160.0000
   9.400   1.4440   0.02492   0.00719  -0.1117   0.2019   1.0000  54.1367 160.0000
   9.500   1.4476   0.02538   0.00745  -0.1108   0.1944   1.0000  54.6409 160.0000
   9.600   1.4494   0.02597   0.00777  -0.1096   0.1886   1.0000  55.0334 160.0000
   9.700   1.4538   0.02639   0.00802  -0.1088   0.1816   1.0000  55.5125 160.0000
   9.800   1.4560   0.02697   0.00834  -0.1077   0.1761   1.0000  55.8858 160.0000
   9.900   1.4598   0.02745   0.00863  -0.1068   0.1703   1.0000  56.2833 160.0000
  10.000   1.4631   0.02796   0.00893  -0.1059   0.1648   1.0000  56.6627 160.0000
  10.100   1.4647   0.02861   0.00928  -0.1048   0.1604   1.0000  56.9687 160.0000
  10.200   1.4694   0.02905   0.00957  -0.1040   0.1552   1.0000  57.3331 160.0000
  10.300   1.4728   0.02958   0.00989  -0.1032   0.1506   1.0000  57.6598 160.0000
  10.400   1.4746   0.03025   0.01026  -0.1022   0.1468   1.0000  57.9307 160.0000
  10.500   1.4788   0.03076   0.01058  -0.1014   0.1425   1.0000  58.2377 160.0000
  10.600   1.4828   0.03126   0.01090  -0.1006   0.1382   1.0000  58.5430 160.0000
  10.700   1.4853   0.03188   0.01126  -0.0998   0.1346   1.0000  58.7992 160.0000
  10.800   1.4873   0.03260   0.01167  -0.0988   0.1313   1.0000  59.0410 160.0000
  10.900   1.4922   0.03306   0.01199  -0.0982   0.1275   1.0000  59.3180 160.0000
  11.000   1.4959   0.03360   0.01234  -0.0975   0.1240   1.0000  59.5754 160.0000
  11.100   1.4984   0.03426   0.01273  -0.0966   0.1210   1.0000  59.7954 160.0000
  11.200   1.5003   0.03506   0.01317  -0.0958   0.1181   1.0000  60.0125 160.0000
  11.300   1.5050   0.03554   0.01352  -0.0951   0.1151   1.0000  60.2405 160.0000
  11.400   1.5088   0.03610   0.01390  -0.0945   0.1121   1.0000  60.4700 160.0000
  11.500   1.5120   0.03671   0.01428  -0.0938   0.1094   1.0000  60.6758 160.0000
  11.600   1.5144   0.03745   0.01471  -0.0930   0.1069   1.0000  60.8648 160.0000
  11.700   1.5174   0.03821   0.01515  -0.0923   0.1043   1.0000  61.0620 160.0000
  11.800   1.5215   0.03876   0.01555  -0.0917   0.1019   1.0000  61.2553 160.0000
  11.900   1.5251   0.03936   0.01597  -0.0911   0.0995   1.0000  61.4489 160.0000
  12.000   1.5284   0.04000   0.01638  -0.0904   0.0972   1.0000  61.6261 160.0000
  12.100   1.5311   0.04071   0.01681  -0.0898   0.0952   1.0000  61.7882 160.0000
  12.200   1.5341   0.04157   0.01725  -0.0892   0.0929   1.0000  61.9711 160.0000
  12.300   1.5378   0.04221   0.01771  -0.0886   0.0910   1.0000  62.1242 160.0000
  12.400   1.5413   0.04285   0.01818  -0.0880   0.0891   1.0000  62.2883 160.0000
  12.500   1.5447   0.04351   0.01864  -0.0874   0.0871   1.0000  62.4517 160.0000
  12.600   1.5477   0.04420   0.01910  -0.0869   0.0853   1.0000  62.6017 160.0000
  12.700   1.5504   0.04493   0.01956  -0.0863   0.0837   1.0000  62.7397 160.0000
  12.800   1.5535   0.04574   0.02001  -0.0858   0.0819   1.0000  62.8850 160.0000
  12.900   1.5582   0.04654   0.02043  -0.0853   0.0800   1.0000  63.0472 160.0000
  13.000   1.5609   0.04725   0.02099  -0.0847   0.0786   1.0000  63.1710 160.0000
  13.100   1.5637   0.04799   0.02154  -0.0842   0.0771   1.0000  63.3099 160.0000
  13.200   1.5665   0.04874   0.02207  -0.0837   0.0755   1.0000  63.4479 160.0000
  13.300   1.5692   0.04949   0.02259  -0.0832   0.0741   1.0000  63.5780 160.0000
  13.400   1.5717   0.05028   0.02311  -0.0827   0.0727   1.0000  63.6990 160.0000
  13.500   1.5744   0.05110   0.02362  -0.0823   0.0714   1.0000  63.8170 160.0000
  13.600   1.5819   0.05191   0.02382  -0.0820   0.0694   1.0000  64.0016 160.0000
  13.700   1.5830   0.05277   0.02455  -0.0815   0.0685   1.0000  64.0868 160.0000
  13.800   1.5846   0.05364   0.02525  -0.0810   0.0674   1.0000  64.1945 160.0000
  13.900   1.5866   0.05450   0.02592  -0.0805   0.0662   1.0000  64.3130 160.0000
  14.000   1.5887   0.05538   0.02657  -0.0801   0.0650   1.0000  64.4312 160.0000
  14.100   1.5908   0.05625   0.02720  -0.0797   0.0638   1.0000  64.5441 160.0000
  14.200   1.5929   0.05713   0.02781  -0.0793   0.0627   1.0000  64.6513 160.0000
  14.300   1.5951   0.05801   0.02839  -0.0790   0.0617   1.0000  64.7541 160.0000
  14.400   1.5982   0.05888   0.02889  -0.0786   0.0606   1.0000  64.8637 160.0000
  14.500   1.6056   0.05974   0.02917  -0.0784   0.0590   1.0000  65.0236 160.0000
  14.600   1.6056   0.06080   0.03008  -0.0779   0.0583   1.0000  65.0985 160.0000
  14.700   1.6059   0.06189   0.03099  -0.0776   0.0575   1.0000  65.1878 160.0000
  14.800   1.6065   0.06297   0.03187  -0.0772   0.0566   1.0000  65.2857 160.0000
  14.900   1.6074   0.06404   0.03272  -0.0769   0.0556   1.0000  65.3852 160.0000
  15.000   1.6085   0.06510   0.03354  -0.0766   0.0547   1.0000  65.4821 160.0000
  15.100   1.6099   0.06614   0.03432  -0.0763   0.0539   1.0000  65.5737 160.0000
  15.200   1.6114   0.06717   0.03508  -0.0761   0.0531   1.0000  65.6608 160.0000
  15.300   1.6133   0.06816   0.03577  -0.0759   0.0523   1.0000  65.7458 160.0000
  15.400   1.6161   0.06911   0.03637  -0.0757   0.0515   1.0000  65.8346 160.0000
  15.500   1.6244   0.06996   0.03654  -0.0754   0.0502   1.0000  65.9791 160.0000
  15.600   1.6241   0.07131   0.03767  -0.0752   0.0497   1.0000  66.0459 160.0000
  15.700   1.6223   0.07270   0.03893  -0.0750   0.0492   1.0000  66.1035 160.0000
  15.800   1.6208   0.07411   0.04018  -0.0748   0.0487   1.0000  66.1693 160.0000
  15.900   1.6195   0.07552   0.04143  -0.0747   0.0481   1.0000  66.2412 160.0000
  16.000   1.6183   0.07694   0.04269  -0.0746   0.0475   1.0000  66.3151 160.0000
  16.100   1.6170   0.07839   0.04397  -0.0746   0.0469   1.0000  66.3881 160.0000
  16.200   1.6159   0.07982   0.04522  -0.0746   0.0463   1.0000  66.4605 160.0000
  16.300   1.6151   0.08123   0.04645  -0.0746   0.0457   1.0000  66.5307 160.0000
  16.400   1.6146   0.08259   0.04764  -0.0746   0.0452   1.0000  66.5988 160.0000
  16.500   1.6145   0.08391   0.04877  -0.0747   0.0447   1.0000  66.6646 160.0000
  16.600   1.6150   0.08517   0.04982  -0.0748   0.0441   1.0000  66.7286 160.0000
  16.700   1.6164   0.08634   0.05076  -0.0748   0.0436   1.0000  66.7925 160.0000
  16.800   1.6191   0.08740   0.05153  -0.0748   0.0431   1.0000  66.8606 160.0000
  16.900   1.6231   0.08852   0.05224  -0.0746   0.0424   1.0000  66.9418 160.0000
  17.000   1.6232   0.09033   0.05374  -0.0746   0.0419   1.0000  67.0104 160.0000
  17.100   1.6184   0.09228   0.05577  -0.0750   0.0417   1.0000  67.0357 160.0000
  17.200   1.6136   0.09429   0.05787  -0.0754   0.0415   1.0000  67.0629 160.0000
  17.300   1.6087   0.09637   0.06007  -0.0758   0.0413   1.0000  67.0914 160.0000
  17.400   1.6036   0.09850   0.06236  -0.0764   0.0411   1.0000  67.1211 160.0000
  17.500   1.5984   0.10069   0.06476  -0.0770   0.0409   1.0000  67.1512 160.0000
  17.600   1.5930   0.10294   0.06725  -0.0777   0.0407   1.0000  67.1812 160.0000
  17.700   1.5875   0.10525   0.06986  -0.0785   0.0405   1.0000  67.2110 160.0000
  17.800   1.5817   0.10762   0.07258  -0.0793   0.0403   1.0000  67.2399 160.0000
  17.900   1.5758   0.11005   0.07541  -0.0803   0.0401   1.0000  67.2680 160.0000
  18.000   1.5697   0.11254   0.07838  -0.0813   0.0399   1.0000  67.2949 160.0000
  18.100   1.5633   0.11511   0.08148  -0.0825   0.0397   1.0000  67.3201 160.0000
  18.200   1.5568   0.11776   0.08474  -0.0837   0.0395   1.0000  67.3438 160.0000
  18.300   1.5500   0.12048   0.08816  -0.0851   0.0394   1.0000  67.3656 160.0000
  18.400   1.5429   0.12331   0.09178  -0.0865   0.0392   1.0000  67.3850 160.0000
  18.500   1.5354   0.12625   0.09563  -0.0881   0.0391   1.0000  67.4016 160.0000
  18.600   1.5274   0.12934   0.09974  -0.0899   0.0390   1.0000  67.4151 160.0000
  18.700   1.5188   0.13259   0.10417  -0.0919   0.0390   1.0000  67.4247 160.0000
  18.800   1.5095   0.13608   0.10902  -0.0940   0.0389   1.0000  67.4293 160.0000
  18.900   1.4991   0.13986   0.11440  -0.0965   0.0389   1.0000  67.4274 160.0000
  19.000   1.4873   0.14403   0.12048  -0.0993   0.0390   1.0000  67.4170 160.0000
  19.100   1.4737   0.14871   0.12748  -0.1025   0.0392   1.0000  67.3958 160.0000
  19.200   1.4580   0.15404   0.13568  -0.1064   0.0394   1.0000  67.3614 160.0000
  19.300   1.4396   0.16025   0.14549  -0.1110   0.0398   1.0000  67.3105 160.0000
  19.400   1.4179   0.16755   0.15740  -0.1165   0.0403   1.0000  67.2424 160.0000
  19.500   1.3918   0.17644   0.17244  -0.1232   0.0409   1.0000  67.1560 160.0000
  19.600   1.3582   0.18814   0.19315  -0.1319   0.0416   1.0000  67.0540 160.0000
  19.800   0.9672   0.26247   0.26763  -0.1581   0.0649   1.0000  64.4385 160.0000
  19.900   0.9681   0.26413   0.26999  -0.1588   0.0639   1.0000  64.5381 160.0000
  20.000   0.9695   0.26564   0.27206  -0.1594   0.0630   1.0000  64.6287 160.0000
