  
       XFOIL         Version 6.99
  
 Calculated polar for: SG6043                                          
  
 1 1 Reynolds number fixed          Mach number fixed         
  
 xtrf =   1.000 (top)        1.000 (bottom)  
 Mach =   0.000     Re =     0.110 e 6     Ncrit =   9.000  9.000
  
   alpha    CL        CD       CDp       CM     Top_Xtr  Bot_Xtr  Top_Itr  Bot_Itr
  ------ -------- --------- --------- -------- -------- -------- -------- --------
   0.000   0.4307   0.02711   0.01612  -0.1321   0.8645   0.7266  11.7196 141.1191
   0.100   0.4382   0.02650   0.01581  -0.1304   0.8624   1.0000  11.8551 160.0000
   0.200   0.4570   0.02652   0.01568  -0.1316   0.8611   1.0000  11.9371 160.0000
   0.400   0.4698   0.02695   0.01594  -0.1303   0.8524   1.0000  12.5005 160.0000
   0.500   0.4844   0.02701   0.01592  -0.1309   0.8500   1.0000  12.6569 160.0000
   0.600   0.5011   0.02702   0.01586  -0.1318   0.8481   1.0000  12.7764 160.0000
   0.700   0.5191   0.02701   0.01577  -0.1330   0.8466   1.0000  12.8700 160.0000
   0.800   0.5381   0.02697   0.01567  -0.1342   0.8455   1.0000  12.9453 160.0000
   1.000   0.5485   0.02747   0.01604  -0.1326   0.8358   1.0000  13.5614 160.0000
   1.100   0.5642   0.02747   0.01600  -0.1333   0.8336   1.0000  13.7021 160.0000
   1.200   0.5818   0.02742   0.01591  -0.1343   0.8320   1.0000  13.8072 160.0000
   1.300   0.6004   0.02733   0.01579  -0.1354   0.8307   1.0000  13.8911 160.0000
   1.400   0.6195   0.02723   0.01564  -0.1367   0.8296   1.0000  13.9618 160.0000
   1.600   0.6284   0.02778   0.01609  -0.1347   0.8191   1.0000  14.6281 160.0000
   1.700   0.6454   0.02770   0.01598  -0.1356   0.8173   1.0000  14.7462 160.0000
   1.800   0.6636   0.02757   0.01584  -0.1366   0.8158   1.0000  14.8397 160.0000
   1.900   0.6829   0.02740   0.01566  -0.1378   0.8146   1.0000  14.9153 160.0000
   2.000   0.7029   0.02719   0.01544  -0.1391   0.8137   1.0000  14.9754 160.0000
   2.200   0.7108   0.02778   0.01592  -0.1369   0.8025   1.0000  15.6854 160.0000
   2.300   0.7289   0.02759   0.01573  -0.1379   0.8009   1.0000  15.7885 160.0000
   2.400   0.7482   0.02734   0.01549  -0.1390   0.7997   1.0000  15.8669 160.0000
   2.500   0.7686   0.02705   0.01521  -0.1402   0.7987   1.0000  15.9281 160.0000
   2.600   0.7897   0.02670   0.01490  -0.1416   0.7979   1.0000  15.9766 160.0000
   2.900   0.8164   0.02698   0.01506  -0.1403   0.7849   1.0000  16.8056 160.0000
   3.000   0.8372   0.02657   0.01471  -0.1415   0.7839   1.0000  16.8660 160.0000
   3.100   0.8589   0.02612   0.01431  -0.1429   0.7832   1.0000  16.9133 160.0000
   3.200   0.8810   0.02565   0.01390  -0.1443   0.7824   1.0000  16.9625 160.0000
   3.500   0.9107   0.02566   0.01384  -0.1433   0.7696   1.0000  17.7792 160.0000
   3.600   0.9331   0.02514   0.01339  -0.1447   0.7685   1.0000  17.8470 160.0000
   3.700   0.9570   0.02458   0.01291  -0.1464   0.7676   1.0000  17.9078 160.0000
   3.800   0.9823   0.02400   0.01242  -0.1484   0.7667   1.0000  17.9638 160.0000
   4.100   1.0158   0.02371   0.01207  -0.1477   0.7536   1.0000  18.7981 160.0000
   4.200   1.0410   0.02312   0.01154  -0.1496   0.7522   1.0000  18.8836 160.0000
   4.300   1.0664   0.02249   0.01099  -0.1516   0.7509   1.0000  18.9682 160.0000
   4.500   1.0790   0.02261   0.01098  -0.1495   0.7391   1.0000  19.7195 160.0000
   4.600   1.1030   0.02201   0.01044  -0.1512   0.7369   1.0000  19.8573 160.0000
   4.700   1.1291   0.02136   0.00983  -0.1533   0.7349   1.0000  19.9844 160.0000
   4.800   1.1232   0.02183   0.01016  -0.1503   0.7262   1.0000  20.5441 160.0000
   4.900   1.1439   0.02134   0.00969  -0.1515   0.7226   1.0000  20.7712 160.0000
   5.000   1.1690   0.02072   0.00910  -0.1534   0.7198   1.0000  20.9552 160.0000
   5.100   1.1686   0.02098   0.00926  -0.1512   0.7119   1.0000  21.4616 160.0000
   5.200   1.1867   0.02060   0.00885  -0.1520   0.7071   1.0000  21.7662 160.0000
   5.300   1.2103   0.02006   0.00829  -0.1537   0.7033   1.0000  22.0124 160.0000
   5.400   1.2101   0.02029   0.00843  -0.1515   0.6949   1.0000  22.5516 160.0000
   5.500   1.2296   0.01988   0.00798  -0.1525   0.6897   1.0000  22.8850 160.0000
   5.600   1.2365   0.01989   0.00790  -0.1516   0.6823   1.0000  23.3620 160.0000
   5.700   1.2506   0.01967   0.00760  -0.1517   0.6756   1.0000  23.7946 160.0000
   5.800   1.2616   0.01956   0.00740  -0.1513   0.6683   1.0000  24.2617 160.0000
   5.900   1.2725   0.01944   0.00720  -0.1510   0.6605   1.0000  24.7635 160.0000
   6.000   1.2834   0.01936   0.00701  -0.1506   0.6527   1.0000  25.2622 160.0000
   6.100   1.2942   0.01927   0.00681  -0.1503   0.6442   1.0000  25.8021 160.0000
   6.200   1.3028   0.01926   0.00669  -0.1495   0.6354   1.0000  26.3633 160.0000
   6.300   1.3157   0.01914   0.00644  -0.1495   0.6267   1.0000  26.9207 160.0000
   6.400   1.3213   0.01923   0.00641  -0.1483   0.6168   1.0000  27.5516 160.0000
   6.500   1.3329   0.01918   0.00621  -0.1481   0.6074   1.0000  28.1522 160.0000
   6.600   1.3404   0.01923   0.00612  -0.1472   0.5970   1.0000  28.8118 160.0000
   6.700   1.3476   0.01931   0.00605  -0.1463   0.5864   1.0000  29.4920 160.0000
   6.800   1.3572   0.01934   0.00590  -0.1458   0.5756   1.0000  30.1785 160.0000
   6.900   1.3650   0.01942   0.00581  -0.1450   0.5641   1.0000  30.9054 160.0000
   7.000   1.3706   0.01956   0.00579  -0.1438   0.5521   1.0000  31.6641 160.0000
   7.100   1.3772   0.01969   0.00574  -0.1428   0.5401   1.0000  32.4262 160.0000
   7.200   1.3842   0.01984   0.00567  -0.1419   0.5278   1.0000  33.2078 160.0000
   7.300   1.3909   0.02000   0.00560  -0.1409   0.5151   1.0000  34.0151 160.0000
   7.400   1.3951   0.02021   0.00562  -0.1395   0.5018   1.0000  34.8571 160.0000
   7.500   1.3994   0.02043   0.00563  -0.1382   0.4884   1.0000  35.7080 160.0000
   7.600   1.4033   0.02067   0.00565  -0.1367   0.4750   1.0000  36.5544 160.0000
   7.700   1.4068   0.02092   0.00567  -0.1353   0.4617   1.0000  37.3983 160.0000
   7.800   1.4101   0.02120   0.00570  -0.1338   0.4482   1.0000  38.2481 160.0000
   7.900   1.4131   0.02151   0.00575  -0.1323   0.4348   1.0000  39.1029 160.0000
   8.000   1.4154   0.02184   0.00582  -0.1307   0.4212   1.0000  39.9648 160.0000
   8.100   1.4173   0.02218   0.00592  -0.1290   0.4074   1.0000  40.8388 160.0000
   8.200   1.4191   0.02255   0.00604  -0.1274   0.3938   1.0000  41.7035 160.0000
   8.300   1.4209   0.02294   0.00618  -0.1258   0.3805   1.0000  42.5539 160.0000
   8.400   1.4226   0.02336   0.00633  -0.1242   0.3674   1.0000  43.3859 160.0000
   8.500   1.4243   0.02380   0.00648  -0.1227   0.3548   1.0000  44.1910 160.0000
   8.600   1.4258   0.02427   0.00665  -0.1211   0.3425   1.0000  44.9735 160.0000
   8.700   1.4272   0.02473   0.00687  -0.1196   0.3299   1.0000  45.7841 160.0000
   8.800   1.4288   0.02521   0.00709  -0.1181   0.3178   1.0000  46.5555 160.0000
   8.900   1.4304   0.02573   0.00732  -0.1167   0.3066   1.0000  47.2763 160.0000
   9.000   1.4318   0.02626   0.00755  -0.1153   0.2961   1.0000  47.9532 160.0000
   9.100   1.4337   0.02677   0.00783  -0.1139   0.2850   1.0000  48.6746 160.0000
   9.200   1.4357   0.02732   0.00810  -0.1127   0.2750   1.0000  49.3225 160.0000
   9.300   1.4376   0.02789   0.00836  -0.1114   0.2657   1.0000  49.9219 160.0000
   9.400   1.4400   0.02842   0.00867  -0.1102   0.2559   1.0000  50.5638 160.0000
   9.500   1.4423   0.02903   0.00894  -0.1090   0.2477   1.0000  51.0995 160.0000
   9.600   1.4448   0.02956   0.00927  -0.1079   0.2388   1.0000  51.6832 160.0000
   9.700   1.4477   0.03017   0.00957  -0.1068   0.2312   1.0000  52.1840 160.0000
   9.800   1.4505   0.03073   0.00990  -0.1058   0.2234   1.0000  52.7020 160.0000
   9.900   1.4540   0.03135   0.01020  -0.1048   0.2166   1.0000  53.1569 160.0000
  10.000   1.4571   0.03190   0.01055  -0.1038   0.2094   1.0000  53.6377 160.0000
  10.100   1.4612   0.03255   0.01082  -0.1030   0.2033   1.0000  54.0421 160.0000
  10.200   1.4644   0.03310   0.01122  -0.1021   0.1966   1.0000  54.4910 160.0000
  10.300   1.4681   0.03371   0.01152  -0.1012   0.1911   1.0000  54.8654 160.0000
  10.400   1.4727   0.03433   0.01188  -0.1005   0.1853   1.0000  55.2578 160.0000
  10.500   1.4764   0.03490   0.01224  -0.0996   0.1798   1.0000  55.6334 160.0000
  10.600   1.4822   0.03556   0.01248  -0.0991   0.1748   1.0000  55.9740 160.0000
  10.700   1.4857   0.03615   0.01293  -0.0982   0.1698   1.0000  56.3233 160.0000
  10.800   1.4896   0.03674   0.01329  -0.0974   0.1650   1.0000  56.6523 160.0000
  10.900   1.4965   0.03740   0.01350  -0.0971   0.1604   1.0000  56.9702 160.0000
  11.000   1.5000   0.03802   0.01399  -0.0962   0.1561   1.0000  57.2720 160.0000
  11.100   1.5041   0.03863   0.01439  -0.0955   0.1519   1.0000  57.5696 160.0000
  11.200   1.5098   0.03924   0.01466  -0.0949   0.1480   1.0000  57.8427 160.0000
  11.300   1.5171   0.03994   0.01501  -0.0946   0.1439   1.0000  58.1338 160.0000
  11.400   1.5204   0.04058   0.01550  -0.0937   0.1403   1.0000  58.3952 160.0000
  11.500   1.5249   0.04120   0.01587  -0.0931   0.1367   1.0000  58.6500 160.0000
  11.600   1.5327   0.04184   0.01608  -0.0929   0.1331   1.0000  58.9090 160.0000
  11.700   1.5391   0.04258   0.01654  -0.0924   0.1297   1.0000  59.1557 160.0000
  11.800   1.5423   0.04326   0.01707  -0.0916   0.1267   1.0000  59.3754 160.0000
  11.900   1.5469   0.04391   0.01748  -0.0910   0.1237   1.0000  59.5974 160.0000
  12.000   1.5537   0.04453   0.01774  -0.0906   0.1208   1.0000  59.8157 160.0000
  12.100   1.5656   0.04533   0.01802  -0.0909   0.1173   1.0000  60.0764 160.0000
  12.200   1.5665   0.04607   0.01867  -0.0898   0.1151   1.0000  60.2421 160.0000
  12.300   1.5695   0.04680   0.01922  -0.0891   0.1126   1.0000  60.4304 160.0000
  12.400   1.5740   0.04749   0.01965  -0.0885   0.1102   1.0000  60.6170 160.0000
  12.500   1.5814   0.04812   0.01990  -0.0882   0.1076   1.0000  60.8084 160.0000
  12.600   1.5962   0.04902   0.02016  -0.0888   0.1044   1.0000  61.0570 160.0000
  12.700   1.5960   0.04984   0.02089  -0.0877   0.1028   1.0000  61.1829 160.0000
  12.800   1.5967   0.05068   0.02159  -0.0867   0.1010   1.0000  61.3282 160.0000
  12.900   1.5989   0.05149   0.02219  -0.0860   0.0990   1.0000  61.4823 160.0000
  13.000   1.6028   0.05223   0.02267  -0.0854   0.0971   1.0000  61.6373 160.0000
  13.100   1.6102   0.05291   0.02294  -0.0852   0.0950   1.0000  61.8023 160.0000
  13.200   1.6274   0.05396   0.02320  -0.0860   0.0920   1.0000  62.0401 160.0000
  13.300   1.6250   0.05491   0.02407  -0.0848   0.0910   1.0000  62.1276 160.0000
  13.400   1.6238   0.05589   0.02493  -0.0838   0.0897   1.0000  62.2342 160.0000
  13.500   1.6237   0.05688   0.02574  -0.0829   0.0883   1.0000  62.3526 160.0000
  13.600   1.6239   0.05786   0.02653  -0.0821   0.0869   1.0000  62.4699 160.0000
  13.700   1.6254   0.05878   0.02720  -0.0814   0.0855   1.0000  62.5892 160.0000
  13.800   1.6292   0.05962   0.02772  -0.0809   0.0840   1.0000  62.7127 160.0000
  13.900   1.6382   0.06035   0.02793  -0.0809   0.0822   1.0000  62.8631 160.0000
  14.000   1.6507   0.06176   0.02856  -0.0813   0.0801   1.0000  63.0415 160.0000
  14.100   1.6456   0.06296   0.02968  -0.0801   0.0794   1.0000  63.0983 160.0000
  14.200   1.6411   0.06422   0.03084  -0.0791   0.0787   1.0000  63.1640 160.0000
  14.300   1.6372   0.06552   0.03202  -0.0781   0.0779   1.0000  63.2365 160.0000
  14.400   1.6339   0.06685   0.03320  -0.0773   0.0770   1.0000  63.3131 160.0000
  14.500   1.6313   0.06817   0.03435  -0.0766   0.0762   1.0000  63.3928 160.0000
  14.600   1.6295   0.06947   0.03545  -0.0759   0.0752   1.0000  63.4741 160.0000
  14.700   1.6282   0.07075   0.03652  -0.0753   0.0744   1.0000  63.5535 160.0000
  14.800   1.6267   0.07204   0.03759  -0.0748   0.0735   1.0000  63.6278 160.0000
  14.900   1.6261   0.07326   0.03856  -0.0744   0.0727   1.0000  63.7042 160.0000
  15.000   1.6280   0.07433   0.03930  -0.0740   0.0717   1.0000  63.7913 160.0000
  15.200   1.6421   0.07723   0.04079  -0.0741   0.0692   1.0000  64.0214 160.0000
  15.300   1.6333   0.07896   0.04253  -0.0734   0.0689   1.0000  64.0442 160.0000
  15.400   1.6244   0.08078   0.04437  -0.0728   0.0687   1.0000  64.0677 160.0000
  15.500   1.6154   0.08269   0.04632  -0.0723   0.0685   1.0000  64.0912 160.0000
  15.600   1.6063   0.08469   0.04838  -0.0720   0.0682   1.0000  64.1142 160.0000
  15.700   1.5969   0.08677   0.05055  -0.0718   0.0680   1.0000  64.1362 160.0000
  15.800   1.5874   0.08894   0.05285  -0.0716   0.0678   1.0000  64.1568 160.0000
  15.900   1.5777   0.09120   0.05528  -0.0717   0.0676   1.0000  64.1755 160.0000
  16.000   1.5677   0.09355   0.05784  -0.0718   0.0674   1.0000  64.1918 160.0000
  16.100   1.5574   0.09599   0.06057  -0.0721   0.0673   1.0000  64.2055 160.0000
  16.200   1.5468   0.09855   0.06346  -0.0726   0.0672   1.0000  64.2163 160.0000
  16.300   1.5360   0.10123   0.06655  -0.0732   0.0671   1.0000  64.2240 160.0000
  16.400   1.5248   0.10404   0.06984  -0.0740   0.0670   1.0000  64.2284 160.0000
  16.500   1.5132   0.10698   0.07337  -0.0750   0.0670   1.0000  64.2291 160.0000
  16.600   1.5012   0.11008   0.07715  -0.0762   0.0671   1.0000  64.2260 160.0000
  16.700   1.4889   0.11335   0.08120  -0.0775   0.0671   1.0000  64.2189 160.0000
  16.800   1.4761   0.11678   0.08556  -0.0792   0.0673   1.0000  64.2077 160.0000
  16.900   1.4630   0.12041   0.09024  -0.0810   0.0674   1.0000  64.1926 160.0000
  17.000   1.4495   0.12424   0.09527  -0.0831   0.0676   1.0000  64.1737 160.0000
  17.100   1.4357   0.12828   0.10069  -0.0854   0.0678   1.0000  64.1514 160.0000
  17.200   1.4217   0.13254   0.10650  -0.0880   0.0681   1.0000  64.1257 160.0000
  17.300   1.4074   0.13703   0.11273  -0.0909   0.0684   1.0000  64.0978 160.0000
  17.400   1.3932   0.14174   0.11938  -0.0939   0.0687   1.0000  64.0692 160.0000
  17.500   1.3790   0.14664   0.12644  -0.0972   0.0690   1.0000  64.0406 160.0000
  17.600   1.3652   0.15173   0.13387  -0.1006   0.0692   1.0000  64.0138 160.0000
  17.800   1.1715   0.22721   0.25912  -0.1533   0.1223   1.0000  59.7044 160.0000
  17.900   1.1776   0.22843   0.26062  -0.1532   0.1211   1.0000  59.7940 160.0000
  18.000   1.1868   0.22978   0.26106  -0.1525   0.1200   1.0000  59.8737 160.0000
  18.100   1.2053   0.23148   0.25807  -0.1496   0.1188   1.0000  59.9591 160.0000
  18.200   1.2147   0.23434   0.25863  -0.1488   0.1181   1.0000  60.0097 160.0000
  18.300   1.2056   0.23621   0.26628  -0.1523   0.1178   1.0000  60.0335 160.0000
  18.400   1.1915   0.23727   0.27535  -0.1569   0.1169   1.0000  60.1004 160.0000
  18.500   1.1833   0.23837   0.28245  -0.1603   0.1144   1.0000  60.2957 160.0000
  18.600   1.1843   0.23967   0.28606  -0.1615   0.1121   1.0000  60.4718 160.0000
  18.700   1.1876   0.24084   0.28860  -0.1621   0.1101   1.0000  60.6186 160.0000
  18.800   1.1927   0.24194   0.29033  -0.1622   0.1085   1.0000  60.7392 160.0000
  18.900   1.1996   0.24314   0.29141  -0.1619   0.1074   1.0000  60.8303 160.0000
  19.000   1.2083   0.24474   0.29192  -0.1612   0.1065   1.0000  60.8961 160.0000
  19.100   1.2217   0.24718   0.29097  -0.1595   0.1057   1.0000  60.9526 160.0000
  19.200   1.2375   0.25100   0.28905  -0.1571   0.1051   1.0000  61.0020 160.0000
  19.300   1.2305   0.25225   0.29630  -0.1603   0.1049   1.0000  61.0189 160.0000
  19.400   1.2193   0.25267   0.30482  -0.1644   0.1044   1.0000  61.0563 160.0000
  19.500   1.2078   0.25281   0.31373  -0.1688   0.1027   1.0000  61.1893 160.0000
  19.600   1.2070   0.25403   0.31851  -0.1706   0.1006   1.0000  61.3545 160.0000
  19.700   1.2090   0.25529   0.32193  -0.1716   0.0989   1.0000  61.4895 160.0000
  19.800   1.2122   0.25648   0.32474  -0.1722   0.0974   1.0000  61.6088 160.0000
  19.900   1.2163   0.25761   0.32695  -0.1726   0.0961   1.0000  61.7160 160.0000
  20.000   1.2220   0.25878   0.32837  -0.1725   0.0949   1.0000  61.8113 160.0000
