  
       XFOIL         Version 6.99
  
 Calculated polar for: GOE 522 AIRFOIL                                 
  
 1 1 Reynolds number fixed          Mach number fixed         
  
 xtrf =   1.000 (top)        1.000 (bottom)  
 Mach =   0.000     Re =     0.400 e 6     Ncrit =   9.000  9.000
  
   alpha    CL        CD       CDp       CM     Top_Xtr  Bot_Xtr  Top_Itr  Bot_Itr
  ------ -------- --------- --------- -------- -------- -------- -------- --------
   0.000   0.5551   0.01264   0.00199  -0.1165   0.5155   0.3964  61.1823 235.2121
   0.000   0.5551   0.01264   0.00199  -0.1165   0.5155   0.3964  61.1823 235.2117
   0.000   0.5551   0.01264   0.00199  -0.1165   0.5155   0.3964  61.1823 235.2117
   0.000   0.5551   0.01264   0.00199  -0.1165   0.5155   0.3964  61.1823 235.2117
   0.000   0.5551   0.01264   0.00199  -0.1165   0.5155   0.3964  61.1823 235.2117
   1.000   0.6519   0.01292   0.00197  -0.1136   0.4964   0.4341  62.7009 237.8765
   1.000   0.6519   0.01292   0.00197  -0.1136   0.4964   0.4341  62.7009 237.8760
   1.000   0.6519   0.01292   0.00197  -0.1136   0.4964   0.4341  62.7009 237.8760
   1.000   0.6519   0.01292   0.00197  -0.1136   0.4964   0.4341  62.7009 237.8760
   1.000   0.6519   0.01292   0.00197  -0.1136   0.4964   0.4341  62.7009 237.8760
   2.000   0.7465   0.01324   0.00195  -0.1104   0.4784   0.4884  64.1472 241.6129
   2.000   0.7465   0.01324   0.00195  -0.1104   0.4784   0.4884  64.1472 241.6129
   2.000   0.7465   0.01324   0.00195  -0.1104   0.4784   0.4884  64.1472 241.6129
   2.000   0.7465   0.01324   0.00195  -0.1104   0.4784   0.4884  64.1472 241.6129
   2.000   0.7465   0.01324   0.00195  -0.1104   0.4784   0.4884  64.1472 241.6129
   3.000   0.8403   0.01362   0.00203  -0.1071   0.4630   0.5648  65.3891 246.8097
   3.000   0.8403   0.01362   0.00203  -0.1071   0.4630   0.5647  65.3891 246.8028
   3.000   0.8403   0.01362   0.00203  -0.1071   0.4630   0.5647  65.3891 246.8027
   3.000   0.8403   0.01362   0.00203  -0.1071   0.4630   0.5647  65.3891 246.8027
   3.000   0.8403   0.01362   0.00203  -0.1071   0.4630   0.5647  65.3891 246.8027
   4.000   0.9307   0.01407   0.00208  -0.1034   0.4479   0.6469  66.6300 252.4864
   4.000   0.9307   0.01407   0.00208  -0.1034   0.4479   0.6469  66.6300 252.4867
   4.000   0.9307   0.01407   0.00208  -0.1034   0.4479   0.6469  66.6300 252.4867
   4.000   0.9307   0.01407   0.00208  -0.1034   0.4479   0.6469  66.6300 252.4867
   4.000   0.9307   0.01407   0.00208  -0.1034   0.4479   0.6469  66.6300 252.4867
   5.000   1.0119   0.01443   0.00212  -0.0980   0.4331   0.7949  67.8730 263.3098
   5.000   1.0119   0.01443   0.00212  -0.0980   0.4331   0.7949  67.8730 263.3095
   5.000   1.0119   0.01443   0.00212  -0.0980   0.4331   0.7949  67.8730 263.3095
   5.000   1.0119   0.01443   0.00212  -0.0980   0.4331   0.7949  67.8730 263.3095
   5.000   1.0119   0.01443   0.00212  -0.0980   0.4331   0.7949  67.8730 263.3095
   6.000   1.1139   0.01509   0.00227  -0.0976   0.4154   1.0000  69.3912 300.0000
   6.000   1.1139   0.01509   0.00227  -0.0976   0.4154   1.0000  69.3912 300.0000
   6.000   1.1139   0.01509   0.00227  -0.0976   0.4154   1.0000  69.3912 300.0000
   6.000   1.1139   0.01509   0.00227  -0.0976   0.4154   1.0000  69.3912 300.0000
   6.000   1.1139   0.01509   0.00227  -0.0976   0.4154   1.0000  69.3912 300.0000
   8.000   1.2588   0.01802   0.00245  -0.0874   0.3748   1.0000  73.0194 300.0000
   8.000   1.2588   0.01802   0.00245  -0.0874   0.3748   1.0000  73.0194 300.0000
   8.000   1.2588   0.01802   0.00245  -0.0874   0.3748   1.0000  73.0194 300.0000
   8.000   1.2588   0.01802   0.00245  -0.0874   0.3748   1.0000  73.0194 300.0000
   8.000   1.2588   0.01802   0.00245  -0.0874   0.3748   1.0000  73.0194 300.0000
   9.000   1.3169   0.02041   0.00303  -0.0814   0.3455   1.0000  75.7584 300.0000
   9.000   1.3169   0.02041   0.00303  -0.0814   0.3455   1.0000  75.7586 300.0000
   9.000   1.3169   0.02041   0.00303  -0.0814   0.3455   1.0000  75.7586 300.0000
   9.000   1.3169   0.02041   0.00303  -0.0814   0.3455   1.0000  75.7586 300.0000
   9.000   1.3169   0.02041   0.00303  -0.0814   0.3455   1.0000  75.7586 300.0000
  10.000   1.3609   0.02401   0.00427  -0.0748   0.3110   1.0000  79.1274 300.0000
  10.000   1.3609   0.02401   0.00427  -0.0748   0.3110   1.0000  79.1274 300.0000
  10.000   1.3609   0.02401   0.00427  -0.0748   0.3110   1.0000  79.1274 300.0000
  10.000   1.3609   0.02401   0.00427  -0.0748   0.3110   1.0000  79.1274 300.0000
  10.000   1.3609   0.02401   0.00427  -0.0748   0.3110   1.0000  79.1274 300.0000
  11.000   1.3991   0.02857   0.00618  -0.0688   0.2836   1.0000  81.9087 300.0000
  11.000   1.3991   0.02857   0.00618  -0.0688   0.2836   1.0000  81.9088 300.0000
  11.000   1.3991   0.02857   0.00618  -0.0688   0.2836   1.0000  81.9088 300.0000
  11.000   1.3991   0.02857   0.00618  -0.0688   0.2836   1.0000  81.9088 300.0000
  11.000   1.3991   0.02857   0.00618  -0.0688   0.2836   1.0000  81.9088 300.0000
  12.000   1.4403   0.03345   0.00839  -0.0641   0.2659   1.0000  83.7524 300.0000
  12.000   1.4403   0.03345   0.00839  -0.0641   0.2659   1.0000  83.7525 300.0000
  12.000   1.4403   0.03345   0.00839  -0.0641   0.2659   1.0000  83.7525 300.0000
  12.000   1.4403   0.03345   0.00839  -0.0641   0.2659   1.0000  83.7525 300.0000
  12.000   1.4403   0.03345   0.00839  -0.0641   0.2659   1.0000  83.7525 300.0000
  13.000   1.4856   0.03831   0.01054  -0.0605   0.2548   1.0000  84.9263 300.0000
  13.000   1.4857   0.03831   0.01054  -0.0605   0.2548   1.0000  84.9264 300.0000
  13.000   1.4857   0.03831   0.01054  -0.0605   0.2548   1.0000  84.9264 300.0000
  13.000   1.4857   0.03831   0.01054  -0.0605   0.2548   1.0000  84.9264 300.0000
  13.000   1.4857   0.03831   0.01054  -0.0605   0.2548   1.0000  84.9264 300.0000
  14.000   1.5347   0.04311   0.01264  -0.0577   0.2463   1.0000  85.8463 300.0000
  14.000   1.5347   0.04311   0.01264  -0.0577   0.2463   1.0000  85.8463 300.0000
  14.000   1.5347   0.04311   0.01264  -0.0577   0.2463   1.0000  85.8462 300.0000
  14.000   1.5347   0.04311   0.01264  -0.0577   0.2463   1.0000  85.8462 300.0000
  14.000   1.5347   0.04311   0.01264  -0.0577   0.2463   1.0000  85.8462 300.0000
  15.000   1.5842   0.04800   0.01474  -0.0555   0.2393   1.0000  86.6080 300.0000
  15.000   1.5842   0.04800   0.01474  -0.0555   0.2393   1.0000  86.6080 300.0000
  15.000   1.5842   0.04800   0.01474  -0.0555   0.2393   1.0000  86.6080 300.0000
  15.000   1.5842   0.04800   0.01474  -0.0555   0.2393   1.0000  86.6080 300.0000
  15.000   1.5842   0.04800   0.01474  -0.0555   0.2393   1.0000  86.6080 300.0000
  16.000   1.6369   0.05262   0.01644  -0.0537   0.2333   1.0000  87.2623 300.0000
  16.000   1.6369   0.05262   0.01644  -0.0537   0.2333   1.0000  87.2623 300.0000
  16.000   1.6369   0.05262   0.01644  -0.0537   0.2333   1.0000  87.2624 300.0000
  16.000   1.6369   0.05262   0.01644  -0.0537   0.2333   1.0000  87.2624 300.0000
  16.000   1.6369   0.05262   0.01644  -0.0537   0.2333   1.0000  87.2624 300.0000
  17.000   1.6901   0.05723   0.01798  -0.0524   0.2275   1.0000  87.9128 300.0000
  17.000   1.6901   0.05723   0.01798  -0.0524   0.2275   1.0000  87.9129 300.0000
  17.000   1.6901   0.05723   0.01798  -0.0524   0.2275   1.0000  87.9129 300.0000
  17.000   1.6901   0.05723   0.01798  -0.0524   0.2275   1.0000  87.9129 300.0000
  17.000   1.6901   0.05723   0.01798  -0.0524   0.2275   1.0000  87.9129 300.0000
  18.000   1.7232   0.06400   0.02128  -0.0513   0.2213   1.0000  88.6101 300.0000
  18.000   1.7232   0.06400   0.02128  -0.0513   0.2213   1.0000  88.6102 300.0000
  18.000   1.7232   0.06401   0.02128  -0.0513   0.2213   1.0000  88.6102 300.0000
  18.000   1.7232   0.06401   0.02128  -0.0513   0.2213   1.0000  88.6102 300.0000
  18.000   1.7232   0.06401   0.02128  -0.0513   0.2213   1.0000  88.6102 300.0000
  19.000   1.7530   0.07119   0.02474  -0.0507   0.2146   1.0000  89.3819 300.0000
  19.000   1.7530   0.07120   0.02474  -0.0507   0.2146   1.0000  89.3821 300.0000
  19.000   1.7530   0.07120   0.02474  -0.0507   0.2146   1.0000  89.3821 300.0000
  19.000   1.7530   0.07120   0.02474  -0.0507   0.2146   1.0000  89.3821 300.0000
  19.000   1.7530   0.07120   0.02474  -0.0507   0.2146   1.0000  89.3821 300.0000
