  
       XFOIL         Version 6.99
  
 Calculated polar for: GOE 522 AIRFOIL                                 
  
 1 1 Reynolds number fixed          Mach number fixed         
  
 xtrf =   1.000 (top)        1.000 (bottom)  
 Mach =   0.000     Re =     0.500 e 6     Ncrit =   9.000  9.000
  
   alpha    CL        CD       CDp       CM     Top_Xtr  Bot_Xtr  Top_Itr  Bot_Itr
  ------ -------- --------- --------- -------- -------- -------- -------- --------
   0.000   0.5434   0.01177   0.00153  -0.1140   0.5008   0.3768  62.3509 233.7965
   0.000   0.5434   0.01177   0.00153  -0.1140   0.5008   0.3768  62.3509 233.7965
   0.000   0.5434   0.01177   0.00153  -0.1140   0.5008   0.3768  62.3509 233.7965
   0.000   0.5434   0.01177   0.00153  -0.1140   0.5008   0.3768  62.3509 233.7965
   0.000   0.5434   0.01177   0.00153  -0.1140   0.5008   0.3768  62.3509 233.7965
   1.000   0.6394   0.01203   0.00148  -0.1109   0.4831   0.4129  63.7664 236.3884
   1.000   0.6394   0.01203   0.00148  -0.1109   0.4831   0.4129  63.7664 236.3882
   1.000   0.6394   0.01203   0.00148  -0.1109   0.4831   0.4129  63.7664 236.3882
   1.000   0.6394   0.01203   0.00148  -0.1109   0.4831   0.4129  63.7664 236.3882
   1.000   0.6394   0.01203   0.00148  -0.1109   0.4831   0.4129  63.7664 236.3882
   3.000   0.8303   0.01278   0.00154  -0.1051   0.4516   0.5392  66.3302 245.0650
   3.000   0.8303   0.01278   0.00154  -0.1051   0.4516   0.5392  66.3302 245.0649
   3.000   0.8303   0.01278   0.00154  -0.1051   0.4516   0.5392  66.3302 245.0649
   3.000   0.8303   0.01278   0.00154  -0.1051   0.4516   0.5392  66.3302 245.0649
   3.000   0.8303   0.01278   0.00154  -0.1051   0.4516   0.5392  66.3302 245.0649
   4.000   0.9218   0.01324   0.00159  -0.1016   0.4371   0.6156  67.5341 250.3050
   4.000   0.9218   0.01324   0.00159  -0.1016   0.4371   0.6156  67.5341 250.3041
   4.000   0.9218   0.01324   0.00159  -0.1016   0.4371   0.6156  67.5341 250.3041
   4.000   0.9218   0.01324   0.00159  -0.1016   0.4371   0.6156  67.5341 250.3041
   4.000   0.9218   0.01324   0.00159  -0.1016   0.4371   0.6156  67.5341 250.3041
   5.000   1.0062   0.01372   0.00161  -0.0971   0.4221   0.7272  68.8117 258.2036
   5.000   1.0062   0.01372   0.00161  -0.0971   0.4221   0.7272  68.8117 258.2037
   5.000   1.0062   0.01372   0.00161  -0.0971   0.4221   0.7272  68.8117 258.2037
   5.000   1.0062   0.01372   0.00161  -0.0971   0.4221   0.7272  68.8117 258.2037
   5.000   1.0062   0.01372   0.00161  -0.0971   0.4221   0.7272  68.8117 258.2037
   6.000   1.1076   0.01419   0.00186  -0.0964   0.4049   1.0000  70.3078 300.0000
   6.000   1.1076   0.01419   0.00186  -0.0964   0.4049   1.0000  70.3078 300.0000
   6.000   1.1076   0.01419   0.00186  -0.0964   0.4049   1.0000  70.3078 300.0000
   6.000   1.1076   0.01419   0.00186  -0.0964   0.4049   1.0000  70.3078 300.0000
   6.000   1.1076   0.01419   0.00186  -0.0964   0.4049   1.0000  70.3078 300.0000
   7.000   1.1867   0.01549   0.00191  -0.0921   0.3862   1.0000  71.9799 300.0000
   7.000   1.1867   0.01549   0.00191  -0.0921   0.3862   1.0000  71.9799 300.0000
   7.000   1.1867   0.01549   0.00191  -0.0921   0.3862   1.0000  71.9799 300.0000
   7.000   1.1867   0.01549   0.00191  -0.0921   0.3862   1.0000  71.9799 300.0000
   7.000   1.1867   0.01549   0.00191  -0.0921   0.3862   1.0000  71.9799 300.0000
   8.000   1.2597   0.01715   0.00215  -0.0875   0.3629   1.0000  74.1182 300.0000
   8.000   1.2597   0.01715   0.00215  -0.0875   0.3629   1.0000  74.1182 300.0000
   8.000   1.2597   0.01715   0.00215  -0.0875   0.3629   1.0000  74.1182 300.0000
   8.000   1.2597   0.01715   0.00215  -0.0875   0.3629   1.0000  74.1182 300.0000
   8.000   1.2597   0.01715   0.00215  -0.0875   0.3629   1.0000  74.1182 300.0000
   9.000   1.3210   0.01958   0.00275  -0.0820   0.3320   1.0000  77.0644 300.0000
   9.000   1.3210   0.01958   0.00275  -0.0820   0.3320   1.0000  77.0646 300.0000
   9.000   1.3210   0.01958   0.00275  -0.0820   0.3320   1.0000  77.0646 300.0000
   9.000   1.3210   0.01958   0.00275  -0.0820   0.3320   1.0000  77.0646 300.0000
   9.000   1.3210   0.01958   0.00275  -0.0820   0.3320   1.0000  77.0646 300.0000
  10.000   1.3674   0.02319   0.00402  -0.0756   0.2948   1.0000  80.7637 300.0000
  10.000   1.3674   0.02319   0.00402  -0.0756   0.2948   1.0000  80.7641 300.0000
  10.000   1.3674   0.02319   0.00402  -0.0756   0.2948   1.0000  80.7640 300.0000
  10.000   1.3674   0.02319   0.00402  -0.0756   0.2948   1.0000  80.7640 300.0000
  10.000   1.3674   0.02319   0.00402  -0.0756   0.2948   1.0000  80.7640 300.0000
  11.000   1.4067   0.02775   0.00598  -0.0697   0.2686   1.0000  83.4706 300.0000
  11.000   1.4068   0.02775   0.00598  -0.0697   0.2686   1.0000  83.4708 300.0000
  11.000   1.4068   0.02775   0.00598  -0.0697   0.2686   1.0000  83.4708 300.0000
  11.000   1.4068   0.02775   0.00598  -0.0697   0.2686   1.0000  83.4708 300.0000
  11.000   1.4068   0.02775   0.00598  -0.0697   0.2686   1.0000  83.4708 300.0000
  12.000   1.4456   0.03283   0.00833  -0.0649   0.2533   1.0000  85.0894 300.0000
  12.000   1.4456   0.03283   0.00833  -0.0649   0.2533   1.0000  85.0892 300.0000
  12.000   1.4456   0.03283   0.00833  -0.0649   0.2533   1.0000  85.0892 300.0000
  12.000   1.4456   0.03283   0.00833  -0.0649   0.2533   1.0000  85.0892 300.0000
  12.000   1.4456   0.03283   0.00833  -0.0649   0.2533   1.0000  85.0892 300.0000
  13.000   1.4891   0.03793   0.01071  -0.0613   0.2436   1.0000  86.1335 300.0000
  13.000   1.4891   0.03794   0.01071  -0.0613   0.2436   1.0000  86.1336 300.0000
  13.000   1.4891   0.03794   0.01071  -0.0613   0.2436   1.0000  86.1337 300.0000
  13.000   1.4891   0.03794   0.01071  -0.0613   0.2436   1.0000  86.1337 300.0000
  13.000   1.4891   0.03794   0.01071  -0.0613   0.2436   1.0000  86.1337 300.0000
  14.000   1.5336   0.04315   0.01309  -0.0584   0.2361   1.0000  86.9576 300.0000
  14.000   1.5336   0.04315   0.01309  -0.0584   0.2361   1.0000  86.9575 300.0000
  14.000   1.5336   0.04315   0.01309  -0.0584   0.2361   1.0000  86.9575 300.0000
  14.000   1.5336   0.04315   0.01309  -0.0584   0.2361   1.0000  86.9575 300.0000
  14.000   1.5336   0.04315   0.01309  -0.0584   0.2361   1.0000  86.9575 300.0000
  15.000   1.5785   0.04860   0.01566  -0.0562   0.2296   1.0000  87.6740 300.0000
  15.000   1.5785   0.04861   0.01566  -0.0562   0.2296   1.0000  87.6741 300.0000
  15.000   1.5785   0.04861   0.01566  -0.0562   0.2296   1.0000  87.6741 300.0000
  15.000   1.5785   0.04861   0.01566  -0.0562   0.2296   1.0000  87.6741 300.0000
  15.000   1.5785   0.04861   0.01566  -0.0562   0.2296   1.0000  87.6741 300.0000
  16.000   1.6254   0.05386   0.01788  -0.0544   0.2243   1.0000  88.2763 300.0000
  16.000   1.6254   0.05385   0.01788  -0.0544   0.2243   1.0000  88.2763 300.0000
  16.000   1.6254   0.05385   0.01788  -0.0544   0.2243   1.0000  88.2763 300.0000
  16.000   1.6254   0.05385   0.01788  -0.0544   0.2243   1.0000  88.2763 300.0000
  16.000   1.6254   0.05385   0.01788  -0.0544   0.2243   1.0000  88.2763 300.0000
  17.000   1.6719   0.05921   0.02002  -0.0531   0.2188   1.0000  88.8988 300.0000
  17.000   1.6719   0.05921   0.02002  -0.0531   0.2188   1.0000  88.8988 300.0000
  17.000   1.6719   0.05921   0.02002  -0.0531   0.2188   1.0000  88.8988 300.0000
  17.000   1.6719   0.05921   0.02002  -0.0531   0.2188   1.0000  88.8988 300.0000
  17.000   1.6719   0.05921   0.02002  -0.0531   0.2188   1.0000  88.8988 300.0000
  18.000   1.7068   0.06597   0.02330  -0.0522   0.2131   1.0000  89.5463 300.0000
  18.000   1.7068   0.06597   0.02330  -0.0522   0.2131   1.0000  89.5464 300.0000
  18.000   1.7068   0.06597   0.02330  -0.0522   0.2131   1.0000  89.5464 300.0000
  18.000   1.7068   0.06597   0.02330  -0.0522   0.2131   1.0000  89.5464 300.0000
  18.000   1.7068   0.06597   0.02330  -0.0522   0.2131   1.0000  89.5464 300.0000
  19.000   1.7340   0.07367   0.02717  -0.0519   0.2062   1.0000  90.3522 300.0000
  19.000   1.7340   0.07367   0.02717  -0.0519   0.2062   1.0000  90.3520 300.0000
  19.000   1.7339   0.07366   0.02717  -0.0519   0.2062   1.0000  90.3520 300.0000
  19.000   1.7339   0.07366   0.02717  -0.0519   0.2062   1.0000  90.3519 300.0000
  19.000   1.7339   0.07366   0.02717  -0.0519   0.2062   1.0000  90.3519 300.0000
