  
       XFOIL         Version 6.99
  
 Calculated polar for: GOE 522 AIRFOIL                                 
  
 1 1 Reynolds number fixed          Mach number fixed         
  
 xtrf =   1.000 (top)        1.000 (bottom)  
 Mach =   0.000     Re =     0.375 e 6     Ncrit =   9.000  9.000
  
   alpha    CL        CD       CDp       CM     Top_Xtr  Bot_Xtr  Top_Itr  Bot_Itr
  ------ -------- --------- --------- -------- -------- -------- -------- --------
   0.000   0.5575   0.01289   0.00214  -0.1171   0.5200   0.4023  60.8226 235.6342
   0.000   0.5575   0.01289   0.00214  -0.1171   0.5200   0.4023  60.8231 235.6345
   0.000   0.5575   0.01289   0.00214  -0.1171   0.5200   0.4023  60.8231 235.6345
   0.000   0.5575   0.01289   0.00214  -0.1171   0.5200   0.4023  60.8231 235.6345
   0.000   0.5575   0.01289   0.00214  -0.1171   0.5200   0.4023  60.8231 235.6345
   1.000   0.6570   0.01321   0.00216  -0.1147   0.5007   0.4403  62.3646 238.3082
   1.000   0.6570   0.01321   0.00216  -0.1147   0.5007   0.4403  62.3646 238.3081
   1.000   0.6570   0.01321   0.00216  -0.1147   0.5007   0.4403  62.3646 238.3081
   1.000   0.6570   0.01321   0.00216  -0.1147   0.5007   0.4403  62.3646 238.3081
   1.000   0.6570   0.01321   0.00216  -0.1147   0.5007   0.4403  62.3646 238.3081
   2.000   0.7506   0.01352   0.00211  -0.1112   0.4819   0.4958  63.8613 242.1174
   2.000   0.7506   0.01352   0.00211  -0.1112   0.4819   0.4958  63.8613 242.1174
   2.000   0.7506   0.01352   0.00211  -0.1112   0.4819   0.4958  63.8613 242.1174
   2.000   0.7506   0.01352   0.00211  -0.1112   0.4819   0.4958  63.8613 242.1174
   2.000   0.7506   0.01352   0.00211  -0.1112   0.4819   0.4958  63.8613 242.1174
   3.000   0.8465   0.01392   0.00218  -0.1084   0.4668   0.5723  65.0816 247.3205
   3.000   0.8465   0.01392   0.00218  -0.1084   0.4668   0.5723  65.0816 247.3206
   3.000   0.8465   0.01392   0.00218  -0.1084   0.4668   0.5723  65.0816 247.3206
   3.000   0.8465   0.01392   0.00218  -0.1084   0.4668   0.5723  65.0816 247.3206
   3.000   0.8465   0.01392   0.00218  -0.1084   0.4668   0.5723  65.0816 247.3206
   4.000   0.9350   0.01435   0.00225  -0.1043   0.4513   0.6569  66.3480 253.1900
   4.000   0.9350   0.01435   0.00225  -0.1043   0.4513   0.6569  66.3480 253.1900
   4.000   0.9350   0.01435   0.00225  -0.1043   0.4513   0.6569  66.3480 253.1900
   4.000   0.9350   0.01435   0.00225  -0.1043   0.4513   0.6569  66.3480 253.1900
   4.000   0.9350   0.01435   0.00225  -0.1043   0.4513   0.6569  66.3480 253.1900
   5.000   1.0135   0.01465   0.00232  -0.0982   0.4361   0.8195  67.6193 265.3443
   5.000   1.0135   0.01465   0.00232  -0.0982   0.4361   0.8195  67.6193 265.3435
   5.000   1.0135   0.01465   0.00232  -0.0982   0.4361   0.8195  67.6193 265.3435
   5.000   1.0135   0.01465   0.00232  -0.0982   0.4361   0.8195  67.6193 265.3435
   5.000   1.0135   0.01465   0.00232  -0.0982   0.4361   0.8195  67.6193 265.3435
   6.000   1.1186   0.01539   0.00239  -0.0984   0.4188   1.0000  69.0925 300.0000
   6.000   1.1186   0.01539   0.00239  -0.0984   0.4188   1.0000  69.0925 300.0000
   6.000   1.1186   0.01539   0.00239  -0.0984   0.4188   1.0000  69.0925 300.0000
   6.000   1.1186   0.01539   0.00239  -0.0984   0.4188   1.0000  69.0925 300.0000
   6.000   1.1186   0.01539   0.00239  -0.0984   0.4188   1.0000  69.0925 300.0000
   7.000   1.1924   0.01661   0.00241  -0.0932   0.3997   1.0000  70.7639 300.0000
   7.000   1.1924   0.01661   0.00241  -0.0932   0.3997   1.0000  70.7641 300.0000
   7.000   1.1924   0.01661   0.00241  -0.0932   0.3997   1.0000  70.7641 300.0000
   7.000   1.1924   0.01661   0.00241  -0.0932   0.3997   1.0000  70.7641 300.0000
   7.000   1.1924   0.01661   0.00241  -0.0932   0.3997   1.0000  70.7641 300.0000
   8.000   1.2599   0.01827   0.00258  -0.0876   0.3776   1.0000  72.7597 300.0000
   8.000   1.2599   0.01827   0.00258  -0.0876   0.3776   1.0000  72.7598 300.0000
   8.000   1.2599   0.01827   0.00258  -0.0876   0.3776   1.0000  72.7598 300.0000
   8.000   1.2599   0.01827   0.00258  -0.0876   0.3776   1.0000  72.7598 300.0000
   8.000   1.2599   0.01827   0.00258  -0.0876   0.3776   1.0000  72.7598 300.0000
   9.000   1.3168   0.02066   0.00312  -0.0814   0.3493   1.0000  75.3991 300.0000
   9.000   1.3168   0.02066   0.00312  -0.0814   0.3493   1.0000  75.3992 300.0000
   9.000   1.3168   0.02066   0.00312  -0.0814   0.3493   1.0000  75.3992 300.0000
   9.000   1.3168   0.02066   0.00312  -0.0814   0.3493   1.0000  75.3992 300.0000
   9.000   1.3168   0.02066   0.00312  -0.0814   0.3493   1.0000  75.3992 300.0000
  10.000   1.3603   0.02422   0.00433  -0.0747   0.3152   1.0000  78.7160 300.0000
  10.000   1.3603   0.02422   0.00433  -0.0747   0.3152   1.0000  78.7164 300.0000
  10.000   1.3603   0.02422   0.00433  -0.0747   0.3152   1.0000  78.7164 300.0000
  10.000   1.3603   0.02422   0.00433  -0.0747   0.3152   1.0000  78.7164 300.0000
  10.000   1.3603   0.02422   0.00433  -0.0747   0.3152   1.0000  78.7164 300.0000
  11.000   1.3992   0.02869   0.00619  -0.0687   0.2878   1.0000  81.4799 300.0000
  11.000   1.3992   0.02869   0.00619  -0.0687   0.2878   1.0000  81.4801 300.0000
  11.000   1.3992   0.02869   0.00619  -0.0687   0.2878   1.0000  81.4801 300.0000
  11.000   1.3992   0.02869   0.00619  -0.0687   0.2878   1.0000  81.4801 300.0000
  11.000   1.3992   0.02869   0.00619  -0.0687   0.2878   1.0000  81.4801 300.0000
  12.000   1.4403   0.03354   0.00835  -0.0640   0.2700   1.0000  83.3256 300.0000
  12.000   1.4403   0.03354   0.00835  -0.0640   0.2700   1.0000  83.3255 300.0000
  12.000   1.4403   0.03354   0.00835  -0.0640   0.2700   1.0000  83.3255 300.0000
  12.000   1.4403   0.03354   0.00835  -0.0640   0.2700   1.0000  83.3255 300.0000
  12.000   1.4403   0.03354   0.00835  -0.0640   0.2700   1.0000  83.3255 300.0000
  13.000   1.4864   0.03835   0.01050  -0.0604   0.2581   1.0000  84.5738 300.0000
  13.000   1.4864   0.03835   0.01050  -0.0604   0.2581   1.0000  84.5738 300.0000
  13.000   1.4864   0.03835   0.01050  -0.0604   0.2581   1.0000  84.5738 300.0000
  13.000   1.4864   0.03835   0.01050  -0.0604   0.2581   1.0000  84.5738 300.0000
  13.000   1.4864   0.03835   0.01050  -0.0604   0.2581   1.0000  84.5738 300.0000
  14.000   1.5361   0.04306   0.01251  -0.0576   0.2495   1.0000  85.5044 300.0000
  14.000   1.5361   0.04306   0.01251  -0.0576   0.2495   1.0000  85.5045 300.0000
  14.000   1.5361   0.04306   0.01251  -0.0576   0.2495   1.0000  85.5045 300.0000
  14.000   1.5361   0.04306   0.01251  -0.0576   0.2495   1.0000  85.5045 300.0000
  14.000   1.5361   0.04306   0.01251  -0.0576   0.2495   1.0000  85.5045 300.0000
  15.000   1.5893   0.04755   0.01423  -0.0554   0.2424   1.0000  86.2665 300.0000
  15.000   1.5893   0.04755   0.01423  -0.0554   0.2424   1.0000  86.2664 300.0000
  15.000   1.5893   0.04755   0.01423  -0.0554   0.2424   1.0000  86.2664 300.0000
  15.000   1.5893   0.04755   0.01423  -0.0554   0.2424   1.0000  86.2664 300.0000
  15.000   1.5893   0.04755   0.01423  -0.0554   0.2424   1.0000  86.2664 300.0000
  16.000   1.6478   0.05160   0.01543  -0.0537   0.2361   1.0000  86.9529 300.0000
  16.000   1.6478   0.05160   0.01543  -0.0537   0.2361   1.0000  86.9529 300.0000
  16.000   1.6478   0.05160   0.01543  -0.0537   0.2361   1.0000  86.9530 300.0000
  16.000   1.6478   0.05160   0.01543  -0.0537   0.2361   1.0000  86.9530 300.0000
  16.000   1.6478   0.05160   0.01543  -0.0537   0.2361   1.0000  86.9530 300.0000
  17.000   1.6881   0.05753   0.01819  -0.0522   0.2301   1.0000  87.6212 300.0000
  17.000   1.6881   0.05753   0.01819  -0.0522   0.2301   1.0000  87.6212 300.0000
  17.000   1.6881   0.05753   0.01819  -0.0522   0.2301   1.0000  87.6212 300.0000
  17.000   1.6881   0.05753   0.01819  -0.0522   0.2301   1.0000  87.6212 300.0000
  17.000   1.6881   0.05753   0.01819  -0.0522   0.2301   1.0000  87.6212 300.0000
  18.000   1.7310   0.06319   0.02048  -0.0510   0.2240   1.0000  88.3041 300.0000
  18.000   1.7310   0.06319   0.02048  -0.0510   0.2240   1.0000  88.3042 300.0000
  18.000   1.7310   0.06319   0.02048  -0.0510   0.2240   1.0000  88.3042 300.0000
  18.000   1.7310   0.06319   0.02048  -0.0510   0.2240   1.0000  88.3042 300.0000
  18.000   1.7310   0.06319   0.02048  -0.0510   0.2240   1.0000  88.3042 300.0000
  19.000   1.7720   0.06904   0.02271  -0.0503   0.2171   1.0000  89.0859 300.0000
  19.000   1.7721   0.06904   0.02271  -0.0503   0.2171   1.0000  89.0861 300.0000
  19.000   1.7721   0.06905   0.02271  -0.0503   0.2171   1.0000  89.0861 300.0000
  19.000   1.7721   0.06905   0.02271  -0.0503   0.2171   1.0000  89.0861 300.0000
  19.000   1.7721   0.06905   0.02271  -0.0503   0.2171   1.0000  89.0861 300.0000
