  
       XFOIL         Version 6.99
  
 Calculated polar for: GOE 522 AIRFOIL                                 
  
 1 1 Reynolds number fixed          Mach number fixed         
  
 xtrf =   1.000 (top)        1.000 (bottom)  
 Mach =   0.000     Re =     0.525 e 6     Ncrit =   9.000  9.000
  
   alpha    CL        CD       CDp       CM     Top_Xtr  Bot_Xtr  Top_Itr  Bot_Itr
  ------ -------- --------- --------- -------- -------- -------- -------- --------
   0.000   0.5414   0.01158   0.00144  -0.1135   0.4978   0.3725  62.5917 233.4860
   0.000   0.5414   0.01158   0.00144  -0.1135   0.4978   0.3725  62.5917 233.4857
   0.000   0.5414   0.01158   0.00144  -0.1135   0.4978   0.3725  62.5917 233.4857
   0.000   0.5414   0.01158   0.00144  -0.1135   0.4978   0.3725  62.5917 233.4857
   0.000   0.5414   0.01158   0.00144  -0.1135   0.4978   0.3725  62.5917 233.4857
   1.000   0.6385   0.01191   0.00140  -0.1107   0.4805   0.4089  63.9746 236.1014
   1.000   0.6385   0.01191   0.00140  -0.1107   0.4805   0.4089  63.9746 236.1015
   1.000   0.6385   0.01191   0.00140  -0.1107   0.4805   0.4089  63.9746 236.1014
   1.000   0.6385   0.01191   0.00140  -0.1107   0.4805   0.4089  63.9746 236.1014
   1.000   0.6385   0.01191   0.00140  -0.1107   0.4805   0.4089  63.9746 236.1014
   2.000   0.7339   0.01221   0.00140  -0.1077   0.4637   0.4595  65.3320 239.6418
   2.000   0.7339   0.01221   0.00140  -0.1077   0.4637   0.4596  65.3319 239.6428
   2.000   0.7339   0.01221   0.00140  -0.1077   0.4637   0.4596  65.3319 239.6428
   2.000   0.7339   0.01221   0.00140  -0.1077   0.4637   0.4596  65.3319 239.6428
   2.000   0.7339   0.01221   0.00140  -0.1077   0.4637   0.4596  65.3319 239.6428
   3.000   0.8289   0.01259   0.00146  -0.1047   0.4491   0.5336  66.5356 244.6846
   3.000   0.8289   0.01259   0.00146  -0.1047   0.4491   0.5336  66.5356 244.6844
   3.000   0.8289   0.01259   0.00146  -0.1047   0.4491   0.5336  66.5356 244.6844
   3.000   0.8289   0.01259   0.00146  -0.1047   0.4491   0.5336  66.5356 244.6844
   3.000   0.8289   0.01259   0.00146  -0.1047   0.4491   0.5336  66.5356 244.6844
   4.000   0.9206   0.01307   0.00149  -0.1014   0.4348   0.6096  67.7256 249.8910
   4.000   0.9206   0.01307   0.00149  -0.1014   0.4348   0.6096  67.7256 249.8909
   4.000   0.9206   0.01307   0.00149  -0.1014   0.4348   0.6096  67.7256 249.8909
   4.000   0.9206   0.01307   0.00149  -0.1014   0.4348   0.6096  67.7256 249.8909
   4.000   0.9206   0.01307   0.00149  -0.1014   0.4348   0.6096  67.7256 249.8909
   5.000   1.0059   0.01360   0.00151  -0.0970   0.4200   0.7154  68.9929 257.3559
   5.000   1.0059   0.01360   0.00151  -0.0970   0.4200   0.7154  68.9929 257.3554
   5.000   1.0059   0.01360   0.00151  -0.0970   0.4200   0.7154  68.9929 257.3553
   5.000   1.0059   0.01360   0.00151  -0.0970   0.4200   0.7154  68.9929 257.3553
   5.000   1.0059   0.01360   0.00151  -0.0970   0.4200   0.7154  68.9929 257.3553
   6.000   1.1074   0.01400   0.00179  -0.0963   0.4025   1.0000  70.5224 300.0000
   6.000   1.1074   0.01400   0.00179  -0.0963   0.4025   1.0000  70.5224 300.0000
   6.000   1.1074   0.01400   0.00179  -0.0963   0.4025   1.0000  70.5224 300.0000
   6.000   1.1074   0.01400   0.00179  -0.0963   0.4025   1.0000  70.5224 300.0000
   6.000   1.1074   0.01400   0.00179  -0.0963   0.4025   1.0000  70.5224 300.0000
   7.000   1.1877   0.01528   0.00185  -0.0923   0.3837   1.0000  72.2046 300.0000
   7.000   1.1877   0.01528   0.00185  -0.0923   0.3837   1.0000  72.2046 300.0000
   7.000   1.1877   0.01528   0.00185  -0.0923   0.3837   1.0000  72.2046 300.0000
   7.000   1.1877   0.01528   0.00185  -0.0923   0.3837   1.0000  72.2046 300.0000
   7.000   1.1877   0.01528   0.00185  -0.0923   0.3837   1.0000  72.2046 300.0000
   8.000   1.2614   0.01694   0.00209  -0.0877   0.3600   1.0000  74.3878 300.0000
   8.000   1.2614   0.01694   0.00209  -0.0877   0.3600   1.0000  74.3878 300.0000
   8.000   1.2614   0.01694   0.00209  -0.0877   0.3600   1.0000  74.3878 300.0000
   8.000   1.2614   0.01694   0.00209  -0.0877   0.3600   1.0000  74.3878 300.0000
   8.000   1.2614   0.01694   0.00209  -0.0877   0.3600   1.0000  74.3878 300.0000
   9.000   1.3235   0.01935   0.00268  -0.0823   0.3285   1.0000  77.4049 300.0000
   9.000   1.3235   0.01935   0.00268  -0.0823   0.3285   1.0000  77.4051 300.0000
   9.000   1.3235   0.01935   0.00268  -0.0823   0.3285   1.0000  77.4051 300.0000
   9.000   1.3235   0.01935   0.00268  -0.0823   0.3285   1.0000  77.4051 300.0000
   9.000   1.3235   0.01935   0.00268  -0.0823   0.3285   1.0000  77.4051 300.0000
  10.000   1.3686   0.02304   0.00398  -0.0758   0.2913   1.0000  81.1139 300.0000
  10.000   1.3686   0.02304   0.00398  -0.0758   0.2913   1.0000  81.1138 300.0000
  10.000   1.3686   0.02304   0.00398  -0.0758   0.2913   1.0000  81.1138 300.0000
  10.000   1.3686   0.02304   0.00398  -0.0758   0.2913   1.0000  81.1138 300.0000
  10.000   1.3686   0.02304   0.00398  -0.0758   0.2913   1.0000  81.1138 300.0000
  11.000   1.4081   0.02760   0.00594  -0.0699   0.2654   1.0000  83.8047 300.0000
  11.000   1.4081   0.02760   0.00594  -0.0699   0.2654   1.0000  83.8055 300.0000
  11.000   1.4081   0.02760   0.00594  -0.0699   0.2654   1.0000  83.8055 300.0000
  11.000   1.4081   0.02760   0.00594  -0.0699   0.2654   1.0000  83.8055 300.0000
  11.000   1.4081   0.02760   0.00594  -0.0699   0.2654   1.0000  83.8055 300.0000
  12.000   1.4499   0.03249   0.00819  -0.0653   0.2506   1.0000  85.3772 300.0000
  12.000   1.4499   0.03249   0.00819  -0.0653   0.2506   1.0000  85.3771 300.0000
  12.000   1.4499   0.03249   0.00819  -0.0653   0.2506   1.0000  85.3771 300.0000
  12.000   1.4499   0.03249   0.00819  -0.0653   0.2506   1.0000  85.3771 300.0000
  12.000   1.4499   0.03249   0.00819  -0.0653   0.2506   1.0000  85.3771 300.0000
  13.000   1.4926   0.03767   0.01064  -0.0616   0.2412   1.0000  86.3947 300.0000
  13.000   1.4926   0.03767   0.01064  -0.0616   0.2412   1.0000  86.3946 300.0000
  13.000   1.4926   0.03767   0.01064  -0.0616   0.2412   1.0000  86.3946 300.0000
  13.000   1.4926   0.03767   0.01064  -0.0616   0.2412   1.0000  86.3946 300.0000
  13.000   1.4926   0.03767   0.01064  -0.0616   0.2412   1.0000  86.3946 300.0000
  14.000   1.5351   0.04306   0.01316  -0.0586   0.2341   1.0000  87.1761 300.0000
  14.000   1.5351   0.04306   0.01316  -0.0586   0.2341   1.0000  87.1761 300.0000
  14.000   1.5351   0.04306   0.01316  -0.0586   0.2341   1.0000  87.1760 300.0000
  14.000   1.5351   0.04306   0.01316  -0.0586   0.2341   1.0000  87.1760 300.0000
  14.000   1.5351   0.04306   0.01316  -0.0586   0.2341   1.0000  87.1760 300.0000
  15.000   1.5790   0.04854   0.01566  -0.0563   0.2277   1.0000  87.8921 300.0000
  15.000   1.5790   0.04854   0.01566  -0.0563   0.2277   1.0000  87.8921 300.0000
  15.000   1.5790   0.04854   0.01566  -0.0563   0.2277   1.0000  87.8921 300.0000
  15.000   1.5790   0.04854   0.01566  -0.0563   0.2277   1.0000  87.8921 300.0000
  15.000   1.5790   0.04854   0.01566  -0.0563   0.2277   1.0000  87.8921 300.0000
  16.000   1.6234   0.05416   0.01824  -0.0546   0.2223   1.0000  88.4939 300.0000
  16.000   1.6234   0.05416   0.01824  -0.0546   0.2223   1.0000  88.4938 300.0000
  16.000   1.6234   0.05416   0.01824  -0.0546   0.2223   1.0000  88.4938 300.0000
  16.000   1.6234   0.05416   0.01824  -0.0546   0.2223   1.0000  88.4938 300.0000
  16.000   1.6234   0.05416   0.01824  -0.0546   0.2223   1.0000  88.4938 300.0000
  17.000   1.6705   0.05939   0.02024  -0.0532   0.2171   1.0000  89.0936 300.0000
  17.000   1.6705   0.05939   0.02024  -0.0532   0.2171   1.0000  89.0936 300.0000
  17.000   1.6705   0.05939   0.02024  -0.0532   0.2171   1.0000  89.0937 300.0000
  17.000   1.6705   0.05939   0.02024  -0.0532   0.2171   1.0000  89.0937 300.0000
  17.000   1.6705   0.05939   0.02024  -0.0532   0.2171   1.0000  89.0937 300.0000
  18.000   1.7051   0.06625   0.02359  -0.0525   0.2115   1.0000  89.7403 300.0000
  18.000   1.7050   0.06624   0.02359  -0.0525   0.2115   1.0000  89.7402 300.0000
  18.000   1.7050   0.06624   0.02359  -0.0525   0.2115   1.0000  89.7402 300.0000
  18.000   1.7050   0.06624   0.02359  -0.0525   0.2115   1.0000  89.7402 300.0000
  18.000   1.7050   0.06624   0.02359  -0.0525   0.2115   1.0000  89.7402 300.0000
  19.000   1.7291   0.07437   0.02786  -0.0522   0.2044   1.0000  90.5653 300.0000
  19.000   1.7291   0.07437   0.02786  -0.0522   0.2044   1.0000  90.5654 300.0000
  19.000   1.7291   0.07437   0.02786  -0.0522   0.2044   1.0000  90.5654 300.0000
  19.000   1.7291   0.07437   0.02786  -0.0522   0.2044   1.0000  90.5654 300.0000
  19.000   1.7291   0.07437   0.02786  -0.0522   0.2044   1.0000  90.5654 300.0000
