  
       XFOIL         Version 6.99
  
 Calculated polar for: GOE 522 AIRFOIL                                 
  
 1 1 Reynolds number fixed          Mach number fixed         
  
 xtrf =   1.000 (top)        1.000 (bottom)  
 Mach =   0.000     Re =     0.350 e 6     Ncrit =   9.000  9.000
  
   alpha    CL        CD       CDp       CM     Top_Xtr  Bot_Xtr  Top_Itr  Bot_Itr
  ------ -------- --------- --------- -------- -------- -------- -------- --------
   0.000   0.5605   0.01318   0.00231  -0.1177   0.5252   0.4088  60.4084 236.0941
   0.000   0.5605   0.01318   0.00231  -0.1177   0.5252   0.4088  60.4083 236.0940
   0.000   0.5605   0.01318   0.00231  -0.1177   0.5252   0.4088  60.4083 236.0940
   0.000   0.5605   0.01318   0.00231  -0.1177   0.5252   0.4088  60.4083 236.0940
   0.000   0.5605   0.01318   0.00231  -0.1177   0.5252   0.4088  60.4083 236.0940
   1.000   0.6638   0.01357   0.00234  -0.1161   0.5055   0.4480  61.9827 238.8421
   1.000   0.6638   0.01357   0.00234  -0.1161   0.5055   0.4480  61.9827 238.8437
   1.000   0.6638   0.01357   0.00234  -0.1161   0.5055   0.4480  61.9827 238.8437
   1.000   0.6638   0.01357   0.00234  -0.1161   0.5055   0.4480  61.9827 238.8437
   1.000   0.6638   0.01357   0.00234  -0.1161   0.5055   0.4480  61.9827 238.8437
   2.000   0.7549   0.01383   0.00234  -0.1122   0.4859   0.5037  63.5448 242.6568
   2.000   0.7549   0.01383   0.00234  -0.1122   0.4859   0.5037  63.5448 242.6556
   2.000   0.7549   0.01383   0.00234  -0.1122   0.4859   0.5037  63.5448 242.6556
   2.000   0.7549   0.01383   0.00234  -0.1122   0.4859   0.5037  63.5448 242.6556
   2.000   0.7549   0.01383   0.00234  -0.1122   0.4859   0.5037  63.5448 242.6556
   3.000   0.8495   0.01421   0.00239  -0.1091   0.4704   0.5807  64.7900 247.8933
   3.000   0.8495   0.01421   0.00239  -0.1091   0.4704   0.5806  64.7901 247.8904
   3.000   0.8495   0.01421   0.00239  -0.1091   0.4704   0.5806  64.7901 247.8902
   3.000   0.8495   0.01421   0.00239  -0.1091   0.4704   0.5806  64.7901 247.8902
   3.000   0.8495   0.01421   0.00239  -0.1091   0.4704   0.5806  64.7901 247.8902
   5.000   1.0175   0.01492   0.00253  -0.0988   0.4398   0.8479  67.3123 267.9392
   5.000   1.0175   0.01492   0.00253  -0.0988   0.4398   0.8478  67.3123 267.9381
   5.000   1.0175   0.01492   0.00253  -0.0988   0.4398   0.8478  67.3123 267.9380
   5.000   1.0175   0.01492   0.00253  -0.0988   0.4398   0.8478  67.3123 267.9380
   5.000   1.0175   0.01492   0.00253  -0.0988   0.4398   0.8478  67.3123 267.9381
   6.000   1.1220   0.01571   0.00258  -0.0990   0.4220   1.0000  68.8226 300.0000
   6.000   1.1220   0.01571   0.00258  -0.0990   0.4220   1.0000  68.8226 300.0000
   6.000   1.1220   0.01571   0.00258  -0.0990   0.4220   1.0000  68.8226 300.0000
   6.000   1.1220   0.01571   0.00258  -0.0990   0.4220   1.0000  68.8226 300.0000
   6.000   1.1220   0.01571   0.00258  -0.0990   0.4220   1.0000  68.8226 300.0000
   7.000   1.1955   0.01693   0.00258  -0.0937   0.4030   1.0000  70.4758 300.0000
   7.000   1.1955   0.01693   0.00258  -0.0937   0.4030   1.0000  70.4757 300.0000
   7.000   1.1955   0.01693   0.00258  -0.0937   0.4030   1.0000  70.4757 300.0000
   7.000   1.1955   0.01693   0.00258  -0.0937   0.4030   1.0000  70.4757 300.0000
   7.000   1.1955   0.01693   0.00258  -0.0937   0.4030   1.0000  70.4757 300.0000
   8.000   1.2616   0.01857   0.00273  -0.0879   0.3810   1.0000  72.4481 300.0000
   8.000   1.2616   0.01857   0.00273  -0.0879   0.3810   1.0000  72.4480 300.0000
   8.000   1.2616   0.01857   0.00273  -0.0879   0.3810   1.0000  72.4480 300.0000
   8.000   1.2616   0.01857   0.00273  -0.0879   0.3810   1.0000  72.4480 300.0000
   8.000   1.2616   0.01857   0.00273  -0.0879   0.3810   1.0000  72.4480 300.0000
   9.000   1.3165   0.02096   0.00320  -0.0813   0.3537   1.0000  74.9866 300.0000
   9.000   1.3165   0.02096   0.00320  -0.0813   0.3537   1.0000  74.9866 300.0000
   9.000   1.3165   0.02096   0.00320  -0.0813   0.3537   1.0000  74.9866 300.0000
   9.000   1.3165   0.02096   0.00320  -0.0813   0.3537   1.0000  74.9866 300.0000
   9.000   1.3165   0.02096   0.00320  -0.0813   0.3537   1.0000  74.9866 300.0000
  10.000   1.3597   0.02446   0.00439  -0.0745   0.3199   1.0000  78.2455 300.0000
  10.000   1.3597   0.02446   0.00439  -0.0745   0.3199   1.0000  78.2454 300.0000
  10.000   1.3597   0.02446   0.00439  -0.0745   0.3199   1.0000  78.2454 300.0000
  10.000   1.3597   0.02446   0.00439  -0.0745   0.3199   1.0000  78.2454 300.0000
  10.000   1.3597   0.02446   0.00439  -0.0745   0.3199   1.0000  78.2454 300.0000
  11.000   1.3977   0.02893   0.00621  -0.0684   0.2927   1.0000  80.9774 300.0000
  11.000   1.3977   0.02893   0.00621  -0.0684   0.2927   1.0000  80.9775 300.0000
  11.000   1.3977   0.02893   0.00621  -0.0684   0.2927   1.0000  80.9775 300.0000
  11.000   1.3977   0.02893   0.00621  -0.0684   0.2927   1.0000  80.9775 300.0000
  11.000   1.3977   0.02893   0.00621  -0.0684   0.2927   1.0000  80.9775 300.0000
  12.000   1.4405   0.03363   0.00827  -0.0638   0.2743   1.0000  82.8666 300.0000
  12.000   1.4405   0.03363   0.00827  -0.0638   0.2744   1.0000  82.8665 300.0000
  12.000   1.4405   0.03363   0.00827  -0.0638   0.2744   1.0000  82.8665 300.0000
  12.000   1.4405   0.03363   0.00827  -0.0638   0.2744   1.0000  82.8665 300.0000
  12.000   1.4405   0.03363   0.00827  -0.0638   0.2744   1.0000  82.8665 300.0000
  13.000   1.4885   0.03825   0.01024  -0.0603   0.2621   1.0000  84.1506 300.0000
  13.000   1.4885   0.03825   0.01024  -0.0603   0.2621   1.0000  84.1505 300.0000
  13.000   1.4885   0.03825   0.01024  -0.0603   0.2621   1.0000  84.1505 300.0000
  13.000   1.4885   0.03825   0.01024  -0.0603   0.2621   1.0000  84.1505 300.0000
  13.000   1.4885   0.03825   0.01024  -0.0603   0.2621   1.0000  84.1505 300.0000
  14.000   1.5421   0.04259   0.01194  -0.0576   0.2532   1.0000  85.1040 300.0000
  14.000   1.5421   0.04259   0.01194  -0.0576   0.2532   1.0000  85.1039 300.0000
  14.000   1.5421   0.04259   0.01194  -0.0576   0.2532   1.0000  85.1039 300.0000
  14.000   1.5421   0.04259   0.01194  -0.0576   0.2532   1.0000  85.1039 300.0000
  14.000   1.5421   0.04259   0.01194  -0.0576   0.2532   1.0000  85.1039 300.0000
  15.000   1.5965   0.04698   0.01359  -0.0554   0.2457   1.0000  85.9126 300.0000
  15.000   1.5965   0.04698   0.01359  -0.0554   0.2457   1.0000  85.9126 300.0000
  15.000   1.5965   0.04698   0.01359  -0.0554   0.2457   1.0000  85.9126 300.0000
  15.000   1.5965   0.04698   0.01359  -0.0554   0.2457   1.0000  85.9126 300.0000
  15.000   1.5965   0.04698   0.01359  -0.0554   0.2457   1.0000  85.9126 300.0000
  16.000   1.6451   0.05200   0.01573  -0.0535   0.2392   1.0000  86.6165 300.0000
  16.000   1.6451   0.05200   0.01573  -0.0535   0.2392   1.0000  86.6164 300.0000
  16.000   1.6451   0.05200   0.01573  -0.0535   0.2392   1.0000  86.6164 300.0000
  16.000   1.6451   0.05200   0.01573  -0.0535   0.2392   1.0000  86.6164 300.0000
  16.000   1.6451   0.05200   0.01573  -0.0535   0.2392   1.0000  86.6164 300.0000
  17.000   1.6969   0.05675   0.01741  -0.0521   0.2332   1.0000  87.2751 300.0000
  17.000   1.6969   0.05675   0.01741  -0.0521   0.2332   1.0000  87.2752 300.0000
  17.000   1.6969   0.05675   0.01741  -0.0521   0.2332   1.0000  87.2752 300.0000
  17.000   1.6969   0.05675   0.01741  -0.0521   0.2332   1.0000  87.2752 300.0000
  17.000   1.6969   0.05675   0.01741  -0.0521   0.2332   1.0000  87.2752 300.0000
  18.000   1.7554   0.06078   0.01824  -0.0511   0.2268   1.0000  87.9860 300.0000
  18.000   1.7554   0.06078   0.01824  -0.0511   0.2268   1.0000  87.9861 300.0000
  18.000   1.7554   0.06078   0.01824  -0.0511   0.2268   1.0000  87.9861 300.0000
  18.000   1.7554   0.06078   0.01824  -0.0511   0.2268   1.0000  87.9861 300.0000
  18.000   1.7554   0.06078   0.01824  -0.0511   0.2268   1.0000  87.9861 300.0000
  19.000   1.7688   0.06951   0.02310  -0.0501   0.2198   1.0000  88.7848 300.0000
  19.000   1.7688   0.06951   0.02310  -0.0501   0.2198   1.0000  88.7848 300.0000
  19.000   1.7688   0.06951   0.02310  -0.0501   0.2198   1.0000  88.7848 300.0000
  19.000   1.7688   0.06951   0.02310  -0.0501   0.2198   1.0000  88.7848 300.0000
  19.000   1.7688   0.06951   0.02310  -0.0501   0.2198   1.0000  88.7848 300.0000
