  
       XFOIL         Version 6.99
  
 Calculated polar for: NACA 65(4)-421                                  
  
 1 1 Reynolds number fixed          Mach number fixed         
  
 xtrf =   1.000 (top)        1.000 (bottom)  
 Mach =   0.000     Re =     0.300 e 6     Ncrit =   9.000  9.000
  
   alpha    CL        CD       CDp       CM     Top_Xtr  Bot_Xtr  Top_Itr  Bot_Itr
  ------ -------- --------- --------- -------- -------- -------- -------- --------
   0.000   0.3215   0.01510   0.00708  -0.0720   0.6746   0.6767  48.4874 251.0005
   0.000   0.3215   0.01510   0.00708  -0.0720   0.6746   0.6767  48.4874 251.0001
   0.000   0.3215   0.01510   0.00708  -0.0720   0.6746   0.6767  48.4874 251.0001
   0.000   0.3215   0.01510   0.00708  -0.0720   0.6746   0.6767  48.4874 251.0001
   0.000   0.3215   0.01510   0.00708  -0.0720   0.6746   0.6767  48.4874 251.0001
   1.000   0.4356   0.01531   0.00723  -0.0739   0.6657   0.6856  49.3385 251.7945
   1.000   0.4356   0.01531   0.00723  -0.0739   0.6657   0.6856  49.3385 251.7946
   1.000   0.4356   0.01531   0.00723  -0.0739   0.6657   0.6856  49.3385 251.7946
   1.000   0.4356   0.01531   0.00723  -0.0739   0.6657   0.6856  49.3385 251.7946
   1.000   0.4356   0.01531   0.00723  -0.0739   0.6657   0.6856  49.3385 251.7946
   2.000   0.5507   0.01558   0.00736  -0.0760   0.6572   0.6952  50.1482 252.6518
   2.000   0.5507   0.01558   0.00736  -0.0760   0.6572   0.6952  50.1482 252.6518
   2.000   0.5507   0.01558   0.00736  -0.0760   0.6572   0.6952  50.1482 252.6518
   2.000   0.5507   0.01558   0.00736  -0.0760   0.6572   0.6952  50.1482 252.6518
   2.000   0.5507   0.01558   0.00736  -0.0760   0.6572   0.6952  50.1482 252.6518
   3.000   0.6660   0.01591   0.00752  -0.0782   0.6486   0.7056  50.9780 253.5700
   3.000   0.6660   0.01591   0.00752  -0.0782   0.6486   0.7056  50.9780 253.5700
   3.000   0.6660   0.01591   0.00752  -0.0782   0.6486   0.7056  50.9780 253.5700
   3.000   0.6660   0.01591   0.00752  -0.0782   0.6486   0.7056  50.9780 253.5700
   3.000   0.6660   0.01591   0.00752  -0.0782   0.6486   0.7056  50.9780 253.5700
   4.000   0.7774   0.01638   0.00781  -0.0797   0.6385   0.7167  51.9433 254.5547
   4.000   0.7774   0.01638   0.00781  -0.0797   0.6385   0.7167  51.9433 254.5548
   4.000   0.7774   0.01638   0.00781  -0.0797   0.6385   0.7167  51.9433 254.5548
   4.000   0.7774   0.01638   0.00781  -0.0797   0.6385   0.7167  51.9433 254.5548
   4.000   0.7774   0.01638   0.00781  -0.0797   0.6385   0.7167  51.9433 254.5548
   5.000   0.8878   0.01677   0.00793  -0.0810   0.6265   0.7288  53.1112 255.6203
   5.000   0.8878   0.01677   0.00793  -0.0810   0.6265   0.7288  53.1111 255.6201
   5.000   0.8878   0.01677   0.00793  -0.0810   0.6265   0.7288  53.1111 255.6201
   5.000   0.8878   0.01677   0.00793  -0.0810   0.6265   0.7288  53.1111 255.6201
   5.000   0.8878   0.01677   0.00793  -0.0810   0.6265   0.7288  53.1111 255.6201
   6.000   1.0025   0.01631   0.00702  -0.0822   0.6075   0.7422  54.9604 256.8080
   6.000   1.0025   0.01631   0.00702  -0.0822   0.6075   0.7422  54.9604 256.8083
   6.000   1.0025   0.01631   0.00702  -0.0822   0.6075   0.7422  54.9604 256.8083
   6.000   1.0025   0.01631   0.00702  -0.0822   0.6075   0.7422  54.9604 256.8083
   6.000   1.0025   0.01631   0.00702  -0.0822   0.6075   0.7422  54.9604 256.8083
   7.000   1.1026   0.01543   0.00546  -0.0803   0.5755   0.7569  58.1167 258.1170
   7.000   1.1026   0.01543   0.00546  -0.0803   0.5755   0.7569  58.1167 258.1169
   7.000   1.1026   0.01543   0.00546  -0.0803   0.5755   0.7569  58.1167 258.1169
   7.000   1.1026   0.01543   0.00546  -0.0803   0.5755   0.7569  58.1167 258.1169
   7.000   1.1026   0.01543   0.00546  -0.0803   0.5755   0.7569  58.1167 258.1169
   8.000   1.1767   0.01529   0.00441  -0.0743   0.5336   0.7735  62.3620 259.6049
   8.000   1.1767   0.01529   0.00441  -0.0743   0.5336   0.7735  62.3620 259.6049
   8.000   1.1767   0.01529   0.00441  -0.0743   0.5336   0.7735  62.3620 259.6049
   8.000   1.1767   0.01529   0.00441  -0.0743   0.5336   0.7735  62.3620 259.6049
   8.000   1.1767   0.01529   0.00441  -0.0743   0.5336   0.7735  62.3620 259.6049
   9.000   1.2111   0.01669   0.00402  -0.0630   0.4604   0.7937  69.9664 261.4526
   9.000   1.2111   0.01669   0.00402  -0.0630   0.4604   0.7937  69.9670 261.4528
   9.000   1.2111   0.01669   0.00402  -0.0630   0.4604   0.7937  69.9670 261.4527
   9.000   1.2111   0.01669   0.00402  -0.0630   0.4604   0.7937  69.9670 261.4527
   9.000   1.2111   0.01669   0.00402  -0.0630   0.4604   0.7937  69.9670 261.4527
  10.000   1.1628   0.02455   0.00747  -0.0463   0.3037   0.8186  86.1359 263.7798
  10.000   1.1628   0.02455   0.00747  -0.0463   0.3037   0.8186  86.1362 263.7798
  10.000   1.1628   0.02455   0.00747  -0.0463   0.3037   0.8186  86.1362 263.7797
  10.000   1.1628   0.02455   0.00747  -0.0463   0.3037   0.8186  86.1362 263.7797
  10.000   1.1628   0.02455   0.00747  -0.0463   0.3037   0.8186  86.1362 263.7797
  11.000   1.1126   0.03575   0.01443  -0.0352   0.1647   0.8446 100.7657 266.3165
  11.000   1.1126   0.03576   0.01443  -0.0352   0.1647   0.8446 100.7690 266.3150
  11.000   1.1126   0.03576   0.01443  -0.0352   0.1647   0.8446 100.7696 266.3153
  11.000   1.1126   0.03576   0.01443  -0.0352   0.1647   0.8446 100.7696 266.3153
  11.000   1.1126   0.03576   0.01443  -0.0352   0.1647   0.8446 100.7696 266.3153
  12.000   1.0816   0.04718   0.02215  -0.0279   0.0576   0.8740 116.2954 269.3843
  12.000   1.0816   0.04718   0.02215  -0.0279   0.0576   0.8740 116.2964 269.3861
  12.000   1.0816   0.04718   0.02215  -0.0279   0.0576   0.8740 116.2964 269.3860
  12.000   1.0816   0.04718   0.02215  -0.0279   0.0576   0.8740 116.2964 269.3860
  12.000   1.0816   0.04718   0.02215  -0.0279   0.0576   0.8740 116.2964 269.3860
  13.000   1.0921   0.05542   0.02788  -0.0234   0.0444   0.9154 119.6044 274.5287
  13.000   1.0921   0.05542   0.02788  -0.0234   0.0444   0.9154 119.6044 274.5299
  13.000   1.0921   0.05542   0.02788  -0.0234   0.0444   0.9154 119.6044 274.5299
  13.000   1.0921   0.05542   0.02788  -0.0234   0.0444   0.9154 119.6044 274.5299
  13.000   1.0921   0.05542   0.02788  -0.0234   0.0444   0.9154 119.6044 274.5299
  14.000   1.1096   0.06390   0.03394  -0.0216   0.0390   1.0000 121.2075 300.0000
  14.000   1.1096   0.06390   0.03394  -0.0216   0.0390   1.0000 121.2075 300.0000
  14.000   1.1096   0.06390   0.03394  -0.0216   0.0390   1.0000 121.2075 300.0000
  14.000   1.1096   0.06390   0.03394  -0.0216   0.0390   1.0000 121.2075 300.0000
  14.000   1.1096   0.06390   0.03394  -0.0216   0.0390   1.0000 121.2075 300.0000
  15.000   1.1444   0.07246   0.03999  -0.0225   0.0351   1.0000 122.4917 300.0000
  15.000   1.1444   0.07246   0.03999  -0.0225   0.0351   1.0000 122.4918 300.0000
  15.000   1.1444   0.07246   0.03999  -0.0225   0.0351   1.0000 122.4918 300.0000
  15.000   1.1444   0.07246   0.03999  -0.0225   0.0351   1.0000 122.4918 300.0000
  15.000   1.1444   0.07246   0.03999  -0.0225   0.0351   1.0000 122.4918 300.0000
  16.000   1.1886   0.07927   0.04430  -0.0224   0.0324   1.0000 123.4579 300.0000
  16.000   1.1886   0.07927   0.04430  -0.0224   0.0324   1.0000 123.4578 300.0000
  16.000   1.1886   0.07927   0.04430  -0.0224   0.0324   1.0000 123.4578 300.0000
  16.000   1.1886   0.07927   0.04430  -0.0224   0.0324   1.0000 123.4578 300.0000
  16.000   1.1886   0.07927   0.04430  -0.0224   0.0324   1.0000 123.4578 300.0000
  17.000   1.2412   0.08480   0.04735  -0.0219   0.0302   1.0000 124.2818 300.0000
  17.000   1.2412   0.08480   0.04735  -0.0219   0.0302   1.0000 124.2819 300.0000
  17.000   1.2412   0.08480   0.04735  -0.0219   0.0302   1.0000 124.2819 300.0000
  17.000   1.2412   0.08480   0.04735  -0.0219   0.0302   1.0000 124.2819 300.0000
  17.000   1.2412   0.08480   0.04735  -0.0219   0.0302   1.0000 124.2819 300.0000
  18.000   1.3072   0.08856   0.04847  -0.0210   0.0284   1.0000 124.9903 300.0000
  18.000   1.3072   0.08855   0.04847  -0.0210   0.0284   1.0000 124.9900 300.0000
  18.000   1.3072   0.08855   0.04847  -0.0210   0.0284   1.0000 124.9899 300.0000
  18.000   1.3072   0.08855   0.04847  -0.0210   0.0284   1.0000 124.9899 300.0000
  18.000   1.3072   0.08855   0.04847  -0.0210   0.0284   1.0000 124.9899 300.0000
  19.000   1.3262   0.09902   0.05803  -0.0224   0.0273   1.0000 125.4572 300.0000
  19.000   1.3262   0.09902   0.05804  -0.0224   0.0273   1.0000 125.4572 300.0000
  19.000   1.3262   0.09902   0.05803  -0.0224   0.0273   1.0000 125.4572 300.0000
  19.000   1.3262   0.09902   0.05803  -0.0224   0.0273   1.0000 125.4572 300.0000
  19.000   1.3262   0.09902   0.05803  -0.0224   0.0273   1.0000 125.4572 300.0000
