xflr5 v6.61

 Calculated polar for: SD7037-092-88

 1 1 Reynolds number fixed          Mach number fixed         

 xtrf =   1.000 (top)        1.000 (bottom)
 Mach =   0.000     Re =     3.000 e 6     Ncrit =   9.000

  alpha     CL        CD       CDp       Cm    Top Xtr Bot Xtr   Cpmin    Chinge    XCp    
 ------- -------- --------- --------- -------- ------- ------- -------- --------- ---------
   0.000   0.3750   0.00559   0.00055  -0.0775  0.5323  0.1556  -0.6085   0.0000   0.0000   0.0000   0.4557
   0.100   0.3858   0.00556   0.00056  -0.0775  0.5226  0.1861  -0.6202   0.0000   0.0000   0.0000   0.4498
   0.200   0.3967   0.00556   0.00057  -0.0775  0.5131  0.2043  -0.6321   0.0000   0.0000   0.0000   0.4441
   0.300   0.4077   0.00550   0.00057  -0.0776  0.5029  0.2366  -0.6440   0.0000   0.0000   0.0000   0.4389
   0.400   0.4189   0.00545   0.00058  -0.0776  0.4965  0.2674  -0.6561   0.0000   0.0000   0.0000   0.4338
   0.500   0.4299   0.00527   0.00058  -0.0777  0.4946  0.3340  -0.6681   0.0000   0.0000   0.0000   0.4292
   0.600   0.4407   0.00506   0.00060  -0.0778  0.4916  0.4274  -0.6814   0.0000   0.0000   0.0000   0.4249
   0.700   0.4514   0.00491   0.00062  -0.0778  0.4860  0.5002  -0.6952   0.0000   0.0000   0.0000   0.4207
   0.800   0.4620   0.00487   0.00065  -0.0778  0.4766  0.5417  -0.7090   0.0000   0.0000   0.0000   0.4165
   0.900   0.4728   0.00492   0.00067  -0.0777  0.4644  0.5606  -0.7229   0.0000   0.0000   0.0000   0.4125
   1.000   0.4834   0.00486   0.00070  -0.0777  0.4502  0.6068  -0.7368   0.0000   0.0000   0.0000   0.4088
   1.100   0.4943   0.00477   0.00072  -0.0777  0.4457  0.6571  -0.7509   0.0000   0.0000   0.0000   0.4051
   1.200   0.5052   0.00470   0.00075  -0.0776  0.4429  0.6987  -0.7651   0.0000   0.0000   0.0000   0.4016
   1.300   0.5163   0.00469   0.00077  -0.0776  0.4390  0.7176  -0.7795   0.0000   0.0000   0.0000   0.3982
   1.400   0.5269   0.00466   0.00080  -0.0775  0.4330  0.7502  -0.7936   0.0000   0.0000   0.0000   0.3949
   1.500   0.5376   0.00468   0.00083  -0.0774  0.4255  0.7715  -0.8081   0.0000   0.0000   0.0000   0.3918
   1.600   0.5481   0.00469   0.00086  -0.0773  0.4168  0.7972  -0.8245   0.0000   0.0000   0.0000   0.3887
   1.700   0.5589   0.00472   0.00089  -0.0772  0.4068  0.8113  -0.8414   0.0000   0.0000   0.0000   0.3858
   1.800   0.5696   0.00470   0.00091  -0.0771  0.3985  0.8319  -0.8582   0.0000   0.0000   0.0000   0.3829
   1.900   0.5806   0.00470   0.00093  -0.0771  0.3967  0.8441  -0.8754   0.0000   0.0000   0.0000   0.3802
   2.000   0.5916   0.00471   0.00095  -0.0770  0.3939  0.8559  -0.8925   0.0000   0.0000   0.0000   0.3775
   2.100   0.6018   0.00470   0.00098  -0.0768  0.3884  0.8769  -0.9092   0.0000   0.0000   0.0000   0.3749
   2.200   0.6118   0.00475   0.00102  -0.0766  0.3786  0.8947  -0.9256   0.0000   0.0000   0.0000   0.3723
   2.300   0.6211   0.00481   0.00106  -0.0762  0.3661  0.9164  -0.9416   0.0000   0.0000   0.0000   0.3697
   2.400   0.6302   0.00482   0.00110  -0.0757  0.3529  0.9376  -0.9574   0.0000   0.0000   0.0000   0.3671
   2.500   0.6399   0.00481   0.00111  -0.0753  0.3495  0.9576  -0.9743   0.0000   0.0000   0.0000   0.3646
   2.600   0.6528   0.00482   0.00113  -0.0757  0.3466  0.9780  -0.9971   0.0000   0.0000   0.0000   0.3628
   2.700   0.6688   0.00489   0.00116  -0.0768  0.3366  1.0000  -1.0229   0.0000   0.0000   0.0000   0.3616
   2.800   0.6789   0.00505   0.00121  -0.0767  0.3191  1.0000  -1.0430   0.0000   0.0000   0.0000   0.3596
   2.900   0.6896   0.00514   0.00125  -0.0766  0.3020  1.0000  -1.0637   0.0000   0.0000   0.0000   0.3577
   3.000   0.6990   0.00538   0.00133  -0.0764  0.2746  1.0000  -1.0831   0.0000   0.0000   0.0000   0.3558
   3.100   0.7045   0.00613   0.00162  -0.0756  0.1720  1.0000  -1.0977   0.0000   0.0000   0.0000   0.3538
   3.200   0.7105   0.00684   0.00192  -0.0750  0.0914  1.0000  -1.1132   0.0000   0.0000   0.0000   0.3519
   3.300   0.7199   0.00712   0.00206  -0.0747  0.0626  1.0000  -1.1352   0.0000   0.0000   0.0000   0.3501
   3.400   0.7295   0.00736   0.00219  -0.0745  0.0420  1.0000  -1.1424   0.0000   0.0000   0.0000   0.3483
   3.500   0.7401   0.00747   0.00226  -0.0744  0.0350  1.0000  -1.1638   0.0000   0.0000   0.0000   0.3467
   3.600   0.7507   0.00758   0.00233  -0.0743  0.0304  1.0000  -1.1843   0.0000   0.0000   0.0000   0.3451
   3.700   0.7615   0.00765   0.00238  -0.0743  0.0268  1.0000  -1.2076   0.0000   0.0000   0.0000   0.3435
   3.800   0.7724   0.00770   0.00242  -0.0743  0.0244  1.0000  -1.2328   0.0000   0.0000   0.0000   0.3421
   3.900   0.7834   0.00776   0.00247  -0.0743  0.0237  1.0000  -1.2587   0.0000   0.0000   0.0000   0.3406
   4.000   0.7943   0.00782   0.00251  -0.0743  0.0233  1.0000  -1.2849   0.0000   0.0000   0.0000   0.3392
   4.100   0.8052   0.00787   0.00255  -0.0742  0.0232  1.0000  -1.3114   0.0000   0.0000   0.0000   0.3378
   4.200   0.8161   0.00793   0.00260  -0.0742  0.0230  1.0000  -1.3428   0.0000   0.0000   0.0000   0.3365
   4.300   0.8270   0.00798   0.00264  -0.0742  0.0228  1.0000  -1.3758   0.0000   0.0000   0.0000   0.3351
   4.400   0.8369   0.00819   0.00278  -0.0740  0.0122  1.0000  -1.3957   0.0000   0.0000   0.0000   0.3338
   4.500   0.8477   0.00825   0.00283  -0.0740  0.0120  1.0000  -1.4249   0.0000   0.0000   0.0000   0.3325
   4.600   0.8586   0.00831   0.00289  -0.0740  0.0117  1.0000  -1.4583   0.0000   0.0000   0.0000   0.3313
   4.700   0.8694   0.00838   0.00294  -0.0739  0.0115  1.0000  -1.4919   0.0000   0.0000   0.0000   0.3301
   4.800   0.8802   0.00844   0.00299  -0.0739  0.0112  1.0000  -1.5257   0.0000   0.0000   0.0000   0.3289
   4.900   0.8909   0.00851   0.00305  -0.0739  0.0110  1.0000  -1.5598   0.0000   0.0000   0.0000   0.3277
   5.000   0.9017   0.00858   0.00311  -0.0738  0.0107  1.0000  -1.5938   0.0000   0.0000   0.0000   0.3266
   5.100   0.9124   0.00865   0.00317  -0.0738  0.0105  1.0000  -1.6297   0.0000   0.0000   0.0000   0.3255
   5.200   0.9231   0.00872   0.00323  -0.0737  0.0102  1.0000  -1.6733   0.0000   0.0000   0.0000   0.3244
   5.300   0.9338   0.00879   0.00329  -0.0737  0.0099  1.0000  -1.7170   0.0000   0.0000   0.0000   0.3233
   5.400   0.9445   0.00887   0.00335  -0.0736  0.0096  1.0000  -1.7608   0.0000   0.0000   0.0000   0.3223
   5.500   0.9552   0.00894   0.00341  -0.0736  0.0093  1.0000  -1.8048   0.0000   0.0000   0.0000   0.3213
   5.600   0.9659   0.00902   0.00348  -0.0736  0.0090  1.0000  -1.8492   0.0000   0.0000   0.0000   0.3203
   5.700   0.9765   0.00909   0.00354  -0.0735  0.0087  1.0000  -1.8938   0.0000   0.0000   0.0000   0.3193
   5.800   0.9872   0.00916   0.00360  -0.0735  0.0083  1.0000  -1.9733   0.0000   0.0000   0.0000   0.3183
   5.900   0.9978   0.00924   0.00366  -0.0734  0.0080  1.0000  -2.0708   0.0000   0.0000   0.0000   0.3173
   6.000   1.0085   0.00931   0.00373  -0.0734  0.0075  1.0000  -2.1698   0.0000   0.0000   0.0000   0.3164
   6.100   1.0191   0.00938   0.00379  -0.0733  0.0070  1.0000  -2.2700   0.0000   0.0000   0.0000   0.3155
   6.200   1.0297   0.00946   0.00385  -0.0733  0.0065  1.0000  -2.3713   0.0000   0.0000   0.0000   0.3146
   6.300   1.0403   0.00953   0.00392  -0.0732  0.0060  1.0000  -2.4737   0.0000   0.0000   0.0000   0.3137
   6.400   1.0509   0.00961   0.00398  -0.0732  0.0053  1.0000  -2.5763   0.0000   0.0000   0.0000   0.3128
   6.700   1.0829   0.00978   0.00430  -0.0731  0.0098  1.0000  -2.9255   0.0000   0.0000   0.0000   0.3103
   6.800   1.0965   0.00947   0.00412  -0.0735  0.0240  1.0000  -3.0656   0.0000   0.0000   0.0000   0.3097
   6.900   1.1075   0.00949   0.00417  -0.0735  0.0286  1.0000  -3.1848   0.0000   0.0000   0.0000   0.3089
   7.000   1.1184   0.00952   0.00422  -0.0735  0.0310  1.0000  -3.3042   0.0000   0.0000   0.0000   0.3082
   7.100   1.1290   0.00959   0.00429  -0.0734  0.0310  1.0000  -3.4222   0.0000   0.0000   0.0000   0.3074
   7.200   1.1393   0.00969   0.00438  -0.0733  0.0295  1.0000  -3.5396   0.0000   0.0000   0.0000   0.3066
   7.300   1.1495   0.00979   0.00448  -0.0732  0.0266  1.0000  -3.6578   0.0000   0.0000   0.0000   0.3058
   7.400   1.1598   0.00989   0.00456  -0.0732  0.0243  1.0000  -3.7779   0.0000   0.0000   0.0000   0.3050
   7.500   1.1701   0.00999   0.00466  -0.0731  0.0235  1.0000  -3.8990   0.0000   0.0000   0.0000   0.3043
   7.600   1.1801   0.01011   0.00477  -0.0729  0.0218  1.0000  -4.0195   0.0000   0.0000   0.0000   0.3035
   7.700   1.1880   0.01049   0.00506  -0.0725  0.0116  1.0000  -4.1261   0.0000   0.0000   0.0000   0.3026
   7.800   1.1977   0.01066   0.00521  -0.0723  0.0099  1.0000  -4.2449   0.0000   0.0000   0.0000   0.3018
  12.800   1.2720   0.05405   0.05177  -0.0276  0.0040  1.0000  -6.0974   0.0000   0.0000   0.0000   0.2559
  12.900   1.2648   0.05586   0.05363  -0.0279  0.0040  1.0000  -6.0881   0.0000   0.0000   0.0000   0.2561
  13.000   1.2584   0.05765   0.05548  -0.0282  0.0040  1.0000  -6.0825   0.0000   0.0000   0.0000   0.2562
  13.100   1.2513   0.05965   0.05753  -0.0288  0.0040  1.0000  -6.0708   0.0000   0.0000   0.0000   0.2566
  13.200   1.2447   0.06174   0.05967  -0.0294  0.0040  1.0000  -6.0598   0.0000   0.0000   0.0000   0.2571
  13.300   1.2384   0.06389   0.06187  -0.0302  0.0040  1.0000  -6.0495   0.0000   0.0000   0.0000   0.2576
  13.400   1.2309   0.06630   0.06433  -0.0313  0.0040  1.0000  -6.0295   0.0000   0.0000   0.0000   0.2585
  13.500   1.2246   0.06864   0.06672  -0.0323  0.0040  1.0000  -6.0155   0.0000   0.0000   0.0000   0.2592
  13.600   1.2171   0.07125   0.06939  -0.0336  0.0040  1.0000  -5.9913   0.0000   0.0000   0.0000   0.2603
  13.700   1.2103   0.07387   0.07206  -0.0350  0.0040  1.0000  -5.9696   0.0000   0.0000   0.0000   0.2614
  13.800   1.2037   0.07653   0.07477  -0.0364  0.0040  1.0000  -5.9477   0.0000   0.0000   0.0000   0.2626
  13.900   1.1958   0.07955   0.07783  -0.0382  0.0040  1.0000  -5.9137   0.0000   0.0000   0.0000   0.2641
  14.000   1.1893   0.08236   0.08069  -0.0398  0.0040  1.0000  -5.8879   0.0000   0.0000   0.0000   0.2654
  14.100   1.1814   0.08556   0.08394  -0.0419  0.0040  1.0000  -5.8488   0.0000   0.0000   0.0000   0.2672
  14.200   1.1744   0.08867   0.08709  -0.0438  0.0040  1.0000  -5.8137   0.0000   0.0000   0.0000   0.2689
  14.300   1.1677   0.09174   0.09021  -0.0457  0.0040  1.0000  -5.7791   0.0000   0.0000   0.0000   0.2706
  14.400   1.1594   0.09533   0.09385  -0.0481  0.0040  1.0000  -5.7273   0.0000   0.0000   0.0000   0.2728
  14.500   1.1528   0.09854   0.09710  -0.0501  0.0040  1.0000  -5.6876   0.0000   0.0000   0.0000   0.2746
  14.600   1.1447   0.10223   0.10083  -0.0526  0.0040  1.0000  -5.6310   0.0000   0.0000   0.0000   0.2770
  14.700   1.1374   0.10575   0.10439  -0.0550  0.0040  1.0000  -5.5793   0.0000   0.0000   0.0000   0.2792
  14.800   1.1308   0.10913   0.10782  -0.0572  0.0040  1.0000  -5.5306   0.0000   0.0000   0.0000   0.2813
  14.900   1.1221   0.11324   0.11197  -0.0600  0.0040  1.0000  -5.4561   0.0000   0.0000   0.0000   0.2841
  15.000   1.1155   0.11677   0.11554  -0.0623  0.0040  1.0000  -5.3995   0.0000   0.0000   0.0000   0.2864
  15.100   1.1072   0.12088   0.11969  -0.0651  0.0040  1.0000  -5.3207   0.0000   0.0000   0.0000   0.2893
  15.200   1.1000   0.12476   0.12360  -0.0677  0.0040  1.0000  -5.2481   0.0000   0.0000   0.0000   0.2919
  15.300   1.0934   0.12833   0.12721  -0.0700  0.0040  1.0000  -5.1803   0.0000   0.0000   0.0000   0.2944
  15.400   1.0845   0.13246   0.13138  -0.0731  0.0040  1.0000  -5.0770   0.0000   0.0000   0.0000   0.2977
  15.500   1.0780   0.13588   0.13483  -0.0754  0.0040  1.0000  -4.9994   0.0000   0.0000   0.0000   0.3002
  15.600   1.0693   0.14024   0.13922  -0.0784  0.0040  1.0000  -4.8858   0.0000   0.0000   0.0000   0.3035
  15.700   1.0624   0.14426   0.14327  -0.0809  0.0040  1.0000  -4.7872   0.0000   0.0000   0.0000   0.3064
  15.800   1.0553   0.14847   0.14751  -0.0835  0.0040  1.0000  -4.6800   0.0000   0.0000   0.0000   0.3094
  15.900   1.0467   0.15349   0.15257  -0.0865  0.0040  1.0000  -4.5377   0.0000   0.0000   0.0000   0.3129
  16.000   1.0404   0.15777   0.15686  -0.0889  0.0040  1.0000  -4.4254   0.0000   0.0000   0.0000   0.3158
  16.100   1.0313   0.16342   0.16254  -0.0919  0.0040  1.0000  -4.2499   0.0000   0.0000   0.0000   0.3195


