xflr5 v6.61

 Calculated polar for: SD7037-092-88

 1 1 Reynolds number fixed          Mach number fixed         

 xtrf =   1.000 (top)        1.000 (bottom)
 Mach =   0.000     Re =     0.040 e 6     Ncrit =   9.000

  alpha     CL        CD       CDp       Cm    Top Xtr Bot Xtr   Cpmin    Chinge    XCp    
 ------- -------- --------- --------- -------- ------- ------- -------- --------- ---------
   0.000   0.0649   0.02288   0.01231  -0.0380  1.0000  1.0000  -0.9425   0.0000   0.0000   0.0000   0.8361
   0.100   0.0725   0.02313   0.01248  -0.0380  1.0000  1.0000  -0.9035   0.0000   0.0000   0.0000   0.7739
   0.200   0.0801   0.02339   0.01266  -0.0380  1.0000  1.0000  -0.8649   0.0000   0.0000   0.0000   0.7241
   0.300   0.0875   0.02366   0.01286  -0.0380  1.0000  1.0000  -0.8270   0.0000   0.0000   0.0000   0.6834
   0.400   0.0949   0.02394   0.01308  -0.0381  1.0000  1.0000  -0.7895   0.0000   0.0000   0.0000   0.6495
   0.500   0.1022   0.02423   0.01331  -0.0381  1.0000  1.0000  -0.7526   0.0000   0.0000   0.0000   0.6208
   0.600   0.1095   0.02454   0.01356  -0.0381  1.0000  1.0000  -0.7161   0.0000   0.0000   0.0000   0.5963
   0.700   0.1166   0.02485   0.01382  -0.0382  1.0000  1.0000  -0.6801   0.0000   0.0000   0.0000   0.5751
   0.800   0.1237   0.02517   0.01409  -0.0382  1.0000  1.0000  -0.6445   0.0000   0.0000   0.0000   0.5566
   0.900   0.1307   0.02551   0.01438  -0.0383  1.0000  1.0000  -0.6093   0.0000   0.0000   0.0000   0.5403
   1.000   0.1377   0.02586   0.01469  -0.0383  1.0000  1.0000  -0.5743   0.0000   0.0000   0.0000   0.5259
   1.100   0.1445   0.02621   0.01501  -0.0384  1.0000  1.0000  -0.5395   0.0000   0.0000   0.0000   0.5131
   1.200   0.1513   0.02659   0.01534  -0.0385  1.0000  1.0000  -0.5045   0.0000   0.0000   0.0000   0.5016
   1.300   0.1580   0.02697   0.01569  -0.0386  1.0000  1.0000  -0.4743   0.0000   0.0000   0.0000   0.4913
   1.400   0.1646   0.02737   0.01606  -0.0387  1.0000  1.0000  -0.4804   0.0000   0.0000   0.0000   0.4819
   1.500   0.1726   0.02780   0.01648  -0.0390  0.9992  1.0000  -0.4872   0.0000   0.0000   0.0000   0.4730
   1.600   0.1971   0.02858   0.01721  -0.0423  0.9905  1.0000  -0.5052   0.0000   0.0000   0.0000   0.4620
   1.700   0.2200   0.02932   0.01788  -0.0453  0.9814  1.0000  -0.5224   0.0000   0.0000   0.0000   0.4532
   1.800   0.2465   0.03016   0.01866  -0.0488  0.9726  1.0000  -0.5437   0.0000   0.0000   0.0000   0.4452
   1.900   0.2634   0.03068   0.01915  -0.0507  0.9626  1.0000  -0.5591   0.0000   0.0000   0.0000   0.4395
   2.000   0.2880   0.03141   0.01985  -0.0537  0.9536  1.0000  -0.5808   0.0000   0.0000   0.0000   0.4336
   2.100   0.3050   0.03198   0.02038  -0.0555  0.9450  1.0000  -0.5965   0.0000   0.0000   0.0000   0.4289
   2.200   0.3197   0.03246   0.02085  -0.0568  0.9361  1.0000  -0.6105   0.0000   0.0000   0.0000   0.4246
   2.300   0.3440   0.03316   0.02152  -0.0596  0.9281  1.0000  -0.6324   0.0000   0.0000   0.0000   0.4203
   2.400   0.3601   0.03370   0.02205  -0.0611  0.9196  1.0000  -0.6478   0.0000   0.0000   0.0000   0.4166
   2.500   0.3713   0.03407   0.02243  -0.0617  0.9096  1.0000  -0.6592   0.0000   0.0000   0.0000   0.4130
   2.600   0.3954   0.03463   0.02298  -0.0643  0.9003  1.0000  -0.6819   0.0000   0.0000   0.0000   0.4094
   2.700   0.4199   0.03523   0.02359  -0.0668  0.8916  1.0000  -0.7082   0.0000   0.0000   0.0000   0.4059
   2.800   0.4237   0.03549   0.02385  -0.0662  0.8810  1.0000  -0.7156   0.0000   0.0000   0.0000   0.4029
   2.900   0.4419   0.03589   0.02426  -0.0676  0.8712  1.0000  -0.7365   0.0000   0.0000   0.0000   0.3997
   3.000   0.4710   0.03638   0.02478  -0.0706  0.8631  1.0000  -0.7678   0.0000   0.0000   0.0000   0.3966
   3.100   0.4808   0.03684   0.02524  -0.0709  0.8549  1.0000  -0.7809   0.0000   0.0000   0.0000   0.3940
   3.200   0.4844   0.03720   0.02562  -0.0703  0.8452  1.0000  -0.7879   0.0000   0.0000   0.0000   0.3915
   3.300   0.5009   0.03754   0.02599  -0.0713  0.8357  1.0000  -0.8075   0.0000   0.0000   0.0000   0.3888
   3.400   0.5301   0.03780   0.02629  -0.0739  0.8271  1.0000  -0.8402   0.0000   0.0000   0.0000   0.3858
   3.500   0.5470   0.03819   0.02671  -0.0749  0.8184  1.0000  -0.8610   0.0000   0.0000   0.0000   0.3832
   3.600   0.5456   0.03860   0.02713  -0.0735  0.8075  1.0000  -0.8647   0.0000   0.0000   0.0000   0.3810
   3.700   0.5611   0.03882   0.02739  -0.0742  0.7972  1.0000  -0.8877   0.0000   0.0000   0.0000   0.3784
   3.800   0.5897   0.03882   0.02746  -0.0762  0.7884  1.0000  -0.9265   0.0000   0.0000   0.0000   0.3754
   3.900   0.6247   0.03880   0.02752  -0.0790  0.7813  1.0000  -0.9732   0.0000   0.0000   0.0000   0.3725
   4.000   0.6091   0.03970   0.02840  -0.0763  0.7708  1.0000  -0.9592   0.0000   0.0000   0.0000   0.3712
   4.100   0.6149   0.04014   0.02886  -0.0758  0.7608  1.0000  -0.9709   0.0000   0.0000   0.0000   0.3692
   4.200   0.6351   0.04016   0.02895  -0.0767  0.7514  1.0000  -1.0007   0.0000   0.0000   0.0000   0.3666
   4.300   0.6700   0.03966   0.02871  -0.0788  0.7439  1.0000  -1.0493   0.0000   0.0000   0.0000   0.3634
   4.400   0.6930   0.03959   0.02870  -0.0797  0.7357  1.0000  -1.0837   0.0000   0.0000   0.0000   0.3607
   4.500   0.6773   0.04079   0.02987  -0.0772  0.7241  1.0000  -1.0681   0.0000   0.0000   0.0000   0.3597
   4.600   0.6879   0.04099   0.03010  -0.0770  0.7134  1.0000  -1.0888   0.0000   0.0000   0.0000   0.3575
   4.700   0.7169   0.04039   0.02959  -0.0781  0.7043  1.0000  -1.1402   0.0000   0.0000   0.0000   0.3545
   4.800   0.7501   0.03952   0.02881  -0.0792  0.6974  1.0000  -1.1992   0.0000   0.0000   0.0000   0.3510
   4.900   0.7658   0.03964   0.02897  -0.0792  0.6896  1.0000  -1.2310   0.0000   0.0000   0.0000   0.3488
   5.000   0.7502   0.04132   0.03065  -0.0775  0.6778  1.0000  -1.2119   0.0000   0.0000   0.0000   0.3486
   5.100   0.7592   0.04160   0.03097  -0.0770  0.6674  1.0000  -1.2330   0.0000   0.0000   0.0000   0.3467
   5.200   0.7858   0.04073   0.03018  -0.0772  0.6582  1.0000  -1.2935   0.0000   0.0000   0.0000   0.3434
   5.300   0.8218   0.03918   0.02872  -0.0775  0.6499  1.0000  -1.3739   0.0000   0.0000   0.0000   0.3394
   5.400   0.8333   0.03939   0.02896  -0.0769  0.6406  1.0000  -1.4062   0.0000   0.0000   0.0000   0.3373
   5.500   0.8222   0.04099   0.03058  -0.0756  0.6287  1.0000  -1.3931   0.0000   0.0000   0.0000   0.3369
   5.600   0.8340   0.04100   0.03064  -0.0751  0.6180  1.0000  -1.4259   0.0000   0.0000   0.0000   0.3348
   5.700   0.8568   0.04026   0.02997  -0.0749  0.6090  1.0000  -1.4814   0.0000   0.0000   0.0000   0.3321
   5.800   0.8887   0.03891   0.02867  -0.0748  0.6008  1.0000  -1.5563   0.0000   0.0000   0.0000   0.3288
   5.900   0.8969   0.03946   0.02925  -0.0741  0.5916  1.0000  -1.5819   0.0000   0.0000   0.0000   0.3272
   6.000   0.8873   0.04115   0.03100  -0.0731  0.5808  1.0000  -1.5697   0.0000   0.0000   0.0000   0.3269
   6.100   0.8968   0.04131   0.03121  -0.0724  0.5697  1.0000  -1.6047   0.0000   0.0000   0.0000   0.3251
   6.200   0.9232   0.03995   0.02989  -0.0717  0.5583  1.0000  -1.7185   0.0000   0.0000   0.0000   0.3219
   6.300   0.9603   0.03820   0.02808  -0.0713  0.5469  1.0000  -1.8733   0.0000   0.0000   0.0000   0.3184
   6.400   0.9502   0.03992   0.02991  -0.0703  0.5377  1.0000  -1.8565   0.0000   0.0000   0.0000   0.3180
   6.500   0.9490   0.04105   0.03112  -0.0694  0.5274  1.0000  -1.8719   0.0000   0.0000   0.0000   0.3171
   6.600   0.9586   0.04134   0.03146  -0.0688  0.5174  1.0000  -1.9261   0.0000   0.0000   0.0000   0.3156
   6.700   0.9804   0.04054   0.03067  -0.0682  0.5071  1.0000  -2.0283   0.0000   0.0000   0.0000   0.3133
   6.800   1.0067   0.03990   0.02993  -0.0677  0.4959  1.0000  -2.1495   0.0000   0.0000   0.0000   0.3109
   6.900   0.9998   0.04146   0.03164  -0.0668  0.4877  1.0000  -2.1419   0.0000   0.0000   0.0000   0.3104
   7.000   0.9993   0.04252   0.03280  -0.0660  0.4777  1.0000  -2.1600   0.0000   0.0000   0.0000   0.3095
   7.100   1.0110   0.04237   0.03268  -0.0650  0.4659  1.0000  -2.2284   0.0000   0.0000   0.0000   0.3077
   7.200   1.0417   0.04071   0.03087  -0.0642  0.4519  1.0000  -2.3767   0.0000   0.0000   0.0000   0.3048
   7.300   1.0474   0.04173   0.03192  -0.0636  0.4431  1.0000  -2.4187   0.0000   0.0000   0.0000   0.3038
   7.400   1.0439   0.04318   0.03354  -0.0628  0.4357  1.0000  -2.4223   0.0000   0.0000   0.0000   0.3031
   7.500   1.0446   0.04436   0.03482  -0.0621  0.4275  1.0000  -2.4428   0.0000   0.0000   0.0000   0.3023
   7.600   1.0512   0.04498   0.03550  -0.0614  0.4186  1.0000  -2.4888   0.0000   0.0000   0.0000   0.3012
   7.700   1.0848   0.04357   0.03476  -0.0605  0.4008  1.0000  -2.8218   0.0000   0.0000   0.0000   0.2984
   7.800   1.0839   0.04500   0.03631  -0.0597  0.3936  1.0000  -2.8507   0.0000   0.0000   0.0000   0.2976
   7.900   1.0801   0.04636   0.03783  -0.0588  0.3863  1.0000  -2.8613   0.0000   0.0000   0.0000   0.2968
   8.000   1.0825   0.04714   0.03872  -0.0578  0.3765  1.0000  -2.9149   0.0000   0.0000   0.0000   0.2957
   8.100   1.0991   0.04645   0.03802  -0.0568  0.3633  1.0000  -3.0664   0.0000   0.0000   0.0000   0.2939
   8.200   1.1229   0.04686   0.03819  -0.0566  0.3508  1.0000  -3.2516   0.0000   0.0000   0.0000   0.2924
   8.300   1.1187   0.04832   0.03988  -0.0557  0.3467  1.0000  -3.2532   0.0000   0.0000   0.0000   0.2917
   8.400   1.1139   0.05001   0.04176  -0.0549  0.3421  1.0000  -3.2502   0.0000   0.0000   0.0000   0.2911
   8.500   1.1092   0.05176   0.04365  -0.0541  0.3373  1.0000  -3.2487   0.0000   0.0000   0.0000   0.2905
   8.600   1.1065   0.05334   0.04535  -0.0534  0.3318  1.0000  -3.2602   0.0000   0.0000   0.0000   0.2899
   8.700   1.1144   0.05380   0.04586  -0.0525  0.3228  1.0000  -3.3439   0.0000   0.0000   0.0000   0.2887
   8.800   1.1514   0.05223   0.04398  -0.0518  0.3032  1.0000  -3.6331   0.0000   0.0000   0.0000   0.2863
   8.900   1.1450   0.05372   0.04567  -0.0508  0.2992  1.0000  -3.6230   0.0000   0.0000   0.0000   0.2856
   9.000   1.1383   0.05540   0.04750  -0.0499  0.2950  1.0000  -3.6105   0.0000   0.0000   0.0000   0.2849
   9.100   1.1320   0.05711   0.04933  -0.0490  0.2906  1.0000  -3.6016   0.0000   0.0000   0.0000   0.2843
   9.200   1.1279   0.05867   0.05099  -0.0482  0.2857  1.0000  -3.6063   0.0000   0.0000   0.0000   0.2837
   9.300   1.1302   0.05982   0.05221  -0.0475  0.2798  1.0000  -3.6492   0.0000   0.0000   0.0000   0.2829
   9.400   1.1734   0.05846   0.05065  -0.0471  0.2635  1.0000  -3.9572   0.0000   0.0000   0.0000   0.2807
   9.500   1.1696   0.06118   0.05341  -0.0466  0.2604  1.0000  -3.9532   0.0000   0.0000   0.0000   0.2803
   9.600   1.1605   0.06320   0.05557  -0.0457  0.2592  1.0000  -3.9207   0.0000   0.0000   0.0000   0.2798
   9.700   1.1500   0.06542   0.05791  -0.0450  0.2582  1.0000  -3.8794   0.0000   0.0000   0.0000   0.2795
   9.800   1.1381   0.06781   0.06040  -0.0444  0.2576  1.0000  -3.8299   0.0000   0.0000   0.0000   0.2793
   9.900   1.1249   0.07037   0.06302  -0.0440  0.2573  1.0000  -3.7725   0.0000   0.0000   0.0000   0.2793
  10.000   1.1105   0.07302   0.06571  -0.0437  0.2573  1.0000  -3.7084   0.0000   0.0000   0.0000   0.2794
  10.100   1.0954   0.07579   0.06849  -0.0434  0.2575  1.0000  -3.6391   0.0000   0.0000   0.0000   0.2797
  10.200   1.0799   0.07884   0.07153  -0.0436  0.2579  1.0000  -3.5643   0.0000   0.0000   0.0000   0.2804
  10.300   1.0645   0.08215   0.07483  -0.0443  0.2582  1.0000  -3.4849   0.0000   0.0000   0.0000   0.2815
  10.400   1.0494   0.08573   0.07838  -0.0453  0.2586  1.0000  -3.4025   0.0000   0.0000   0.0000   0.2830
  10.500   1.0349   0.08950   0.08212  -0.0466  0.2590  1.0000  -3.3195   0.0000   0.0000   0.0000   0.2848
  10.600   1.0216   0.09343   0.08602  -0.0482  0.2594  1.0000  -3.2383   0.0000   0.0000   0.0000   0.2869
  10.700   1.0097   0.09745   0.09002  -0.0500  0.2597  1.0000  -3.1612   0.0000   0.0000   0.0000   0.2892
  10.800   0.9993   0.10154   0.09408  -0.0519  0.2599  1.0000  -3.0897   0.0000   0.0000   0.0000   0.2915
  10.900   0.9907   0.10547   0.09798  -0.0537  0.2601  1.0000  -3.0284   0.0000   0.0000   0.0000   0.2937
  11.000   0.9837   0.10919   0.10169  -0.0552  0.2603  1.0000  -2.9777   0.0000   0.0000   0.0000   0.2956
  11.100   0.9782   0.11276   0.10525  -0.0566  0.2605  1.0000  -2.9370   0.0000   0.0000   0.0000   0.2973
  11.200   0.9741   0.11625   0.10873  -0.0579  0.2607  1.0000  -2.9046   0.0000   0.0000   0.0000   0.2988
  11.300   0.9704   0.11965   0.11213  -0.0591  0.2609  1.0000  -2.8753   0.0000   0.0000   0.0000   0.3002
  11.400   0.9668   0.12296   0.11544  -0.0603  0.2610  1.0000  -2.8468   0.0000   0.0000   0.0000   0.3016
  11.500   0.9631   0.12614   0.11862  -0.0615  0.2610  1.0000  -2.8177   0.0000   0.0000   0.0000   0.3030
  11.600   0.9590   0.12918   0.12166  -0.0627  0.2610  1.0000  -2.7876   0.0000   0.0000   0.0000   0.3045
  11.700   0.9547   0.13206   0.12453  -0.0639  0.2609  1.0000  -2.7563   0.0000   0.0000   0.0000   0.3060
  11.800   0.9502   0.13478   0.12724  -0.0651  0.2606  1.0000  -2.7243   0.0000   0.0000   0.0000   0.3075
  11.900   0.9456   0.13736   0.12981  -0.0664  0.2604  1.0000  -2.6922   0.0000   0.0000   0.0000   0.3091
  12.000   0.9411   0.13982   0.13225  -0.0676  0.2600  1.0000  -2.6605   0.0000   0.0000   0.0000   0.3107
  12.100   0.9367   0.14230   0.13473  -0.0688  0.2598  1.0000  -2.6301   0.0000   0.0000   0.0000   0.3122
  12.200   0.9330   0.14481   0.13723  -0.0700  0.2596  1.0000  -2.6028   0.0000   0.0000   0.0000   0.3136
  12.300   0.9306   0.14739   0.13981  -0.0710  0.2596  1.0000  -2.5833   0.0000   0.0000   0.0000   0.3149
  12.400   0.8895   0.17107   0.16321  -0.0911  0.3971  1.0000  -1.9875   0.0000   0.0000   0.0000   0.3414
  12.500   0.8811   0.17035   0.16182  -0.0915  0.3964  1.0000  -1.8985   0.0000   0.0000   0.0000   0.3426
  12.600   0.8681   0.16850   0.15994  -0.0917  0.3950  1.0000  -1.8530   0.0000   0.0000   0.0000   0.3443
  12.700   0.8537   0.16591   0.15730  -0.0918  0.3924  1.0000  -1.8034   0.0000   0.0000   0.0000   0.3461
  12.800   0.8424   0.16374   0.15510  -0.0920  0.3870  1.0000  -1.7658   0.0000   0.0000   0.0000   0.3476
  12.900   0.8392   0.16337   0.15473  -0.0922  0.3790  1.0000  -1.7618   0.0000   0.0000   0.0000   0.3480
  13.000   0.9208   0.18487   0.17736  -0.0898  0.3505  1.0000  -2.2248   0.0000   0.0000   0.0000   0.3359
  13.100   0.9142   0.18497   0.17744  -0.0905  0.3501  1.0000  -2.1964   0.0000   0.0000   0.0000   0.3372
  13.200   0.9058   0.18439   0.17682  -0.0911  0.3495  1.0000  -2.1614   0.0000   0.0000   0.0000   0.3388
  13.300   0.8953   0.18295   0.17534  -0.0918  0.3486  1.0000  -2.1190   0.0000   0.0000   0.0000   0.3405
  13.400   0.8823   0.18040   0.17273  -0.0924  0.3470  1.0000  -2.0670   0.0000   0.0000   0.0000   0.3425
  13.500   0.8684   0.17699   0.16925  -0.0929  0.3438  1.0000  -2.0121   0.0000   0.0000   0.0000   0.3446
  13.600   0.8606   0.17519   0.16742  -0.0934  0.3386  1.0000  -1.9815   0.0000   0.0000   0.0000   0.3460
  13.700   0.8590   0.17542   0.16766  -0.0939  0.3331  1.0000  -1.9780   0.0000   0.0000   0.0000   0.3466
  13.800   0.8607   0.17655   0.16882  -0.0942  0.3278  1.0000  -1.9888   0.0000   0.0000   0.0000   0.3467
  13.900   0.8648   0.17824   0.17055  -0.0944  0.3228  1.0000  -2.0100   0.0000   0.0000   0.0000   0.3462
  14.000   0.8719   0.18061   0.17298  -0.0944  0.3181  1.0000  -2.0433   0.0000   0.0000   0.0000   0.3452
  14.100   0.8844   0.18455   0.17701  -0.0941  0.3133  1.0000  -2.0976   0.0000   0.0000   0.0000   0.3433
  14.200   0.9367   0.20771   0.20042  -0.0929  0.3044  1.0000  -2.2724   0.0000   0.0000   0.0000   0.3363
  14.300   0.9289   0.20670   0.19937  -0.0938  0.3040  1.0000  -2.2378   0.0000   0.0000   0.0000   0.3379
  14.400   0.9206   0.20521   0.19785  -0.0947  0.3033  1.0000  -2.2017   0.0000   0.0000   0.0000   0.3396
  14.500   0.9116   0.20302   0.19561  -0.0956  0.3025  1.0000  -2.1642   0.0000   0.0000   0.0000   0.3415
  14.600   0.9018   0.20021   0.19276  -0.0964  0.3012  1.0000  -2.1258   0.0000   0.0000   0.0000   0.3433
  14.700   0.8922   0.19736   0.18987  -0.0972  0.2989  1.0000  -2.0867   0.0000   0.0000   0.0000   0.3452
  14.800   0.8848   0.19537   0.18786  -0.0982  0.2943  1.0000  -2.0542   0.0000   0.0000   0.0000   0.3470
  14.900   0.8829   0.19510   0.18758  -0.0987  0.2858  1.0000  -2.0437   0.0000   0.0000   0.0000   0.3477
  15.200   0.9351   0.21840   0.21113  -0.0959  0.2596  1.0000  -2.1724   0.0000   0.0000   0.0000   0.3384
  15.300   0.9273   0.21641   0.20909  -0.0971  0.2589  1.0000  -2.1371   0.0000   0.0000   0.0000   0.3403
  15.400   0.9182   0.21378   0.20642  -0.0981  0.2577  1.0000  -2.1002   0.0000   0.0000   0.0000   0.3423
  15.500   0.9091   0.21116   0.20376  -0.0993  0.2557  1.0000  -2.0620   0.0000   0.0000   0.0000   0.3446
  15.600   0.9028   0.20969   0.20227  -0.1006  0.2520  1.0000  -2.0289   0.0000   0.0000   0.0000   0.3465
  15.700   0.9007   0.20997   0.20254  -0.1014  0.2473  1.0000  -2.0068   0.0000   0.0000   0.0000   0.3476
  15.800   0.9014   0.21120   0.20378  -0.1020  0.2426  1.0000  -1.9924   0.0000   0.0000   0.0000   0.3480
  15.900   0.9039   0.21293   0.20552  -0.1024  0.2380  1.0000  -1.9828   0.0000   0.0000   0.0000   0.3480
  16.000   0.9084   0.21513   0.20776  -0.1024  0.2334  1.0000  -1.9781   0.0000   0.0000   0.0000   0.3473
  16.100   0.9174   0.21854   0.21121  -0.1018  0.2284  1.0000  -1.9816   0.0000   0.0000   0.0000   0.3455
  16.200   0.9494   0.23636   0.22910  -0.0994  0.2183  1.0000  -2.0042   0.0000   0.0000   0.0000   0.3393
  16.300   0.9428   0.23487   0.22759  -0.1006  0.2178  1.0000  -1.9718   0.0000   0.0000   0.0000   0.3411
  16.400   0.9360   0.23324   0.22593  -0.1018  0.2169  1.0000  -1.9389   0.0000   0.0000   0.0000   0.3430
  16.500   0.9292   0.23160   0.22426  -0.1031  0.2156  1.0000  -1.9052   0.0000   0.0000   0.0000   0.3450
  16.600   0.9231   0.23020   0.22283  -0.1045  0.2132  1.0000  -1.8717   0.0000   0.0000   0.0000   0.3471
  16.700   0.9190   0.22962   0.22223  -0.1057  0.2083  1.0000  -1.8421   0.0000   0.0000   0.0000   0.3488
  16.800   0.9202   0.23023   0.22285  -0.1060  0.1980  1.0000  -1.8309   0.0000   0.0000   0.0000   0.3488
  16.900   0.9736   0.25423   0.24702  -0.0996  0.1809  1.0000  -1.9476   0.0000   0.0000   0.0000   0.3359
  17.000   0.9714   0.25484   0.24762  -0.1007  0.1807  1.0000  -1.9211   0.0000   0.0000   0.0000   0.3372
  17.100   0.9684   0.25510   0.24786  -0.1019  0.1804  1.0000  -1.8936   0.0000   0.0000   0.0000   0.3386
  17.200   0.9644   0.25492   0.24766  -0.1031  0.1801  1.0000  -1.8648   0.0000   0.0000   0.0000   0.3402
  17.300   0.9591   0.25418   0.24690  -0.1043  0.1796  1.0000  -1.8345   0.0000   0.0000   0.0000   0.3418
  17.400   0.9534   0.25318   0.24588  -0.1055  0.1791  1.0000  -1.8029   0.0000   0.0000   0.0000   0.3436
  17.500   0.9473   0.25201   0.24469  -0.1069  0.1782  1.0000  -1.7698   0.0000   0.0000   0.0000   0.3456
  17.600   0.9416   0.25096   0.24362  -0.1083  0.1766  1.0000  -1.7363   0.0000   0.0000   0.0000   0.3476
  17.700   0.9377   0.25076   0.24341  -0.1097  0.1743  1.0000  -1.7068   0.0000   0.0000   0.0000   0.3494
  17.800   0.9362   0.25163   0.24427  -0.1108  0.1717  1.0000  -1.6845   0.0000   0.0000   0.0000   0.3506
  17.900   0.9361   0.25309   0.24573  -0.1116  0.1691  1.0000  -1.6673   0.0000   0.0000   0.0000   0.3513
  18.000   0.9367   0.25483   0.24748  -0.1123  0.1667  1.0000  -1.6534   0.0000   0.0000   0.0000   0.3518
  18.100   0.9378   0.25671   0.24937  -0.1128  0.1644  1.0000  -1.6419   0.0000   0.0000   0.0000   0.3521
  18.200   0.9392   0.25868   0.25134  -0.1133  0.1623  1.0000  -1.6326   0.0000   0.0000   0.0000   0.3523
  18.300   0.9409   0.26072   0.25340  -0.1137  0.1603  1.0000  -1.6252   0.0000   0.0000   0.0000   0.3524
  18.400   0.9429   0.26283   0.25552  -0.1141  0.1584  1.0000  -1.6200   0.0000   0.0000   0.0000   0.3524
  18.500   0.9453   0.26503   0.25774  -0.1143  0.1566  1.0000  -1.6173   0.0000   0.0000   0.0000   0.3522
  18.600   0.9482   0.26738   0.26011  -0.1145  0.1548  1.0000  -1.6175   0.0000   0.0000   0.0000   0.3519
  18.700   0.9519   0.26998   0.26272  -0.1145  0.1531  1.0000  -1.6214   0.0000   0.0000   0.0000   0.3513
  18.800   0.9567   0.27302   0.26580  -0.1144  0.1515  1.0000  -1.6307   0.0000   0.0000   0.0000   0.3504
  18.900   0.9638   0.27706   0.26987  -0.1140  0.1498  1.0000  -1.6486   0.0000   0.0000   0.0000   0.3490
  19.000   0.9777   0.28442   0.27728  -0.1131  0.1480  1.0000  -1.6883   0.0000   0.0000   0.0000   0.3463
  19.100   1.0064   0.30443   0.29732  -0.1117  0.1458  1.0000  -1.7567   0.0000   0.0000   0.0000   0.3417
  19.200   1.0045   0.30528   0.29816  -0.1127  0.1457  1.0000  -1.7371   0.0000   0.0000   0.0000   0.3428
  19.300   1.0019   0.30587   0.29874  -0.1137  0.1456  1.0000  -1.7159   0.0000   0.0000   0.0000   0.3439
  19.400   0.9986   0.30618   0.29905  -0.1146  0.1454  1.0000  -1.6934   0.0000   0.0000   0.0000   0.3450
  19.500   0.9939   0.30608   0.29894  -0.1155  0.1452  1.0000  -1.6683   0.0000   0.0000   0.0000   0.3463
  19.600   0.9890   0.30584   0.29871  -0.1163  0.1450  1.0000  -1.6424   0.0000   0.0000   0.0000   0.3476
  19.700   0.9837   0.30549   0.29835  -0.1172  0.1448  1.0000  -1.6157   0.0000   0.0000   0.0000   0.3489
  19.800   0.9781   0.30501   0.29787  -0.1181  0.1444  1.0000  -1.5878   0.0000   0.0000   0.0000   0.3503
  19.900   0.9722   0.30443   0.29729  -0.1189  0.1440  1.0000  -1.5587   0.0000   0.0000   0.0000   0.3518
  20.000   0.9660   0.30381   0.29668  -0.1198  0.1434  1.0000  -1.5285   0.0000   0.0000   0.0000   0.3534


