xflr5 v6.61

 Calculated polar for: SD7037-092-88

 1 1 Reynolds number fixed          Mach number fixed         

 xtrf =   1.000 (top)        1.000 (bottom)
 Mach =   0.000     Re =     0.300 e 6     Ncrit =   9.000

  alpha     CL        CD       CDp       Cm    Top Xtr Bot Xtr   Cpmin    Chinge    XCp    
 ------- -------- --------- --------- -------- ------- ------- -------- --------- ---------
   0.000   0.3833   0.00704   0.00268  -0.0807  0.8228  1.0000  -0.6119   0.0000   0.0000   0.0000   0.4596
   0.100   0.3931   0.00705   0.00267  -0.0804  0.8173  1.0000  -0.6230   0.0000   0.0000   0.0000   0.4535
   0.200   0.4031   0.00705   0.00265  -0.0801  0.8107  1.0000  -0.6343   0.0000   0.0000   0.0000   0.4477
   0.300   0.4134   0.00705   0.00261  -0.0799  0.8037  1.0000  -0.6458   0.0000   0.0000   0.0000   0.4420
   0.400   0.4238   0.00705   0.00255  -0.0796  0.7966  1.0000  -0.6575   0.0000   0.0000   0.0000   0.4365
   0.500   0.4343   0.00705   0.00249  -0.0793  0.7894  1.0000  -0.6694   0.0000   0.0000   0.0000   0.4313
   0.600   0.4451   0.00707   0.00243  -0.0791  0.7820  1.0000  -0.6824   0.0000   0.0000   0.0000   0.4263
   0.700   0.4553   0.00709   0.00244  -0.0789  0.7755  1.0000  -0.6958   0.0000   0.0000   0.0000   0.4217
   0.800   0.4656   0.00711   0.00243  -0.0787  0.7681  1.0000  -0.7094   0.0000   0.0000   0.0000   0.4173
   0.900   0.4761   0.00713   0.00241  -0.0785  0.7606  1.0000  -0.7231   0.0000   0.0000   0.0000   0.4131
   1.000   0.4866   0.00716   0.00238  -0.0782  0.7529  1.0000  -0.7370   0.0000   0.0000   0.0000   0.4090
   1.100   0.4971   0.00720   0.00234  -0.0780  0.7447  1.0000  -0.7509   0.0000   0.0000   0.0000   0.4050
   1.200   0.5077   0.00725   0.00234  -0.0778  0.7368  1.0000  -0.7648   0.0000   0.0000   0.0000   0.4013
   1.300   0.5181   0.00727   0.00235  -0.0776  0.7295  1.0000  -0.7787   0.0000   0.0000   0.0000   0.3978
   1.400   0.5285   0.00731   0.00235  -0.0774  0.7210  1.0000  -0.7926   0.0000   0.0000   0.0000   0.3944
   1.500   0.5389   0.00736   0.00235  -0.0772  0.7120  1.0000  -0.8066   0.0000   0.0000   0.0000   0.3911
   1.600   0.5492   0.00742   0.00233  -0.0769  0.7032  1.0000  -0.8225   0.0000   0.0000   0.0000   0.3878
   1.700   0.5596   0.00750   0.00233  -0.0767  0.6941  1.0000  -0.8390   0.0000   0.0000   0.0000   0.3847
   1.800   0.5703   0.00753   0.00236  -0.0766  0.6880  1.0000  -0.8556   0.0000   0.0000   0.0000   0.3819
   1.900   0.5808   0.00757   0.00239  -0.0765  0.6806  1.0000  -0.8723   0.0000   0.0000   0.0000   0.3791
   2.000   0.5913   0.00763   0.00241  -0.0763  0.6720  1.0000  -0.8890   0.0000   0.0000   0.0000   0.3764
   2.100   0.6016   0.00769   0.00242  -0.0761  0.6627  1.0000  -0.9057   0.0000   0.0000   0.0000   0.3738
   2.200   0.6117   0.00778   0.00243  -0.0758  0.6528  1.0000  -0.9223   0.0000   0.0000   0.0000   0.3712
   2.300   0.6221   0.00787   0.00246  -0.0756  0.6435  1.0000  -0.9391   0.0000   0.0000   0.0000   0.3687
   2.400   0.6326   0.00791   0.00249  -0.0755  0.6364  1.0000  -0.9561   0.0000   0.0000   0.0000   0.3664
   2.500   0.6431   0.00796   0.00253  -0.0753  0.6280  1.0000  -0.9731   0.0000   0.0000   0.0000   0.3641
   2.600   0.6535   0.00803   0.00256  -0.0751  0.6193  1.0000  -0.9932   0.0000   0.0000   0.0000   0.3619
   2.700   0.6637   0.00812   0.00258  -0.0749  0.6105  1.0000  -1.0132   0.0000   0.0000   0.0000   0.3597
   2.800   0.6738   0.00823   0.00262  -0.0747  0.6009  1.0000  -1.0332   0.0000   0.0000   0.0000   0.3576
   2.900   0.6843   0.00830   0.00267  -0.0746  0.5934  1.0000  -1.0536   0.0000   0.0000   0.0000   0.3556
   3.000   0.6949   0.00835   0.00271  -0.0744  0.5862  1.0000  -1.0743   0.0000   0.0000   0.0000   0.3537
   3.100   0.7053   0.00841   0.00275  -0.0743  0.5773  1.0000  -1.0948   0.0000   0.0000   0.0000   0.3518
   3.200   0.7156   0.00849   0.00284  -0.0741  0.5689  1.0000  -1.1156   0.0000   0.0000   0.0000   0.3500
   3.300   0.7255   0.00860   0.00287  -0.0738  0.5587  1.0000  -1.1360   0.0000   0.0000   0.0000   0.3481
   3.400   0.7354   0.00873   0.00293  -0.0736  0.5473  1.0000  -1.1562   0.0000   0.0000   0.0000   0.3463
   3.500   0.7460   0.00878   0.00298  -0.0735  0.5412  1.0000  -1.1773   0.0000   0.0000   0.0000   0.3447
   3.600   0.7566   0.00884   0.00303  -0.0734  0.5337  1.0000  -1.1984   0.0000   0.0000   0.0000   0.3431
   3.700   0.7669   0.00892   0.00309  -0.0732  0.5254  1.0000  -1.2194   0.0000   0.0000   0.0000   0.3415
   3.800   0.7770   0.00902   0.00314  -0.0730  0.5164  1.0000  -1.2436   0.0000   0.0000   0.0000   0.3399
   3.900   0.7868   0.00915   0.00319  -0.0728  0.5067  1.0000  -1.2687   0.0000   0.0000   0.0000   0.3383
   4.000   0.7967   0.00928   0.00326  -0.0726  0.4963  1.0000  -1.2939   0.0000   0.0000   0.0000   0.3368
   4.100   0.8074   0.00933   0.00333  -0.0725  0.4901  1.0000  -1.3203   0.0000   0.0000   0.0000   0.3354
   4.200   0.8177   0.00941   0.00339  -0.0723  0.4816  1.0000  -1.3465   0.0000   0.0000   0.0000   0.3340
   4.300   0.8277   0.00952   0.00346  -0.0721  0.4717  1.0000  -1.3780   0.0000   0.0000   0.0000   0.3326
   4.400   0.8373   0.00966   0.00352  -0.0719  0.4609  1.0000  -1.4092   0.0000   0.0000   0.0000   0.3312
   4.500   0.8468   0.00982   0.00360  -0.0716  0.4488  1.0000  -1.4402   0.0000   0.0000   0.0000   0.3298
   4.600   0.8573   0.00989   0.00368  -0.0715  0.4424  1.0000  -1.4732   0.0000   0.0000   0.0000   0.3285
   4.700   0.8677   0.00997   0.00376  -0.0714  0.4351  1.0000  -1.5061   0.0000   0.0000   0.0000   0.3273
   4.800   0.8777   0.01008   0.00384  -0.0712  0.4256  1.0000  -1.5387   0.0000   0.0000   0.0000   0.3260
   4.900   0.8871   0.01024   0.00391  -0.0709  0.4139  1.0000  -1.5705   0.0000   0.0000   0.0000   0.3248
   5.000   0.8961   0.01044   0.00401  -0.0706  0.3991  1.0000  -1.6016   0.0000   0.0000   0.0000   0.3235
   5.100   0.9064   0.01051   0.00409  -0.0705  0.3900  1.0000  -1.6354   0.0000   0.0000   0.0000   0.3223
   5.200   0.9159   0.01065   0.00417  -0.0702  0.3762  1.0000  -1.6681   0.0000   0.0000   0.0000   0.3212
   5.300   0.9244   0.01088   0.00426  -0.0698  0.3590  1.0000  -1.6991   0.0000   0.0000   0.0000   0.3199
   5.400   0.9338   0.01103   0.00435  -0.0696  0.3446  1.0000  -1.7320   0.0000   0.0000   0.0000   0.3188
   5.500   0.9432   0.01120   0.00445  -0.0693  0.3288  1.0000  -1.7649   0.0000   0.0000   0.0000   0.3177
   5.600   0.9513   0.01147   0.00457  -0.0689  0.3100  1.0000  -1.7959   0.0000   0.0000   0.0000   0.3165
   5.700   0.9609   0.01162   0.00467  -0.0687  0.2967  1.0000  -1.8542   0.0000   0.0000   0.0000   0.3155
   5.800   0.9701   0.01181   0.00478  -0.0685  0.2824  1.0000  -1.9128   0.0000   0.0000   0.0000   0.3145
   5.900   0.9786   0.01206   0.00492  -0.0682  0.2676  1.0000  -1.9696   0.0000   0.0000   0.0000   0.3134
   6.000   0.9882   0.01222   0.00504  -0.0680  0.2577  1.0000  -2.0303   0.0000   0.0000   0.0000   0.3124
   6.100   0.9982   0.01234   0.00516  -0.0678  0.2509  1.0000  -2.0931   0.0000   0.0000   0.0000   0.3115
   6.200   1.0079   0.01249   0.00528  -0.0676  0.2425  1.0000  -2.1862   0.0000   0.0000   0.0000   0.3105
   6.300   1.0170   0.01270   0.00542  -0.0674  0.2325  1.0000  -2.2778   0.0000   0.0000   0.0000   0.3096
   6.400   1.0257   0.01294   0.00558  -0.0671  0.2211  1.0000  -2.3688   0.0000   0.0000   0.0000   0.3086
   6.500   1.0356   0.01307   0.00571  -0.0669  0.2143  1.0000  -2.4664   0.0000   0.0000   0.0000   0.3077
   6.600   1.0451   0.01323   0.00584  -0.0667  0.2060  1.0000  -2.5638   0.0000   0.0000   0.0000   0.3068
   6.700   1.0542   0.01344   0.00599  -0.0665  0.1965  1.0000  -2.6602   0.0000   0.0000   0.0000   0.3059
   6.800   1.0629   0.01368   0.00616  -0.0662  0.1866  1.0000  -2.7554   0.0000   0.0000   0.0000   0.3050
   6.900   1.0759   0.01355   0.00669  -0.0663  0.2090  1.0000  -2.9282   0.0000   0.0000   0.0000   0.3042
   7.000   1.0861   0.01367   0.00691  -0.0661  0.2107  1.0000  -3.0432   0.0000   0.0000   0.0000   0.3033
   7.100   1.0958   0.01383   0.00710  -0.0659  0.2063  1.0000  -3.1533   0.0000   0.0000   0.0000   0.3025
   7.200   1.1048   0.01403   0.00729  -0.0656  0.1996  1.0000  -3.2604   0.0000   0.0000   0.0000   0.3016
   7.300   1.1132   0.01430   0.00750  -0.0652  0.1909  1.0000  -3.3639   0.0000   0.0000   0.0000   0.3007
   7.400   1.1214   0.01457   0.00773  -0.0649  0.1808  1.0000  -3.4669   0.0000   0.0000   0.0000   0.2998
   7.500   1.1313   0.01469   0.00788  -0.0647  0.1758  1.0000  -3.5813   0.0000   0.0000   0.0000   0.2991
   7.600   1.1405   0.01487   0.00805  -0.0645  0.1680  1.0000  -3.6924   0.0000   0.0000   0.0000   0.2983
   7.700   1.1487   0.01514   0.00824  -0.0642  0.1586  1.0000  -3.7991   0.0000   0.0000   0.0000   0.2975
   7.800   1.1563   0.01547   0.00850  -0.0637  0.1475  1.0000  -3.9018   0.0000   0.0000   0.0000   0.2966
   7.900   1.1657   0.01562   0.00868  -0.0635  0.1423  1.0000  -4.0170   0.0000   0.0000   0.0000   0.2958
   8.000   1.1749   0.01580   0.00886  -0.0633  0.1369  1.0000  -4.1313   0.0000   0.0000   0.0000   0.2951
   8.100   1.1836   0.01602   0.00906  -0.0630  0.1305  1.0000  -4.2433   0.0000   0.0000   0.0000   0.2943
   8.200   1.1916   0.01630   0.00928  -0.0627  0.1233  1.0000  -4.3525   0.0000   0.0000   0.0000   0.2935
   8.300   1.1993   0.01662   0.00956  -0.0622  0.1151  1.0000  -4.4589   0.0000   0.0000   0.0000   0.2927
   8.400   1.2085   0.01678   0.00975  -0.0620  0.1113  1.0000  -4.5760   0.0000   0.0000   0.0000   0.2920
   8.500   1.2174   0.01697   0.00996  -0.0617  0.1066  1.0000  -4.6921   0.0000   0.0000   0.0000   0.2912
   8.600   1.2257   0.01721   0.01018  -0.0614  0.1007  1.0000  -4.8047   0.0000   0.0000   0.0000   0.2905
   8.700   1.2333   0.01753   0.01042  -0.0610  0.0934  1.0000  -4.9127   0.0000   0.0000   0.0000   0.2897
   8.800   1.2408   0.01784   0.01069  -0.0606  0.0852  1.0000  -5.0189   0.0000   0.0000   0.0000   0.2889
   8.900   1.2495   0.01804   0.01089  -0.0603  0.0800  1.0000  -5.1306   0.0000   0.0000   0.0000   0.2882
   9.000   1.2564   0.01841   0.01117  -0.0598  0.0698  1.0000  -5.2232   0.0000   0.0000   0.0000   0.2875
   9.100   1.2542   0.01973   0.01202  -0.0583  0.0295  1.0000  -5.1799   0.0000   0.0000   0.0000   0.2862
   9.200   1.2518   0.02116   0.01335  -0.0561  0.0146  1.0000  -5.0377   0.0000   0.0000   0.0000   0.2844
   9.300   1.2543   0.02198   0.01435  -0.0548  0.0131  1.0000  -5.0147   0.0000   0.0000   0.0000   0.2831
   9.400   1.2563   0.02277   0.01528  -0.0534  0.0126  1.0000  -5.0186   0.0000   0.0000   0.0000   0.2818
   9.500   1.2575   0.02358   0.01623  -0.0520  0.0123  1.0000  -5.0289   0.0000   0.0000   0.0000   0.2805
   9.600   1.2593   0.02427   0.01698  -0.0507  0.0122  1.0000  -5.0602   0.0000   0.0000   0.0000   0.2793
   9.700   1.2616   0.02485   0.01763  -0.0494  0.0121  1.0000  -5.1044   0.0000   0.0000   0.0000   0.2781
   9.800   1.2636   0.02546   0.01831  -0.0482  0.0121  1.0000  -5.1461   0.0000   0.0000   0.0000   0.2769
   9.900   1.2652   0.02610   0.01903  -0.0469  0.0121  1.0000  -5.1854   0.0000   0.0000   0.0000   0.2757
  10.000   1.2665   0.02679   0.01978  -0.0456  0.0120  1.0000  -5.2227   0.0000   0.0000   0.0000   0.2745
  10.100   1.2677   0.02750   0.02057  -0.0443  0.0120  1.0000  -5.2581   0.0000   0.0000   0.0000   0.2733
  10.200   1.2686   0.02825   0.02140  -0.0431  0.0120  1.0000  -5.2917   0.0000   0.0000   0.0000   0.2722
  10.300   1.2695   0.02905   0.02227  -0.0419  0.0120  1.0000  -5.3235   0.0000   0.0000   0.0000   0.2711
  10.400   1.2702   0.02990   0.02319  -0.0407  0.0120  1.0000  -5.3535   0.0000   0.0000   0.0000   0.2700
  10.500   1.2708   0.03078   0.02416  -0.0396  0.0120  1.0000  -5.3815   0.0000   0.0000   0.0000   0.2689
  10.600   1.2714   0.03171   0.02517  -0.0385  0.0120  1.0000  -5.4077   0.0000   0.0000   0.0000   0.2679
  10.700   1.2719   0.03270   0.02624  -0.0374  0.0120  1.0000  -5.4317   0.0000   0.0000   0.0000   0.2669
  10.800   1.2723   0.03374   0.02737  -0.0364  0.0120  1.0000  -5.4528   0.0000   0.0000   0.0000   0.2659
  10.900   1.2731   0.03475   0.02856  -0.0354  0.0120  1.0000  -5.4649   0.0000   0.0000   0.0000   0.2650
  11.000   1.2734   0.03589   0.02978  -0.0345  0.0120  1.0000  -5.4764   0.0000   0.0000   0.0000   0.2641
  11.100   1.2732   0.03714   0.03113  -0.0335  0.0120  1.0000  -5.4859   0.0000   0.0000   0.0000   0.2632
  11.200   1.2725   0.03851   0.03261  -0.0326  0.0121  1.0000  -5.4891   0.0000   0.0000   0.0000   0.2624
  11.300   1.2707   0.04002   0.03423  -0.0316  0.0121  1.0000  -5.4822   0.0000   0.0000   0.0000   0.2615
  11.400   1.2673   0.04184   0.03619  -0.0306  0.0122  1.0000  -5.4545   0.0000   0.0000   0.0000   0.2606
  11.700   1.2692   0.04474   0.03933  -0.0287  0.0124  1.0000  -5.5625   0.0000   0.0000   0.0000   0.2586
  11.800   1.2698   0.04568   0.04033  -0.0282  0.0125  1.0000  -5.6024   0.0000   0.0000   0.0000   0.2581
  11.900   1.2703   0.04662   0.04134  -0.0277  0.0126  1.0000  -5.6426   0.0000   0.0000   0.0000   0.2575
  12.000   1.2708   0.04758   0.04236  -0.0273  0.0126  1.0000  -5.6831   0.0000   0.0000   0.0000   0.2570
  12.100   1.2711   0.04857   0.04341  -0.0269  0.0127  1.0000  -5.7224   0.0000   0.0000   0.0000   0.2565
  12.200   1.2711   0.04959   0.04450  -0.0265  0.0128  1.0000  -5.7595   0.0000   0.0000   0.0000   0.2560
  12.300   1.2709   0.05065   0.04561  -0.0262  0.0129  1.0000  -5.7959   0.0000   0.0000   0.0000   0.2556
  12.400   1.2707   0.05172   0.04675  -0.0259  0.0130  1.0000  -5.8318   0.0000   0.0000   0.0000   0.2553
  12.500   1.2702   0.05284   0.04794  -0.0257  0.0131  1.0000  -5.8649   0.0000   0.0000   0.0000   0.2549
  12.600   1.2691   0.05403   0.04919  -0.0256  0.0132  1.0000  -5.8944   0.0000   0.0000   0.0000   0.2546
  12.700   1.2680   0.05525   0.05048  -0.0255  0.0133  1.0000  -5.9225   0.0000   0.0000   0.0000   0.2544
  12.800   1.2666   0.05650   0.05180  -0.0254  0.0134  1.0000  -5.9480   0.0000   0.0000   0.0000   0.2542
  12.900   1.2643   0.05784   0.05322  -0.0254  0.0135  1.0000  -5.9670   0.0000   0.0000   0.0000   0.2540
  13.000   1.2616   0.05926   0.05471  -0.0255  0.0136  1.0000  -5.9824   0.0000   0.0000   0.0000   0.2540
  13.100   1.2589   0.06074   0.05626  -0.0256  0.0137  1.0000  -5.9960   0.0000   0.0000   0.0000   0.2539
  13.200   1.2558   0.06233   0.05794  -0.0259  0.0138  1.0000  -6.0046   0.0000   0.0000   0.0000   0.2540
  13.300   1.2519   0.06407   0.05976  -0.0262  0.0140  1.0000  -6.0063   0.0000   0.0000   0.0000   0.2542
  13.400   1.2480   0.06590   0.06167  -0.0267  0.0141  1.0000  -6.0044   0.0000   0.0000   0.0000   0.2544
  13.500   1.2435   0.06785   0.06371  -0.0273  0.0142  1.0000  -5.9962   0.0000   0.0000   0.0000   0.2548
  13.600   1.2379   0.07000   0.06595  -0.0280  0.0143  1.0000  -5.9796   0.0000   0.0000   0.0000   0.2553
  13.700   1.2322   0.07225   0.06830  -0.0289  0.0145  1.0000  -5.9579   0.0000   0.0000   0.0000   0.2559
  13.800   1.2258   0.07466   0.07081  -0.0299  0.0146  1.0000  -5.9293   0.0000   0.0000   0.0000   0.2567
  13.900   1.2187   0.07725   0.07349  -0.0311  0.0147  1.0000  -5.8944   0.0000   0.0000   0.0000   0.2577
  14.000   1.2115   0.07993   0.07626  -0.0324  0.0148  1.0000  -5.8545   0.0000   0.0000   0.0000   0.2587
  14.100   1.2036   0.08278   0.07921  -0.0339  0.0149  1.0000  -5.8103   0.0000   0.0000   0.0000   0.2600
  14.200   1.1956   0.08574   0.08226  -0.0355  0.0150  1.0000  -5.7624   0.0000   0.0000   0.0000   0.2614
  14.300   1.1875   0.08880   0.08540  -0.0373  0.0151  1.0000  -5.7107   0.0000   0.0000   0.0000   0.2629
  14.400   1.1791   0.09199   0.08867  -0.0393  0.0152  1.0000  -5.6581   0.0000   0.0000   0.0000   0.2646
  14.500   1.1707   0.09523   0.09199  -0.0412  0.0152  1.0000  -5.6012   0.0000   0.0000   0.0000   0.2664
  14.600   1.1622   0.09859   0.09543  -0.0434  0.0153  1.0000  -5.5440   0.0000   0.0000   0.0000   0.2684
  14.700   1.1538   0.10202   0.09893  -0.0457  0.0153  1.0000  -5.4834   0.0000   0.0000   0.0000   0.2705
  14.800   1.1453   0.10552   0.10251  -0.0480  0.0154  1.0000  -5.4198   0.0000   0.0000   0.0000   0.2727
  14.900   1.1367   0.10915   0.10619  -0.0505  0.0154  1.0000  -5.3549   0.0000   0.0000   0.0000   0.2751
  15.000   1.1282   0.11283   0.10994  -0.0530  0.0154  1.0000  -5.2838   0.0000   0.0000   0.0000   0.2775
  15.100   1.1195   0.11666   0.11383  -0.0557  0.0154  1.0000  -5.2116   0.0000   0.0000   0.0000   0.2802
  15.200   1.1108   0.12050   0.11773  -0.0584  0.0154  1.0000  -5.1316   0.0000   0.0000   0.0000   0.2829
  15.300   1.1019   0.12437   0.12164  -0.0611  0.0154  1.0000  -5.0476   0.0000   0.0000   0.0000   0.2858
  15.400   1.0928   0.12836   0.12568  -0.0640  0.0154  1.0000  -4.9537   0.0000   0.0000   0.0000   0.2888
  15.500   1.0833   0.13268   0.13005  -0.0670  0.0154  1.0000  -4.8474   0.0000   0.0000   0.0000   0.2920
  15.600   1.0730   0.13739   0.13480  -0.0701  0.0154  1.0000  -4.7224   0.0000   0.0000   0.0000   0.2956
  15.700   1.0614   0.14277   0.14022  -0.0735  0.0154  1.0000  -4.5676   0.0000   0.0000   0.0000   0.2996
  15.800   1.0470   0.14939   0.14688  -0.0775  0.0155  1.0000  -4.3482   0.0000   0.0000   0.0000   0.3044
  15.900   1.0013   0.16895   0.16636  -0.0866  0.0169  1.0000  -3.4338   0.0000   0.0000   0.0000   0.3180
  16.000   0.9853   0.17824   0.17561  -0.0906  0.0183  1.0000  -3.0354   0.0000   0.0000   0.0000   0.3239
  16.100   0.9793   0.18339   0.18074  -0.0927  0.0192  1.0000  -2.8621   0.0000   0.0000   0.0000   0.3267
  16.200   0.9758   0.18750   0.18484  -0.0944  0.0201  1.0000  -2.7450   0.0000   0.0000   0.0000   0.3288
  16.300   0.9733   0.19113   0.18845  -0.0959  0.0211  1.0000  -2.6557   0.0000   0.0000   0.0000   0.3305
  16.400   0.9709   0.19461   0.19193  -0.0972  0.0221  1.0000  -2.5768   0.0000   0.0000   0.0000   0.3320
  16.700   0.9630   0.20986   0.20717  -0.1030  0.0308  1.0000  -2.0825   0.0000   0.0000   0.0000   0.3391
  16.800   0.9637   0.21225   0.20956  -0.1039  0.0307  1.0000  -2.0642   0.0000   0.0000   0.0000   0.3400
  16.900   0.9647   0.21455   0.21186  -0.1049  0.0305  1.0000  -2.0500   0.0000   0.0000   0.0000   0.3407
  17.000   0.9658   0.21680   0.21411  -0.1058  0.0303  1.0000  -2.0393   0.0000   0.0000   0.0000   0.3414
  17.100   0.9670   0.21899   0.21630  -0.1066  0.0301  1.0000  -2.0315   0.0000   0.0000   0.0000   0.3420
  17.200   0.9683   0.22114   0.21845  -0.1075  0.0298  1.0000  -2.0264   0.0000   0.0000   0.0000   0.3426
  17.300   0.9698   0.22324   0.22055  -0.1083  0.0295  1.0000  -2.0237   0.0000   0.0000   0.0000   0.3431
  17.400   0.9713   0.22530   0.22262  -0.1090  0.0293  1.0000  -2.0233   0.0000   0.0000   0.0000   0.3436
  17.500   0.9729   0.22733   0.22465  -0.1098  0.0290  1.0000  -2.0251   0.0000   0.0000   0.0000   0.3440
  17.600   0.9746   0.22933   0.22665  -0.1105  0.0287  1.0000  -2.0289   0.0000   0.0000   0.0000   0.3444
  17.700   0.9764   0.23130   0.22862  -0.1112  0.0285  1.0000  -2.0348   0.0000   0.0000   0.0000   0.3447
  17.800   0.9782   0.23323   0.23056  -0.1118  0.0282  1.0000  -2.0428   0.0000   0.0000   0.0000   0.3450
  17.900   0.9801   0.23514   0.23248  -0.1124  0.0279  1.0000  -2.0528   0.0000   0.0000   0.0000   0.3452
  18.000   0.9821   0.23703   0.23436  -0.1130  0.0277  1.0000  -2.0650   0.0000   0.0000   0.0000   0.3454
  18.100   0.9842   0.23889   0.23623  -0.1135  0.0274  1.0000  -2.0794   0.0000   0.0000   0.0000   0.3455
  18.200   0.9864   0.24073   0.23808  -0.1140  0.0272  1.0000  -2.0954   0.0000   0.0000   0.0000   0.3456
  18.300   0.9884   0.24260   0.23995  -0.1145  0.0270  1.0000  -2.1112   0.0000   0.0000   0.0000   0.3457
  18.400   0.9904   0.24447   0.24183  -0.1150  0.0267  1.0000  -2.1283   0.0000   0.0000   0.0000   0.3457
  18.500   0.9925   0.24635   0.24371  -0.1154  0.0265  1.0000  -2.1468   0.0000   0.0000   0.0000   0.3458
  18.600   0.9944   0.24830   0.24567  -0.1158  0.0262  1.0000  -2.1640   0.0000   0.0000   0.0000   0.3458
  18.700   0.9953   0.25060   0.24797  -0.1164  0.0260  1.0000  -2.1682   0.0000   0.0000   0.0000   0.3461
  18.800   0.9954   0.25329   0.25067  -0.1170  0.0256  1.0000  -2.1628   0.0000   0.0000   0.0000   0.3466
  18.900   0.9822   0.26328   0.26061  -0.1189  0.0245  1.0000  -1.9342   0.0000   0.0000   0.0000   0.3502
  19.000   0.9830   0.26576   0.26309  -0.1196  0.0245  1.0000  -1.9212   0.0000   0.0000   0.0000   0.3508
  19.100   0.9838   0.26824   0.26557  -0.1204  0.0245  1.0000  -1.9082   0.0000   0.0000   0.0000   0.3513
  19.200   0.9846   0.27070   0.26804  -0.1212  0.0245  1.0000  -1.8955   0.0000   0.0000   0.0000   0.3519
  19.300   0.9852   0.27316   0.27051  -0.1219  0.0244  1.0000  -1.8828   0.0000   0.0000   0.0000   0.3524
  19.400   0.9859   0.27561   0.27296  -0.1227  0.0244  1.0000  -1.8703   0.0000   0.0000   0.0000   0.3530
  19.500   0.9864   0.27805   0.27540  -0.1234  0.0244  1.0000  -1.8579   0.0000   0.0000   0.0000   0.3535
  19.600   0.9869   0.28047   0.27783  -0.1241  0.0244  1.0000  -1.8455   0.0000   0.0000   0.0000   0.3541
  19.700   0.9873   0.28289   0.28025  -0.1248  0.0244  1.0000  -1.8332   0.0000   0.0000   0.0000   0.3546
  19.800   0.9876   0.28528   0.28265  -0.1255  0.0244  1.0000  -1.8209   0.0000   0.0000   0.0000   0.3552
  19.900   0.9879   0.28766   0.28503  -0.1262  0.0244  1.0000  -1.8085   0.0000   0.0000   0.0000   0.3557
  20.000   0.9880   0.29002   0.28740  -0.1269  0.0244  1.0000  -1.7962   0.0000   0.0000   0.0000   0.3562


