  
       XFOIL         Version 6.99
  
 Calculated polar for: NACA 23024                                      
  
 1 1 Reynolds number fixed          Mach number fixed         
  
 xtrf =   1.000 (top)        1.000 (bottom)  
 Mach =   0.000     Re =     0.500 e 6     Ncrit =   9.000  9.000
  
   alpha    CL        CD       CDp       CM     Top_Xtr  Bot_Xtr  Top_Itr  Bot_Itr
  ------ -------- --------- --------- -------- -------- -------- -------- --------
   0.000   0.0745   0.01053   0.00112   0.0126   0.4914   0.5960  59.2936 249.2790
   0.000   0.0745   0.01053   0.00112   0.0126   0.4914   0.5960  59.2936 249.2790
   0.000   0.0745   0.01053   0.00112   0.0126   0.4914   0.5960  59.2936 249.2790
   0.000   0.0745   0.01053   0.00112   0.0126   0.4914   0.5960  59.2936 249.2790
   0.000   0.0745   0.01053   0.00112   0.0126   0.4914   0.5960  59.2936 249.2790
   1.000   0.1322   0.01055   0.00100   0.0244   0.4568   0.6399  61.8663 252.3453
   1.000   0.1322   0.01055   0.00100   0.0244   0.4568   0.6399  61.8664 252.3453
   1.000   0.1322   0.01055   0.00100   0.0244   0.4568   0.6399  61.8664 252.3453
   1.000   0.1322   0.01055   0.00100   0.0244   0.4568   0.6399  61.8664 252.3453
   1.000   0.1322   0.01055   0.00100   0.0244   0.4568   0.6399  61.8664 252.3453
   2.000   0.1958   0.01070   0.00090   0.0347   0.4237   0.6886  64.3915 255.7240
   2.000   0.1958   0.01070   0.00090   0.0347   0.4237   0.6886  64.3916 255.7238
   2.000   0.1958   0.01070   0.00090   0.0347   0.4237   0.6886  64.3916 255.7238
   2.000   0.1958   0.01070   0.00090   0.0347   0.4237   0.6886  64.3916 255.7238
   2.000   0.1958   0.01070   0.00090   0.0347   0.4237   0.6886  64.3916 255.7238
   3.000   0.2621   0.01098   0.00082   0.0442   0.3917   0.7424  66.9041 259.4982
   3.000   0.2621   0.01098   0.00082   0.0442   0.3917   0.7424  66.9042 259.4980
   3.000   0.2621   0.01098   0.00082   0.0442   0.3917   0.7424  66.9042 259.4980
   3.000   0.2621   0.01098   0.00082   0.0442   0.3917   0.7424  66.9042 259.4980
   3.000   0.2621   0.01098   0.00082   0.0442   0.3917   0.7424  66.9042 259.4980
   4.000   0.3305   0.01138   0.00078   0.0530   0.3605   0.8032  69.4391 263.9943
   4.000   0.3305   0.01138   0.00078   0.0530   0.3605   0.8032  69.4392 263.9942
   4.000   0.3305   0.01138   0.00078   0.0530   0.3605   0.8032  69.4392 263.9942
   4.000   0.3305   0.01138   0.00078   0.0530   0.3605   0.8032  69.4392 263.9942
   4.000   0.3305   0.01138   0.00078   0.0530   0.3605   0.8032  69.4392 263.9942
   5.000   0.4069   0.01203   0.00086   0.0597   0.3297   0.8659  72.0285 269.4420
   5.000   0.4069   0.01203   0.00086   0.0597   0.3297   0.8659  72.0285 269.4408
   5.000   0.4069   0.01203   0.00086   0.0597   0.3297   0.8659  72.0285 269.4408
   5.000   0.4069   0.01203   0.00086   0.0597   0.3297   0.8659  72.0284 269.4408
   5.000   0.4069   0.01203   0.00086   0.0597   0.3297   0.8659  72.0284 269.4408
   6.000   0.5371   0.01320   0.00150   0.0544   0.2965   0.9184  74.9626 276.0346
   6.000   0.5371   0.01320   0.00150   0.0544   0.2965   0.9184  74.9626 276.0346
   6.000   0.5371   0.01320   0.00150   0.0544   0.2965   0.9184  74.9626 276.0346
   6.000   0.5371   0.01320   0.00150   0.0544   0.2965   0.9184  74.9626 276.0346
   6.000   0.5371   0.01320   0.00150   0.0544   0.2965   0.9184  74.9626 276.0346
   7.000   0.6922   0.01502   0.00254   0.0434   0.2661   0.9452  77.8122 281.1284
   7.000   0.6922   0.01502   0.00254   0.0434   0.2661   0.9452  77.8122 281.1287
   7.000   0.6922   0.01502   0.00254   0.0434   0.2661   0.9452  77.8122 281.1287
   7.000   0.6922   0.01502   0.00254   0.0434   0.2661   0.9452  77.8122 281.1287
   7.000   0.6922   0.01502   0.00254   0.0434   0.2661   0.9452  77.8122 281.1287
   8.000   0.8115   0.01721   0.00355   0.0392   0.2436   0.9657  80.0473 286.4428
   8.000   0.8115   0.01721   0.00355   0.0392   0.2436   0.9657  80.0469 286.4495
   8.000   0.8115   0.01721   0.00355   0.0392   0.2436   0.9657  80.0469 286.4497
   8.000   0.8115   0.01721   0.00355   0.0392   0.2436   0.9657  80.0469 286.4497
   8.000   0.8115   0.01721   0.00355   0.0392   0.2436   0.9657  80.0469 286.4497
   9.000   0.9324   0.01956   0.00467   0.0336   0.2245   0.9814  82.0528 291.7294
   9.000   0.9324   0.01956   0.00467   0.0336   0.2245   0.9814  82.0528 291.7297
   9.000   0.9324   0.01956   0.00467   0.0336   0.2245   0.9814  82.0528 291.7297
   9.000   0.9324   0.01956   0.00467   0.0336   0.2245   0.9814  82.0528 291.7297
   9.000   0.9324   0.01956   0.00467   0.0336   0.2245   0.9814  82.0528 291.7297
  10.000   1.0549   0.02210   0.00593   0.0265   0.2077   0.9930  83.9145 296.5146
  10.000   1.0549   0.02210   0.00593   0.0265   0.2077   0.9930  83.9147 296.5137
  10.000   1.0549   0.02210   0.00593   0.0265   0.2077   0.9930  83.9147 296.5136
  10.000   1.0549   0.02210   0.00593   0.0265   0.2077   0.9930  83.9147 296.5136
  10.000   1.0549   0.02210   0.00593   0.0265   0.2077   0.9930  83.9147 296.5136
  11.000   1.1457   0.02475   0.00716   0.0241   0.1938   1.0000  85.5509 300.0000
  11.000   1.1457   0.02475   0.00716   0.0241   0.1938   1.0000  85.5509 300.0000
  11.000   1.1457   0.02475   0.00716   0.0241   0.1938   1.0000  85.5509 300.0000
  11.000   1.1457   0.02475   0.00716   0.0241   0.1938   1.0000  85.5509 300.0000
  11.000   1.1457   0.02475   0.00716   0.0241   0.1938   1.0000  85.5509 300.0000
  12.000   1.1548   0.02781   0.00807   0.0357   0.1839   1.0000  86.7578 300.0000
  12.000   1.1548   0.02781   0.00807   0.0357   0.1839   1.0000  86.7578 300.0000
  12.000   1.1548   0.02781   0.00807   0.0357   0.1839   1.0000  86.7578 300.0000
  12.000   1.1548   0.02781   0.00807   0.0357   0.1839   1.0000  86.7578 300.0000
  12.000   1.1548   0.02781   0.00807   0.0357   0.1839   1.0000  86.7578 300.0000
  13.000   1.1751   0.03188   0.00966   0.0435   0.1742   1.0000  88.0109 300.0000
  13.000   1.1751   0.03188   0.00966   0.0435   0.1742   1.0000  88.0108 300.0000
  13.000   1.1751   0.03188   0.00966   0.0435   0.1742   1.0000  88.0108 300.0000
  13.000   1.1751   0.03188   0.00966   0.0435   0.1742   1.0000  88.0108 300.0000
  13.000   1.1751   0.03188   0.00966   0.0435   0.1742   1.0000  88.0108 300.0000
  14.000   1.1997   0.03675   0.01189   0.0489   0.1641   1.0000  89.3668 300.0000
  14.000   1.1997   0.03675   0.01189   0.0489   0.1641   1.0000  89.3668 300.0000
  14.000   1.1997   0.03675   0.01189   0.0489   0.1641   1.0000  89.3668 300.0000
  14.000   1.1997   0.03675   0.01189   0.0489   0.1641   1.0000  89.3668 300.0000
  14.000   1.1997   0.03675   0.01189   0.0489   0.1641   1.0000  89.3668 300.0000
  15.000   1.2200   0.04278   0.01488   0.0527   0.1545   1.0000  90.7232 300.0000
  15.000   1.2200   0.04278   0.01488   0.0527   0.1545   1.0000  90.7231 300.0000
  15.000   1.2200   0.04278   0.01488   0.0527   0.1545   1.0000  90.7231 300.0000
  15.000   1.2200   0.04278   0.01488   0.0527   0.1545   1.0000  90.7231 300.0000
  15.000   1.2200   0.04278   0.01488   0.0527   0.1545   1.0000  90.7231 300.0000
  16.000   1.2346   0.04999   0.01869   0.0550   0.1455   1.0000  92.0586 300.0000
  16.000   1.2346   0.04999   0.01869   0.0550   0.1455   1.0000  92.0585 300.0000
  16.000   1.2346   0.04999   0.01869   0.0550   0.1455   1.0000  92.0584 300.0000
  16.000   1.2346   0.04999   0.01869   0.0550   0.1455   1.0000  92.0584 300.0000
  16.000   1.2346   0.04999   0.01869   0.0550   0.1455   1.0000  92.0584 300.0000
  17.000   1.2444   0.05843   0.02359   0.0558   0.1364   1.0000  93.4868 300.0000
  17.000   1.2444   0.05843   0.02359   0.0558   0.1364   1.0000  93.4868 300.0000
  17.000   1.2444   0.05843   0.02359   0.0558   0.1364   1.0000  93.4868 300.0000
  17.000   1.2444   0.05843   0.02359   0.0558   0.1364   1.0000  93.4868 300.0000
  17.000   1.2444   0.05843   0.02359   0.0558   0.1364   1.0000  93.4868 300.0000
  18.000   1.2478   0.06801   0.02939   0.0555   0.1281   1.0000  94.8702 300.0000
  18.000   1.2478   0.06801   0.02939   0.0555   0.1281   1.0000  94.8703 300.0000
  18.000   1.2478   0.06801   0.02939   0.0555   0.1281   1.0000  94.8703 300.0000
  18.000   1.2478   0.06801   0.02939   0.0555   0.1281   1.0000  94.8703 300.0000
  18.000   1.2478   0.06801   0.02939   0.0555   0.1281   1.0000  94.8703 300.0000
  19.000   1.2448   0.07884   0.03645   0.0538   0.1199   1.0000  96.2977 300.0000
  19.000   1.2448   0.07884   0.03645   0.0538   0.1199   1.0000  96.2977 300.0000
  19.000   1.2448   0.07884   0.03645   0.0538   0.1199   1.0000  96.2977 300.0000
  19.000   1.2448   0.07884   0.03645   0.0538   0.1199   1.0000  96.2977 300.0000
  19.000   1.2448   0.07884   0.03645   0.0538   0.1199   1.0000  96.2977 300.0000
