  
       XFOIL         Version 6.99
  
 Calculated polar for: NACA 23024                                      
  
 1 1 Reynolds number fixed          Mach number fixed         
  
 xtrf =   1.000 (top)        1.000 (bottom)  
 Mach =   0.000     Re =     0.525 e 6     Ncrit =   9.000  9.000
  
   alpha    CL        CD       CDp       CM     Top_Xtr  Bot_Xtr  Top_Itr  Bot_Itr
  ------ -------- --------- --------- -------- -------- -------- -------- --------
   0.000   0.0742   0.01038   0.00105   0.0127   0.4877   0.5922  59.5669 249.0152
   0.000   0.0742   0.01038   0.00105   0.0127   0.4877   0.5922  59.5668 249.0153
   0.000   0.0742   0.01038   0.00105   0.0127   0.4877   0.5922  59.5668 249.0153
   0.000   0.0742   0.01038   0.00105   0.0127   0.4877   0.5922  59.5668 249.0153
   0.000   0.0742   0.01038   0.00105   0.0127   0.4877   0.5922  59.5668 249.0153
   1.000   0.1315   0.01041   0.00093   0.0245   0.4537   0.6358  62.1042 252.0588
   1.000   0.1315   0.01041   0.00093   0.0245   0.4537   0.6358  62.1041 252.0590
   1.000   0.1315   0.01041   0.00093   0.0245   0.4537   0.6358  62.1041 252.0590
   1.000   0.1315   0.01041   0.00093   0.0245   0.4537   0.6358  62.1041 252.0590
   1.000   0.1315   0.01041   0.00093   0.0245   0.4537   0.6358  62.1041 252.0590
   2.000   0.1956   0.01055   0.00083   0.0347   0.4204   0.6838  64.6463 255.3894
   2.000   0.1956   0.01055   0.00083   0.0347   0.4204   0.6838  64.6463 255.3892
   2.000   0.1956   0.01055   0.00083   0.0347   0.4204   0.6838  64.6463 255.3892
   2.000   0.1956   0.01055   0.00083   0.0347   0.4204   0.6838  64.6463 255.3892
   2.000   0.1956   0.01055   0.00083   0.0347   0.4204   0.6838  64.6463 255.3892
   3.000   0.2622   0.01083   0.00075   0.0442   0.3888   0.7376  67.1356 259.1512
   3.000   0.2622   0.01083   0.00075   0.0442   0.3888   0.7376  67.1356 259.1512
   3.000   0.2622   0.01083   0.00075   0.0442   0.3888   0.7376  67.1356 259.1512
   3.000   0.2622   0.01083   0.00075   0.0442   0.3888   0.7376  67.1356 259.1512
   3.000   0.2622   0.01083   0.00075   0.0442   0.3888   0.7376  67.1356 259.1512
   4.000   0.3310   0.01122   0.00071   0.0529   0.3575   0.7977  69.6846 263.5757
   4.000   0.3310   0.01122   0.00071   0.0529   0.3575   0.7977  69.6849 263.5762
   4.000   0.3310   0.01122   0.00071   0.0529   0.3575   0.7977  69.6849 263.5762
   4.000   0.3310   0.01122   0.00071   0.0529   0.3575   0.7977  69.6849 263.5762
   4.000   0.3310   0.01122   0.00071   0.0529   0.3575   0.7977  69.6849 263.5762
   5.000   0.4044   0.01182   0.00074   0.0602   0.3272   0.8617  72.2487 269.0227
   5.000   0.4044   0.01182   0.00074   0.0602   0.3272   0.8617  72.2488 269.0227
   5.000   0.4044   0.01182   0.00074   0.0602   0.3272   0.8617  72.2488 269.0227
   5.000   0.4044   0.01182   0.00074   0.0602   0.3272   0.8617  72.2488 269.0227
   5.000   0.4044   0.01182   0.00074   0.0602   0.3272   0.8617  72.2488 269.0227
   6.000   0.5315   0.01294   0.00134   0.0556   0.2945   0.9156  75.1504 275.5890
   6.000   0.5315   0.01294   0.00134   0.0556   0.2945   0.9156  75.1506 275.5899
   6.000   0.5315   0.01294   0.00134   0.0556   0.2945   0.9156  75.1506 275.5899
   6.000   0.5315   0.01294   0.00134   0.0556   0.2945   0.9156  75.1506 275.5899
   6.000   0.5315   0.01294   0.00134   0.0556   0.2945   0.9156  75.1506 275.5899
   8.000   0.8088   0.01683   0.00335   0.0399   0.2416   0.9651  80.2554 286.2789
   8.000   0.8088   0.01683   0.00335   0.0399   0.2416   0.9651  80.2555 286.2829
   8.000   0.8088   0.01683   0.00335   0.0399   0.2416   0.9651  80.2555 286.2829
   8.000   0.8088   0.01683   0.00335   0.0399   0.2416   0.9651  80.2555 286.2829
   8.000   0.8088   0.01683   0.00335   0.0399   0.2416   0.9651  80.2555 286.2829
   9.000   0.9294   0.01915   0.00445   0.0344   0.2227   0.9807  82.2499 291.4487
   9.000   0.9294   0.01915   0.00445   0.0344   0.2227   0.9807  82.2499 291.4495
   9.000   0.9294   0.01915   0.00445   0.0344   0.2227   0.9807  82.2499 291.4495
   9.000   0.9294   0.01915   0.00445   0.0344   0.2227   0.9807  82.2499 291.4495
   9.000   0.9294   0.01915   0.00445   0.0344   0.2227   0.9807  82.2499 291.4495
  10.000   1.0500   0.02175   0.00573   0.0277   0.2063   0.9924  84.0816 296.2434
  10.000   1.0500   0.02175   0.00573   0.0277   0.2063   0.9924  84.0817 296.2487
  10.000   1.0500   0.02175   0.00573   0.0277   0.2063   0.9924  84.0817 296.2488
  10.000   1.0500   0.02175   0.00573   0.0277   0.2063   0.9924  84.0817 296.2488
  10.000   1.0500   0.02175   0.00573   0.0277   0.2063   0.9924  84.0817 296.2488
  11.000   1.1513   0.02445   0.00704   0.0233   0.1920   1.0000  85.7672 300.0000
  11.000   1.1513   0.02445   0.00704   0.0233   0.1920   1.0000  85.7673 300.0000
  11.000   1.1513   0.02445   0.00704   0.0233   0.1920   1.0000  85.7673 300.0000
  11.000   1.1513   0.02445   0.00704   0.0233   0.1920   1.0000  85.7673 300.0000
  11.000   1.1513   0.02445   0.00704   0.0233   0.1920   1.0000  85.7673 300.0000
  12.000   1.1582   0.02755   0.00796   0.0352   0.1824   1.0000  86.9481 300.0000
  12.000   1.1582   0.02755   0.00796   0.0352   0.1824   1.0000  86.9481 300.0000
  12.000   1.1582   0.02755   0.00796   0.0352   0.1824   1.0000  86.9481 300.0000
  12.000   1.1582   0.02755   0.00796   0.0352   0.1824   1.0000  86.9481 300.0000
  12.000   1.1582   0.02755   0.00796   0.0352   0.1824   1.0000  86.9481 300.0000
  13.000   1.1813   0.03147   0.00951   0.0429   0.1724   1.0000  88.2448 300.0000
  13.000   1.1813   0.03147   0.00951   0.0429   0.1724   1.0000  88.2448 300.0000
  13.000   1.1813   0.03147   0.00951   0.0429   0.1724   1.0000  88.2447 300.0000
  13.000   1.1813   0.03147   0.00951   0.0429   0.1724   1.0000  88.2447 300.0000
  13.000   1.1813   0.03147   0.00951   0.0429   0.1724   1.0000  88.2447 300.0000
  14.000   1.2048   0.03640   0.01174   0.0484   0.1625   1.0000  89.5914 300.0000
  14.000   1.2048   0.03640   0.01174   0.0484   0.1625   1.0000  89.5914 300.0000
  14.000   1.2048   0.03640   0.01174   0.0484   0.1625   1.0000  89.5914 300.0000
  14.000   1.2048   0.03640   0.01174   0.0484   0.1625   1.0000  89.5914 300.0000
  14.000   1.2048   0.03640   0.01174   0.0484   0.1625   1.0000  89.5914 300.0000
  15.000   1.2234   0.04253   0.01477   0.0523   0.1532   1.0000  90.9139 300.0000
  15.000   1.2234   0.04253   0.01477   0.0523   0.1532   1.0000  90.9140 300.0000
  15.000   1.2234   0.04253   0.01477   0.0523   0.1532   1.0000  90.9140 300.0000
  15.000   1.2234   0.04253   0.01477   0.0523   0.1532   1.0000  90.9140 300.0000
  15.000   1.2234   0.04253   0.01477   0.0523   0.1532   1.0000  90.9140 300.0000
  16.000   1.2388   0.04974   0.01865   0.0545   0.1440   1.0000  92.2994 300.0000
  16.000   1.2388   0.04974   0.01865   0.0545   0.1440   1.0000  92.2994 300.0000
  16.000   1.2388   0.04974   0.01865   0.0545   0.1440   1.0000  92.2994 300.0000
  16.000   1.2388   0.04974   0.01865   0.0545   0.1440   1.0000  92.2994 300.0000
  16.000   1.2388   0.04974   0.01865   0.0545   0.1440   1.0000  92.2994 300.0000
  17.000   1.2478   0.05823   0.02352   0.0554   0.1351   1.0000  93.7032 300.0000
  17.000   1.2478   0.05823   0.02352   0.0554   0.1351   1.0000  93.7032 300.0000
  17.000   1.2478   0.05823   0.02352   0.0554   0.1351   1.0000  93.7032 300.0000
  17.000   1.2478   0.05823   0.02352   0.0554   0.1351   1.0000  93.7032 300.0000
  17.000   1.2478   0.05823   0.02352   0.0554   0.1351   1.0000  93.7032 300.0000
  18.000   1.2503   0.06787   0.02935   0.0551   0.1269   1.0000  95.0711 300.0000
  18.000   1.2503   0.06787   0.02935   0.0551   0.1269   1.0000  95.0710 300.0000
  18.000   1.2503   0.06787   0.02935   0.0551   0.1269   1.0000  95.0710 300.0000
  18.000   1.2503   0.06787   0.02935   0.0551   0.1269   1.0000  95.0710 300.0000
  18.000   1.2503   0.06787   0.02935   0.0551   0.1269   1.0000  95.0710 300.0000
  19.000   1.2460   0.07893   0.03665   0.0534   0.1186   1.0000  96.5338 300.0000
  19.000   1.2460   0.07893   0.03665   0.0534   0.1186   1.0000  96.5338 300.0000
  19.000   1.2460   0.07893   0.03665   0.0534   0.1186   1.0000  96.5338 300.0000
  19.000   1.2460   0.07893   0.03665   0.0534   0.1186   1.0000  96.5338 300.0000
  19.000   1.2460   0.07893   0.03665   0.0534   0.1186   1.0000  96.5338 300.0000
