  
       XFOIL         Version 6.99
  
 Calculated polar for: NACA 23024                                      
  
 1 1 Reynolds number fixed          Mach number fixed         
  
 xtrf =   1.000 (top)        1.000 (bottom)  
 Mach =   0.000     Re =     0.550 e 6     Ncrit =   9.000  9.000
  
   alpha    CL        CD       CDp       CM     Top_Xtr  Bot_Xtr  Top_Itr  Bot_Itr
  ------ -------- --------- --------- -------- -------- -------- -------- --------
   0.000   0.0730   0.01024   0.00099   0.0129   0.4844   0.5882  59.8085 248.7336
   0.000   0.0730   0.01024   0.00099   0.0129   0.4844   0.5882  59.8084 248.7339
   0.000   0.0730   0.01024   0.00099   0.0129   0.4844   0.5882  59.8084 248.7339
   0.000   0.0730   0.01024   0.00099   0.0129   0.4844   0.5882  59.8084 248.7339
   0.000   0.0730   0.01024   0.00099   0.0129   0.4844   0.5882  59.8084 248.7339
   1.000   0.1313   0.01026   0.00087   0.0245   0.4504   0.6317  62.3547 251.7748
   1.000   0.1313   0.01026   0.00087   0.0245   0.4504   0.6317  62.3549 251.7745
   1.000   0.1313   0.01026   0.00087   0.0245   0.4504   0.6317  62.3549 251.7744
   1.000   0.1313   0.01026   0.00087   0.0245   0.4504   0.6317  62.3549 251.7744
   1.000   0.1313   0.01026   0.00087   0.0245   0.4504   0.6317  62.3549 251.7744
   2.000   0.1953   0.01043   0.00076   0.0348   0.4175   0.6796  64.8719 255.0966
   2.000   0.1953   0.01043   0.00076   0.0348   0.4175   0.6796  64.8723 255.0963
   2.000   0.1953   0.01043   0.00076   0.0348   0.4175   0.6796  64.8723 255.0962
   2.000   0.1953   0.01043   0.00076   0.0348   0.4175   0.6796  64.8723 255.0962
   2.000   0.1953   0.01043   0.00076   0.0348   0.4175   0.6796  64.8723 255.0962
   3.000   0.2630   0.01068   0.00069   0.0440   0.3858   0.7330  67.3775 258.8293
   3.000   0.2630   0.01068   0.00069   0.0440   0.3858   0.7330  67.3784 258.8302
   3.000   0.2630   0.01068   0.00069   0.0440   0.3858   0.7330  67.3785 258.8300
   3.000   0.2630   0.01068   0.00069   0.0440   0.3858   0.7330  67.3785 258.8300
   3.000   0.2630   0.01068   0.00069   0.0440   0.3858   0.7330  67.3785 258.8300
   4.000   0.3305   0.01108   0.00063   0.0530   0.3549   0.7929  69.8973 263.2055
   4.000   0.3305   0.01108   0.00063   0.0530   0.3549   0.7929  69.8973 263.2054
   4.000   0.3305   0.01108   0.00063   0.0530   0.3549   0.7929  69.8973 263.2054
   4.000   0.3305   0.01108   0.00063   0.0530   0.3549   0.7929  69.8973 263.2054
   4.000   0.3305   0.01108   0.00063   0.0530   0.3549   0.7929  69.8973 263.2054
   5.000   0.4048   0.01165   0.00066   0.0602   0.3245   0.8567  72.4816 268.5436
   5.000   0.4048   0.01165   0.00066   0.0602   0.3245   0.8567  72.4817 268.5433
   5.000   0.4048   0.01165   0.00066   0.0602   0.3245   0.8567  72.4817 268.5433
   5.000   0.4048   0.01165   0.00066   0.0602   0.3245   0.8567  72.4817 268.5433
   5.000   0.4048   0.01165   0.00066   0.0602   0.3245   0.8567  72.4817 268.5433
   6.000   0.5250   0.01269   0.00117   0.0570   0.2925   0.9133  75.3293 275.2308
   6.000   0.5250   0.01269   0.00117   0.0570   0.2925   0.9133  75.3294 275.2310
   6.000   0.5250   0.01269   0.00117   0.0570   0.2925   0.9133  75.3294 275.2310
   6.000   0.5250   0.01269   0.00117   0.0570   0.2925   0.9133  75.3294 275.2310
   6.000   0.5250   0.01269   0.00117   0.0570   0.2925   0.9133  75.3294 275.2310
   7.000   0.6870   0.01445   0.00223   0.0445   0.2621   0.9421  78.2037 280.4486
   7.000   0.6870   0.01445   0.00223   0.0445   0.2621   0.9421  78.2037 280.4492
   7.000   0.6870   0.01445   0.00223   0.0445   0.2621   0.9421  78.2037 280.4492
   7.000   0.6870   0.01445   0.00223   0.0445   0.2621   0.9421  78.2037 280.4492
   7.000   0.6870   0.01445   0.00223   0.0445   0.2621   0.9421  78.2037 280.4492
   8.000   0.8060   0.01651   0.00318   0.0405   0.2397   0.9647  80.4534 286.1567
   8.000   0.8060   0.01651   0.00318   0.0405   0.2397   0.9647  80.4533 286.1600
   8.000   0.8060   0.01651   0.00318   0.0405   0.2397   0.9647  80.4532 286.1600
   8.000   0.8060   0.01651   0.00318   0.0405   0.2397   0.9647  80.4532 286.1600
   8.000   0.8060   0.01651   0.00318   0.0405   0.2397   0.9647  80.4532 286.1600
   9.000   0.9261   0.01880   0.00425   0.0352   0.2210   0.9802  82.4360 291.2787
   9.000   0.9261   0.01880   0.00425   0.0352   0.2210   0.9802  82.4360 291.2807
   9.000   0.9261   0.01880   0.00425   0.0352   0.2210   0.9802  82.4360 291.2807
   9.000   0.9261   0.01880   0.00425   0.0352   0.2210   0.9802  82.4360 291.2807
   9.000   0.9261   0.01880   0.00425   0.0352   0.2210   0.9802  82.4360 291.2807
  10.000   1.0469   0.02135   0.00551   0.0286   0.2047   0.9919  84.2596 296.0325
  10.000   1.0469   0.02135   0.00551   0.0286   0.2047   0.9919  84.2596 296.0324
  10.000   1.0469   0.02135   0.00551   0.0286   0.2047   0.9919  84.2596 296.0324
  10.000   1.0469   0.02135   0.00551   0.0286   0.2047   0.9919  84.2596 296.0324
  10.000   1.0469   0.02135   0.00551   0.0286   0.2047   0.9919  84.2596 296.0324
  11.000   1.1557   0.02423   0.00694   0.0227   0.1904   1.0000  85.9563 300.0000
  11.000   1.1557   0.02423   0.00694   0.0227   0.1904   1.0000  85.9563 300.0000
  11.000   1.1557   0.02423   0.00694   0.0227   0.1904   1.0000  85.9563 300.0000
  11.000   1.1557   0.02423   0.00694   0.0227   0.1904   1.0000  85.9563 300.0000
  11.000   1.1557   0.02423   0.00694   0.0227   0.1904   1.0000  85.9563 300.0000
  12.000   1.1643   0.02718   0.00781   0.0345   0.1808   1.0000  87.1558 300.0000
  12.000   1.1643   0.02718   0.00781   0.0345   0.1808   1.0000  87.1558 300.0000
  12.000   1.1643   0.02718   0.00781   0.0345   0.1808   1.0000  87.1558 300.0000
  12.000   1.1643   0.02718   0.00781   0.0345   0.1808   1.0000  87.1558 300.0000
  12.000   1.1643   0.02718   0.00781   0.0345   0.1808   1.0000  87.1558 300.0000
  13.000   1.1873   0.03107   0.00934   0.0423   0.1707   1.0000  88.4680 300.0000
  13.000   1.1873   0.03107   0.00934   0.0423   0.1707   1.0000  88.4681 300.0000
  13.000   1.1873   0.03107   0.00934   0.0423   0.1707   1.0000  88.4681 300.0000
  13.000   1.1873   0.03107   0.00934   0.0423   0.1707   1.0000  88.4681 300.0000
  13.000   1.1873   0.03107   0.00934   0.0423   0.1707   1.0000  88.4681 300.0000
  14.000   1.2092   0.03608   0.01159   0.0479   0.1611   1.0000  89.7857 300.0000
  14.000   1.2092   0.03608   0.01159   0.0479   0.1611   1.0000  89.7857 300.0000
  14.000   1.2092   0.03608   0.01159   0.0479   0.1611   1.0000  89.7857 300.0000
  14.000   1.2092   0.03608   0.01159   0.0479   0.1611   1.0000  89.7857 300.0000
  14.000   1.2092   0.03608   0.01159   0.0479   0.1611   1.0000  89.7857 300.0000
  15.000   1.2279   0.04221   0.01462   0.0519   0.1518   1.0000  91.1141 300.0000
  15.000   1.2279   0.04221   0.01462   0.0519   0.1518   1.0000  91.1141 300.0000
  15.000   1.2279   0.04221   0.01462   0.0519   0.1518   1.0000  91.1141 300.0000
  15.000   1.2279   0.04221   0.01462   0.0519   0.1518   1.0000  91.1141 300.0000
  15.000   1.2279   0.04221   0.01462   0.0519   0.1518   1.0000  91.1141 300.0000
  16.000   1.2437   0.04942   0.01850   0.0541   0.1425   1.0000  92.5224 300.0000
  16.000   1.2437   0.04941   0.01850   0.0541   0.1425   1.0000  92.5225 300.0000
  16.000   1.2437   0.04941   0.01850   0.0541   0.1425   1.0000  92.5225 300.0000
  16.000   1.2437   0.04941   0.01850   0.0541   0.1425   1.0000  92.5225 300.0000
  16.000   1.2437   0.04941   0.01850   0.0541   0.1425   1.0000  92.5225 300.0000
  17.000   1.2511   0.05800   0.02341   0.0551   0.1340   1.0000  93.8895 300.0000
  17.000   1.2511   0.05801   0.02341   0.0551   0.1340   1.0000  93.8894 300.0000
  17.000   1.2511   0.05801   0.02341   0.0551   0.1340   1.0000  93.8894 300.0000
  17.000   1.2511   0.05801   0.02341   0.0551   0.1340   1.0000  93.8894 300.0000
  17.000   1.2511   0.05801   0.02341   0.0551   0.1340   1.0000  93.8894 300.0000
  18.000   1.2530   0.06780   0.02942   0.0547   0.1255   1.0000  95.3037 300.0000
  18.000   1.2530   0.06779   0.02942   0.0547   0.1255   1.0000  95.3037 300.0000
  18.000   1.2530   0.06779   0.02942   0.0547   0.1255   1.0000  95.3037 300.0000
  18.000   1.2530   0.06779   0.02942   0.0547   0.1255   1.0000  95.3037 300.0000
  18.000   1.2530   0.06779   0.02942   0.0547   0.1255   1.0000  95.3037 300.0000
  19.000   1.2482   0.07884   0.03666   0.0531   0.1175   1.0000  96.7382 300.0000
  19.000   1.2482   0.07884   0.03666   0.0531   0.1175   1.0000  96.7382 300.0000
  19.000   1.2482   0.07884   0.03666   0.0531   0.1175   1.0000  96.7382 300.0000
  19.000   1.2482   0.07884   0.03666   0.0531   0.1175   1.0000  96.7382 300.0000
  19.000   1.2482   0.07884   0.03666   0.0531   0.1175   1.0000  96.7382 300.0000
