  
       XFOIL         Version 6.99
  
 Calculated polar for: NACA 23024                                      
  
 1 1 Reynolds number fixed          Mach number fixed         
  
 xtrf =   1.000 (top)        1.000 (bottom)  
 Mach =   0.000     Re =     0.450 e 6     Ncrit =   9.000  9.000
  
   alpha    CL        CD       CDp       CM     Top_Xtr  Bot_Xtr  Top_Itr  Bot_Itr
  ------ -------- --------- --------- -------- -------- -------- -------- --------
   0.000   0.0753   0.01088   0.00129   0.0124   0.4990   0.6052  58.7360 249.9272
   0.000   0.0753   0.01088   0.00129   0.0124   0.4990   0.6052  58.7359 249.9276
   0.000   0.0753   0.01088   0.00129   0.0124   0.4990   0.6052  58.7359 249.9277
   0.000   0.0753   0.01088   0.00129   0.0124   0.4990   0.6052  58.7359 249.9277
   0.000   0.0753   0.01088   0.00129   0.0124   0.4990   0.6052  58.7359 249.9277
   1.000   0.1350   0.01091   0.00117   0.0238   0.4641   0.6498  61.3190 253.0322
   1.000   0.1350   0.01091   0.00117   0.0238   0.4641   0.6498  61.3183 253.0323
   1.000   0.1350   0.01091   0.00117   0.0238   0.4641   0.6498  61.3182 253.0324
   1.000   0.1350   0.01091   0.00117   0.0238   0.4641   0.6498  61.3182 253.0324
   1.000   0.1350   0.01091   0.00117   0.0238   0.4641   0.6498  61.3182 253.0324
   2.000   0.1968   0.01104   0.00106   0.0345   0.4306   0.6985  63.8594 256.4091
   2.000   0.1968   0.01104   0.00106   0.0345   0.4306   0.6985  63.8595 256.4092
   2.000   0.1968   0.01104   0.00106   0.0345   0.4306   0.6985  63.8595 256.4092
   2.000   0.1968   0.01104   0.00106   0.0345   0.4306   0.6985  63.8595 256.4091
   2.000   0.1968   0.01104   0.00106   0.0345   0.4306   0.6985  63.8595 256.4091
   3.000   0.2635   0.01131   0.00100   0.0440   0.3982   0.7531  66.3885 260.2610
   3.000   0.2635   0.01131   0.00100   0.0440   0.3982   0.7531  66.3886 260.2610
   3.000   0.2635   0.01131   0.00100   0.0440   0.3982   0.7531  66.3886 260.2609
   3.000   0.2635   0.01131   0.00100   0.0440   0.3982   0.7531  66.3886 260.2609
   3.000   0.2635   0.01131   0.00100   0.0440   0.3982   0.7531  66.3886 260.2609
   4.000   0.3318   0.01177   0.00099   0.0528   0.3667   0.8137  68.9248 264.8255
   4.000   0.3318   0.01177   0.00099   0.0528   0.3667   0.8137  68.9249 264.8252
   4.000   0.3318   0.01177   0.00099   0.0528   0.3667   0.8137  68.9249 264.8252
   4.000   0.3318   0.01177   0.00099   0.0528   0.3667   0.8137  68.9249 264.8252
   4.000   0.3318   0.01177   0.00099   0.0528   0.3667   0.8137  68.9249 264.8252
   5.000   0.4143   0.01243   0.00112   0.0582   0.3348   0.8752  71.5964 270.4045
   5.000   0.4143   0.01243   0.00112   0.0582   0.3348   0.8752  71.5966 270.4051
   5.000   0.4143   0.01243   0.00112   0.0582   0.3348   0.8752  71.5966 270.4050
   5.000   0.4143   0.01243   0.00112   0.0582   0.3348   0.8752  71.5966 270.4050
   5.000   0.4143   0.01243   0.00112   0.0582   0.3348   0.8752  71.5966 270.4050
   6.000   0.5543   0.01377   0.00189   0.0509   0.3005   0.9219  74.6002 276.6167
   6.000   0.5543   0.01377   0.00189   0.0509   0.3005   0.9219  74.6001 276.6161
   6.000   0.5543   0.01377   0.00189   0.0509   0.3005   0.9219  74.6001 276.6161
   6.000   0.5543   0.01377   0.00189   0.0509   0.3005   0.9219  74.6001 276.6161
   6.000   0.5543   0.01377   0.00189   0.0509   0.3005   0.9219  74.6001 276.6161
   7.000   0.7007   0.01569   0.00292   0.0418   0.2707   0.9471  77.3708 281.5613
   7.000   0.7007   0.01569   0.00292   0.0418   0.2707   0.9471  77.3704 281.5628
   7.000   0.7007   0.01569   0.00292   0.0418   0.2707   0.9471  77.3703 281.5630
   7.000   0.7007   0.01569   0.00292   0.0418   0.2707   0.9471  77.3703 281.5630
   7.000   0.7007   0.01569   0.00292   0.0418   0.2707   0.9471  77.3703 281.5630
   8.000   0.8202   0.01789   0.00395   0.0376   0.2476   0.9676  79.6465 287.0246
   8.000   0.8202   0.01789   0.00395   0.0376   0.2476   0.9676  79.6466 287.0231
   8.000   0.8202   0.01789   0.00395   0.0376   0.2476   0.9676  79.6466 287.0231
   8.000   0.8202   0.01789   0.00395   0.0376   0.2476   0.9676  79.6466 287.0231
   8.000   0.8202   0.01789   0.00395   0.0376   0.2476   0.9676  79.6466 287.0231
   9.000   0.9442   0.02025   0.00509   0.0313   0.2280   0.9826  81.6842 292.1804
   9.000   0.9442   0.02025   0.00509   0.0313   0.2280   0.9826  81.6842 292.1807
   9.000   0.9442   0.02025   0.00509   0.0313   0.2280   0.9826  81.6842 292.1807
   9.000   0.9442   0.02025   0.00509   0.0313   0.2280   0.9826  81.6842 292.1807
   9.000   0.9442   0.02025   0.00509   0.0313   0.2280   0.9826  81.6842 292.1807
  10.000   1.0678   0.02280   0.00637   0.0239   0.2109   0.9945  83.5599 297.1890
  10.000   1.0678   0.02280   0.00637   0.0239   0.2109   0.9945  83.5598 297.1907
  10.000   1.0678   0.02280   0.00637   0.0239   0.2109   0.9945  83.5598 297.1907
  10.000   1.0678   0.02280   0.00637   0.0239   0.2109   0.9945  83.5598 297.1907
  10.000   1.0678   0.02280   0.00637   0.0239   0.2109   0.9945  83.5598 297.1907
  11.000   1.1325   0.02549   0.00741   0.0259   0.1981   1.0000  85.0330 300.0000
  11.000   1.1325   0.02549   0.00741   0.0259   0.1981   1.0000  85.0328 300.0000
  11.000   1.1325   0.02549   0.00741   0.0259   0.1981   1.0000  85.0328 300.0000
  11.000   1.1325   0.02549   0.00741   0.0259   0.1981   1.0000  85.0328 300.0000
  11.000   1.1325   0.02549   0.00741   0.0259   0.1981   1.0000  85.0328 300.0000
  12.000   1.1457   0.02848   0.00834   0.0368   0.1878   1.0000  86.2829 300.0000
  12.000   1.1457   0.02848   0.00834   0.0368   0.1878   1.0000  86.2830 300.0000
  12.000   1.1457   0.02848   0.00834   0.0368   0.1878   1.0000  86.2830 300.0000
  12.000   1.1457   0.02848   0.00834   0.0368   0.1878   1.0000  86.2830 300.0000
  12.000   1.1457   0.02848   0.00834   0.0368   0.1878   1.0000  86.2830 300.0000
  13.000   1.1686   0.03241   0.00990   0.0444   0.1774   1.0000  87.5939 300.0000
  13.000   1.1686   0.03241   0.00990   0.0444   0.1774   1.0000  87.5938 300.0000
  13.000   1.1686   0.03241   0.00990   0.0444   0.1774   1.0000  87.5938 300.0000
  13.000   1.1686   0.03241   0.00990   0.0444   0.1774   1.0000  87.5938 300.0000
  13.000   1.1686   0.03241   0.00990   0.0444   0.1774   1.0000  87.5938 300.0000
  14.000   1.1916   0.03733   0.01206   0.0499   0.1676   1.0000  88.8911 300.0000
  14.000   1.1916   0.03733   0.01206   0.0499   0.1676   1.0000  88.8911 300.0000
  14.000   1.1916   0.03733   0.01206   0.0499   0.1676   1.0000  88.8911 300.0000
  14.000   1.1916   0.03733   0.01206   0.0499   0.1676   1.0000  88.8911 300.0000
  14.000   1.1916   0.03733   0.01206   0.0499   0.1676   1.0000  88.8911 300.0000
  15.000   1.2125   0.04326   0.01500   0.0537   0.1579   1.0000  90.2435 300.0000
  15.000   1.2125   0.04326   0.01500   0.0537   0.1579   1.0000  90.2434 300.0000
  15.000   1.2125   0.04326   0.01500   0.0537   0.1579   1.0000  90.2434 300.0000
  15.000   1.2125   0.04326   0.01500   0.0537   0.1579   1.0000  90.2434 300.0000
  15.000   1.2125   0.04326   0.01500   0.0537   0.1579   1.0000  90.2434 300.0000
  16.000   1.2286   0.05037   0.01882   0.0559   0.1484   1.0000  91.6349 300.0000
  16.000   1.2286   0.05037   0.01882   0.0559   0.1484   1.0000  91.6349 300.0000
  16.000   1.2286   0.05037   0.01882   0.0559   0.1484   1.0000  91.6349 300.0000
  16.000   1.2286   0.05037   0.01882   0.0559   0.1484   1.0000  91.6349 300.0000
  16.000   1.2286   0.05037   0.01882   0.0559   0.1484   1.0000  91.6349 300.0000
  17.000   1.2408   0.05838   0.02323   0.0569   0.1396   1.0000  92.9785 300.0000
  17.000   1.2408   0.05838   0.02323   0.0569   0.1396   1.0000  92.9785 300.0000
  17.000   1.2408   0.05838   0.02323   0.0569   0.1396   1.0000  92.9785 300.0000
  17.000   1.2408   0.05838   0.02323   0.0569   0.1396   1.0000  92.9785 300.0000
  17.000   1.2408   0.05838   0.02323   0.0569   0.1396   1.0000  92.9785 300.0000
  18.000   1.2436   0.06811   0.02926   0.0563   0.1308   1.0000  94.4155 300.0000
  18.000   1.2436   0.06810   0.02926   0.0563   0.1308   1.0000  94.4156 300.0000
  18.000   1.2436   0.06810   0.02926   0.0563   0.1308   1.0000  94.4156 300.0000
  18.000   1.2436   0.06810   0.02926   0.0563   0.1308   1.0000  94.4156 300.0000
  18.000   1.2436   0.06810   0.02926   0.0563   0.1308   1.0000  94.4156 300.0000
  19.000   1.2431   0.07862   0.03602   0.0547   0.1226   1.0000  95.8222 300.0000
  19.000   1.2431   0.07861   0.03602   0.0547   0.1226   1.0000  95.8222 300.0000
  19.000   1.2431   0.07861   0.03602   0.0547   0.1226   1.0000  95.8222 300.0000
  19.000   1.2431   0.07861   0.03602   0.0547   0.1226   1.0000  95.8222 300.0000
  19.000   1.2431   0.07861   0.03602   0.0547   0.1226   1.0000  95.8222 300.0000
