  
       XFOIL         Version 6.99
  
 Calculated polar for: NACA 23024                                      
  
 1 1 Reynolds number fixed          Mach number fixed         
  
 xtrf =   1.000 (top)        1.000 (bottom)  
 Mach =   0.000     Re =     0.425 e 6     Ncrit =   9.000  9.000
  
   alpha    CL        CD       CDp       CM     Top_Xtr  Bot_Xtr  Top_Itr  Bot_Itr
  ------ -------- --------- --------- -------- -------- -------- -------- --------
   0.000   0.0763   0.01107   0.00139   0.0122   0.5033   0.6098  58.4177 250.2487
   0.000   0.0763   0.01107   0.00139   0.0122   0.5033   0.6098  58.4177 250.2484
   0.000   0.0763   0.01107   0.00139   0.0122   0.5033   0.6098  58.4177 250.2484
   0.000   0.0763   0.01107   0.00139   0.0122   0.5033   0.6098  58.4177 250.2484
   0.000   0.0763   0.01107   0.00139   0.0122   0.5033   0.6098  58.4177 250.2484
   1.000   0.1371   0.01112   0.00129   0.0233   0.4683   0.6547  61.0058 253.3704
   1.000   0.1371   0.01112   0.00129   0.0233   0.4683   0.6547  61.0057 253.3706
   1.000   0.1371   0.01112   0.00129   0.0233   0.4683   0.6547  61.0057 253.3706
   1.000   0.1371   0.01112   0.00129   0.0233   0.4683   0.6547  61.0057 253.3706
   1.000   0.1371   0.01112   0.00129   0.0233   0.4683   0.6547  61.0057 253.3706
   2.000   0.1982   0.01122   0.00117   0.0342   0.4343   0.7043  63.5797 256.8143
   2.000   0.1982   0.01122   0.00117   0.0342   0.4343   0.7043  63.5798 256.8141
   2.000   0.1982   0.01122   0.00117   0.0342   0.4343   0.7043  63.5798 256.8141
   2.000   0.1982   0.01122   0.00117   0.0342   0.4343   0.7043  63.5798 256.8141
   2.000   0.1982   0.01122   0.00117   0.0342   0.4343   0.7043  63.5798 256.8141
   3.000   0.2643   0.01153   0.00111   0.0438   0.4020   0.7590  66.0858 260.6875
   3.000   0.2643   0.01153   0.00111   0.0438   0.4020   0.7590  66.0857 260.6876
   3.000   0.2643   0.01153   0.00111   0.0438   0.4020   0.7590  66.0857 260.6877
   3.000   0.2643   0.01153   0.00111   0.0438   0.4020   0.7590  66.0857 260.6877
   3.000   0.2643   0.01153   0.00111   0.0438   0.4020   0.7590  66.0857 260.6877
   4.000   0.3344   0.01197   0.00112   0.0523   0.3697   0.8190  68.6767 265.2558
   4.000   0.3344   0.01197   0.00112   0.0523   0.3697   0.8190  68.6767 265.2559
   4.000   0.3344   0.01197   0.00112   0.0523   0.3697   0.8190  68.6767 265.2559
   4.000   0.3344   0.01197   0.00112   0.0523   0.3697   0.8190  68.6767 265.2559
   4.000   0.3344   0.01197   0.00112   0.0523   0.3697   0.8190  68.6767 265.2559
   5.000   0.4174   0.01268   0.00127   0.0576   0.3379   0.8807  71.3276 271.0033
   5.000   0.4174   0.01268   0.00127   0.0576   0.3379   0.8807  71.3277 271.0039
   5.000   0.4174   0.01268   0.00127   0.0576   0.3379   0.8807  71.3277 271.0039
   5.000   0.4174   0.01268   0.00127   0.0576   0.3379   0.8807  71.3277 271.0039
   5.000   0.4174   0.01268   0.00127   0.0576   0.3379   0.8807  71.3277 271.0039
   6.000   0.5614   0.01411   0.00210   0.0495   0.3032   0.9245  74.3634 277.0500
   6.000   0.5614   0.01410   0.00210   0.0495   0.3032   0.9245  74.3635 277.0522
   6.000   0.5614   0.01410   0.00210   0.0495   0.3032   0.9245  74.3635 277.0522
   6.000   0.5614   0.01410   0.00210   0.0495   0.3032   0.9245  74.3635 277.0522
   6.000   0.5614   0.01410   0.00210   0.0495   0.3032   0.9245  74.3635 277.0522
   7.000   0.7030   0.01611   0.00313   0.0413   0.2736   0.9491  77.0958 282.0276
   7.000   0.7030   0.01611   0.00313   0.0413   0.2736   0.9491  77.0958 282.0277
   7.000   0.7030   0.01611   0.00313   0.0413   0.2736   0.9491  77.0958 282.0277
   7.000   0.7030   0.01611   0.00313   0.0413   0.2736   0.9491  77.0958 282.0277
   7.000   0.7030   0.01611   0.00313   0.0413   0.2736   0.9491  77.0958 282.0277
   8.000   0.8268   0.01830   0.00419   0.0363   0.2499   0.9679  79.4157 287.1109
   8.000   0.8268   0.01830   0.00419   0.0363   0.2499   0.9679  79.4156 287.1136
   8.000   0.8268   0.01830   0.00419   0.0363   0.2499   0.9679  79.4156 287.1136
   8.000   0.8268   0.01830   0.00419   0.0363   0.2499   0.9679  79.4156 287.1136
   8.000   0.8268   0.01830   0.00419   0.0363   0.2499   0.9679  79.4156 287.1136
   9.000   0.9514   0.02066   0.00534   0.0298   0.2300   0.9831  81.4686 292.3688
   9.000   0.9514   0.02066   0.00534   0.0298   0.2300   0.9831  81.4686 292.3702
   9.000   0.9514   0.02066   0.00534   0.0298   0.2300   0.9831  81.4686 292.3702
   9.000   0.9514   0.02066   0.00534   0.0298   0.2300   0.9831  81.4686 292.3702
   9.000   0.9514   0.02066   0.00534   0.0298   0.2300   0.9831  81.4686 292.3702
  10.000   1.0750   0.02322   0.00662   0.0223   0.2128   0.9953  83.3450 297.5668
  10.000   1.0750   0.02322   0.00662   0.0223   0.2128   0.9953  83.3450 297.5741
  10.000   1.0750   0.02322   0.00662   0.0223   0.2128   0.9953  83.3450 297.5741
  10.000   1.0750   0.02322   0.00662   0.0223   0.2128   0.9953  83.3450 297.5742
  10.000   1.0750   0.02322   0.00662   0.0223   0.2128   0.9953  83.3450 297.5742
  11.000   1.1292   0.02576   0.00752   0.0264   0.2001   1.0000  84.8015 300.0000
  11.000   1.1291   0.02576   0.00752   0.0264   0.2001   1.0000  84.8015 300.0000
  11.000   1.1291   0.02576   0.00752   0.0264   0.2001   1.0000  84.8015 300.0000
  11.000   1.1291   0.02576   0.00752   0.0264   0.2001   1.0000  84.8015 300.0000
  11.000   1.1291   0.02576   0.00752   0.0264   0.2001   1.0000  84.8015 300.0000
  12.000   1.1419   0.02881   0.00840   0.0374   0.1900   1.0000  86.0103 300.0000
  12.000   1.1419   0.02881   0.00840   0.0374   0.1900   1.0000  86.0103 300.0000
  12.000   1.1419   0.02881   0.00840   0.0374   0.1900   1.0000  86.0103 300.0000
  12.000   1.1419   0.02881   0.00840   0.0374   0.1900   1.0000  86.0103 300.0000
  12.000   1.1419   0.02881   0.00840   0.0374   0.1900   1.0000  86.0103 300.0000
  13.000   1.1652   0.03271   0.00998   0.0449   0.1794   1.0000  87.3328 300.0000
  13.000   1.1652   0.03271   0.00998   0.0449   0.1794   1.0000  87.3328 300.0000
  13.000   1.1652   0.03271   0.00998   0.0449   0.1794   1.0000  87.3328 300.0000
  13.000   1.1652   0.03271   0.00998   0.0449   0.1794   1.0000  87.3328 300.0000
  13.000   1.1652   0.03271   0.00998   0.0449   0.1794   1.0000  87.3328 300.0000
  14.000   1.1888   0.03756   0.01215   0.0503   0.1692   1.0000  88.6671 300.0000
  14.000   1.1888   0.03756   0.01215   0.0503   0.1692   1.0000  88.6670 300.0000
  14.000   1.1888   0.03756   0.01215   0.0503   0.1692   1.0000  88.6670 300.0000
  14.000   1.1888   0.03756   0.01215   0.0503   0.1692   1.0000  88.6670 300.0000
  14.000   1.1888   0.03756   0.01215   0.0503   0.1692   1.0000  88.6670 300.0000
  15.000   1.2107   0.04332   0.01485   0.0542   0.1597   1.0000  89.9761 300.0000
  15.000   1.2107   0.04332   0.01485   0.0542   0.1597   1.0000  89.9760 300.0000
  15.000   1.2107   0.04332   0.01485   0.0542   0.1597   1.0000  89.9760 300.0000
  15.000   1.2107   0.04332   0.01485   0.0542   0.1597   1.0000  89.9760 300.0000
  15.000   1.2107   0.04332   0.01485   0.0542   0.1597   1.0000  89.9760 300.0000
  16.000   1.2264   0.05044   0.01872   0.0564   0.1501   1.0000  91.3746 300.0000
  16.000   1.2264   0.05044   0.01872   0.0564   0.1501   1.0000  91.3747 300.0000
  16.000   1.2264   0.05044   0.01872   0.0564   0.1501   1.0000  91.3748 300.0000
  16.000   1.2264   0.05044   0.01872   0.0564   0.1501   1.0000  91.3748 300.0000
  16.000   1.2264   0.05044   0.01872   0.0564   0.1501   1.0000  91.3748 300.0000
  17.000   1.2375   0.05862   0.02336   0.0573   0.1410   1.0000  92.7594 300.0000
  17.000   1.2375   0.05862   0.02336   0.0573   0.1410   1.0000  92.7593 300.0000
  17.000   1.2375   0.05862   0.02336   0.0573   0.1410   1.0000  92.7593 300.0000
  17.000   1.2375   0.05862   0.02336   0.0573   0.1410   1.0000  92.7593 300.0000
  17.000   1.2375   0.05862   0.02336   0.0573   0.1410   1.0000  92.7593 300.0000
  18.000   1.2448   0.06770   0.02873   0.0570   0.1325   1.0000  94.1311 300.0000
  18.000   1.2448   0.06770   0.02873   0.0570   0.1325   1.0000  94.1311 300.0000
  18.000   1.2448   0.06770   0.02873   0.0570   0.1325   1.0000  94.1311 300.0000
  18.000   1.2448   0.06770   0.02873   0.0570   0.1325   1.0000  94.1311 300.0000
  18.000   1.2448   0.06770   0.02873   0.0570   0.1325   1.0000  94.1311 300.0000
  19.000   1.2417   0.07857   0.03589   0.0552   0.1239   1.0000  95.5812 300.0000
  19.000   1.2417   0.07857   0.03589   0.0552   0.1239   1.0000  95.5812 300.0000
  19.000   1.2417   0.07857   0.03589   0.0552   0.1239   1.0000  95.5812 300.0000
  19.000   1.2417   0.07857   0.03589   0.0552   0.1239   1.0000  95.5812 300.0000
  19.000   1.2417   0.07857   0.03589   0.0552   0.1239   1.0000  95.5812 300.0000
