  
       XFOIL         Version 6.99
  
 Calculated polar for: NACA 23024                                      
  
 1 1 Reynolds number fixed          Mach number fixed         
  
 xtrf =   1.000 (top)        1.000 (bottom)  
 Mach =   0.000     Re =     0.400 e 6     Ncrit =   9.000  9.000
  
   alpha    CL        CD       CDp       CM     Top_Xtr  Bot_Xtr  Top_Itr  Bot_Itr
  ------ -------- --------- --------- -------- -------- -------- -------- --------
   0.000   0.0772   0.01130   0.00150   0.0120   0.5082   0.6152  58.0577 250.6248
   0.000   0.0772   0.01130   0.00150   0.0120   0.5082   0.6152  58.0578 250.6246
   0.000   0.0772   0.01130   0.00150   0.0120   0.5082   0.6152  58.0578 250.6246
   0.000   0.0772   0.01130   0.00150   0.0120   0.5082   0.6152  58.0578 250.6246
   0.000   0.0772   0.01130   0.00150   0.0120   0.5082   0.6152  58.0578 250.6246
   1.000   0.1395   0.01134   0.00142   0.0228   0.4721   0.6606  60.7204 253.7813
   1.000   0.1395   0.01134   0.00142   0.0228   0.4721   0.6606  60.7205 253.7811
   1.000   0.1395   0.01134   0.00142   0.0228   0.4721   0.6606  60.7205 253.7811
   1.000   0.1395   0.01134   0.00142   0.0228   0.4721   0.6606  60.7205 253.7811
   1.000   0.1395   0.01134   0.00142   0.0228   0.4721   0.6606  60.7205 253.7811
   2.000   0.2004   0.01145   0.00129   0.0338   0.4385   0.7100  63.2572 257.2117
   2.000   0.2004   0.01145   0.00129   0.0338   0.4385   0.7100  63.2575 257.2117
   2.000   0.2004   0.01145   0.00129   0.0338   0.4385   0.7100  63.2575 257.2117
   2.000   0.2004   0.01145   0.00129   0.0338   0.4385   0.7100  63.2575 257.2117
   2.000   0.2004   0.01145   0.00129   0.0338   0.4385   0.7100  63.2575 257.2117
   3.000   0.2661   0.01175   0.00124   0.0435   0.4056   0.7651  65.8081 261.1359
   3.000   0.2661   0.01175   0.00124   0.0435   0.4056   0.7651  65.8080 261.1356
   3.000   0.2661   0.01175   0.00124   0.0435   0.4056   0.7651  65.8080 261.1356
   3.000   0.2661   0.01175   0.00124   0.0435   0.4056   0.7651  65.8080 261.1356
   3.000   0.2661   0.01175   0.00124   0.0435   0.4056   0.7651  65.8080 261.1356
   4.000   0.3369   0.01222   0.00127   0.0519   0.3733   0.8250  68.3829 265.7467
   4.000   0.3369   0.01222   0.00127   0.0519   0.3733   0.8250  68.3833 265.7470
   4.000   0.3369   0.01222   0.00127   0.0519   0.3733   0.8250  68.3833 265.7469
   4.000   0.3369   0.01222   0.00127   0.0519   0.3733   0.8250  68.3833 265.7469
   4.000   0.3369   0.01222   0.00127   0.0519   0.3733   0.8250  68.3833 265.7469
   5.000   0.4255   0.01300   0.00148   0.0560   0.3410   0.8847  71.0667 271.4628
   5.000   0.4255   0.01300   0.00148   0.0560   0.3410   0.8847  71.0668 271.4628
   5.000   0.4255   0.01300   0.00148   0.0560   0.3410   0.8847  71.0668 271.4628
   5.000   0.4255   0.01300   0.00148   0.0560   0.3410   0.8847  71.0668 271.4628
   5.000   0.4255   0.01300   0.00148   0.0560   0.3410   0.8847  71.0668 271.4628
   6.000   0.5709   0.01452   0.00235   0.0476   0.3059   0.9258  74.1150 277.2871
   6.000   0.5709   0.01452   0.00235   0.0476   0.3059   0.9258  74.1148 277.2856
   6.000   0.5709   0.01452   0.00235   0.0476   0.3059   0.9258  74.1148 277.2855
   6.000   0.5709   0.01452   0.00235   0.0476   0.3059   0.9258  74.1148 277.2855
   6.000   0.5709   0.01452   0.00235   0.0476   0.3059   0.9258  74.1148 277.2855
   7.000   0.7097   0.01653   0.00339   0.0401   0.2761   0.9495  76.8615 282.1330
   7.000   0.7097   0.01653   0.00339   0.0401   0.2761   0.9495  76.8614 282.1326
   7.000   0.7097   0.01653   0.00339   0.0401   0.2761   0.9495  76.8614 282.1326
   7.000   0.7097   0.01653   0.00339   0.0401   0.2761   0.9495  76.8614 282.1326
   7.000   0.7097   0.01653   0.00339   0.0401   0.2761   0.9495  76.8614 282.1326
   8.000   0.8339   0.01878   0.00446   0.0349   0.2525   0.9683  79.1572 287.2284
   8.000   0.8339   0.01878   0.00446   0.0349   0.2525   0.9683  79.1571 287.2299
   8.000   0.8339   0.01878   0.00446   0.0349   0.2525   0.9683  79.1571 287.2299
   8.000   0.8339   0.01878   0.00446   0.0349   0.2525   0.9683  79.1571 287.2299
   8.000   0.8339   0.01878   0.00446   0.0349   0.2525   0.9683  79.1571 287.2299
   9.000   0.9591   0.02113   0.00560   0.0283   0.2323   0.9839  81.2224 292.6707
   9.000   0.9591   0.02113   0.00560   0.0283   0.2323   0.9839  81.2224 292.6711
   9.000   0.9591   0.02113   0.00560   0.0283   0.2323   0.9839  81.2224 292.6711
   9.000   0.9591   0.02113   0.00560   0.0283   0.2323   0.9839  81.2224 292.6711
   9.000   0.9591   0.02113   0.00560   0.0283   0.2323   0.9839  81.2224 292.6711
  10.000   1.0835   0.02369   0.00687   0.0206   0.2149   0.9963  83.1082 298.0528
  10.000   1.0835   0.02369   0.00687   0.0206   0.2149   0.9963  83.1082 298.0553
  10.000   1.0835   0.02369   0.00687   0.0206   0.2149   0.9963  83.1082 298.0553
  10.000   1.0835   0.02369   0.00687   0.0206   0.2149   0.9963  83.1082 298.0554
  10.000   1.0835   0.02369   0.00687   0.0206   0.2149   0.9963  83.1082 298.0554
  11.000   1.1258   0.02608   0.00765   0.0270   0.2023   1.0000  84.5396 300.0000
  11.000   1.1258   0.02608   0.00765   0.0270   0.2023   1.0000  84.5395 300.0000
  11.000   1.1258   0.02608   0.00765   0.0270   0.2023   1.0000  84.5395 300.0000
  11.000   1.1258   0.02608   0.00765   0.0270   0.2023   1.0000  84.5395 300.0000
  11.000   1.1258   0.02608   0.00765   0.0270   0.2023   1.0000  84.5395 300.0000
  12.000   1.1395   0.02909   0.00854   0.0378   0.1919   1.0000  85.7761 300.0000
  12.000   1.1395   0.02909   0.00854   0.0378   0.1919   1.0000  85.7761 300.0000
  12.000   1.1395   0.02909   0.00854   0.0378   0.1919   1.0000  85.7761 300.0000
  12.000   1.1395   0.02909   0.00854   0.0378   0.1919   1.0000  85.7761 300.0000
  12.000   1.1395   0.02909   0.00854   0.0378   0.1919   1.0000  85.7761 300.0000
  13.000   1.1634   0.03292   0.00994   0.0453   0.1817   1.0000  87.0444 300.0000
  13.000   1.1634   0.03292   0.00994   0.0453   0.1817   1.0000  87.0445 300.0000
  13.000   1.1634   0.03292   0.00994   0.0453   0.1817   1.0000  87.0445 300.0000
  13.000   1.1634   0.03292   0.00994   0.0453   0.1817   1.0000  87.0445 300.0000
  13.000   1.1634   0.03292   0.00994   0.0453   0.1817   1.0000  87.0445 300.0000
  14.000   1.1867   0.03775   0.01215   0.0508   0.1712   1.0000  88.4001 300.0000
  14.000   1.1867   0.03775   0.01215   0.0508   0.1712   1.0000  88.4001 300.0000
  14.000   1.1867   0.03775   0.01215   0.0508   0.1712   1.0000  88.4001 300.0000
  14.000   1.1867   0.03775   0.01215   0.0508   0.1712   1.0000  88.4001 300.0000
  14.000   1.1867   0.03775   0.01215   0.0508   0.1712   1.0000  88.4001 300.0000
  15.000   1.2079   0.04357   0.01498   0.0546   0.1614   1.0000  89.7460 300.0000
  15.000   1.2079   0.04357   0.01498   0.0546   0.1614   1.0000  89.7459 300.0000
  15.000   1.2079   0.04357   0.01498   0.0546   0.1614   1.0000  89.7459 300.0000
  15.000   1.2079   0.04357   0.01498   0.0546   0.1614   1.0000  89.7459 300.0000
  15.000   1.2079   0.04357   0.01498   0.0546   0.1614   1.0000  89.7459 300.0000
  16.000   1.2269   0.05023   0.01836   0.0570   0.1521   1.0000  91.0789 300.0000
  16.000   1.2269   0.05024   0.01836   0.0570   0.1521   1.0000  91.0789 300.0000
  16.000   1.2269   0.05024   0.01836   0.0570   0.1521   1.0000  91.0789 300.0000
  16.000   1.2269   0.05024   0.01836   0.0570   0.1521   1.0000  91.0789 300.0000
  16.000   1.2269   0.05024   0.01836   0.0570   0.1521   1.0000  91.0789 300.0000
  17.000   1.2363   0.05858   0.02320   0.0578   0.1427   1.0000  92.4988 300.0000
  17.000   1.2363   0.05858   0.02320   0.0578   0.1427   1.0000  92.4987 300.0000
  17.000   1.2363   0.05858   0.02320   0.0578   0.1427   1.0000  92.4987 300.0000
  17.000   1.2363   0.05858   0.02320   0.0578   0.1427   1.0000  92.4987 300.0000
  17.000   1.2363   0.05858   0.02320   0.0578   0.1427   1.0000  92.4987 300.0000
  18.000   1.2441   0.06759   0.02851   0.0575   0.1341   1.0000  93.8705 300.0000
  18.000   1.2441   0.06759   0.02851   0.0575   0.1341   1.0000  93.8705 300.0000
  18.000   1.2441   0.06759   0.02851   0.0575   0.1341   1.0000  93.8705 300.0000
  18.000   1.2441   0.06759   0.02851   0.0575   0.1341   1.0000  93.8705 300.0000
  18.000   1.2441   0.06759   0.02851   0.0575   0.1341   1.0000  93.8705 300.0000
  19.000   1.2435   0.07808   0.03529   0.0559   0.1256   1.0000  95.2881 300.0000
  19.000   1.2435   0.07808   0.03529   0.0559   0.1256   1.0000  95.2881 300.0000
  19.000   1.2435   0.07808   0.03529   0.0559   0.1256   1.0000  95.2881 300.0000
  19.000   1.2435   0.07808   0.03529   0.0559   0.1256   1.0000  95.2881 300.0000
  19.000   1.2435   0.07808   0.03529   0.0559   0.1256   1.0000  95.2881 300.0000
