xflr5 v6.61

 Calculated polar for: S8037 (16%)

 1 1 Reynolds number fixed          Mach number fixed         

 xtrf =   1.000 (top)        1.000 (bottom)
 Mach =   0.000     Re =     0.100 e 6     Ncrit =   9.000

  alpha     CL        CD       CDp       Cm    Top Xtr Bot Xtr   Cpmin    Chinge    XCp    
 ------- -------- --------- --------- -------- ------- ------- -------- --------- ---------
   0.000   0.3807   0.02540   0.01793  -0.0661  0.7588  0.9421  -0.7664   0.0000   0.0000   0.0000   0.4229
   0.100   0.3885   0.02561   0.01815  -0.0661  0.7545  0.9479  -0.7733   0.0000   0.0000   0.0000   0.4191
   0.200   0.4001   0.02570   0.01824  -0.0665  0.7508  0.9526  -0.7829   0.0000   0.0000   0.0000   0.4152
   0.300   0.4210   0.02566   0.01818  -0.0686  0.7477  0.9555  -0.7985   0.0000   0.0000   0.0000   0.4117
   0.400   0.4406   0.02560   0.01810  -0.0704  0.7450  0.9590  -0.8142   0.0000   0.0000   0.0000   0.4082
   0.500   0.4573   0.02558   0.01806  -0.0717  0.7424  0.9632  -0.8286   0.0000   0.0000   0.0000   0.4050
   0.600   0.4713   0.02557   0.01803  -0.0724  0.7399  0.9678  -0.8415   0.0000   0.0000   0.0000   0.4016
   0.700   0.4929   0.02542   0.01784  -0.0744  0.7377  0.9702  -0.8595   0.0000   0.0000   0.0000   0.3989
   0.800   0.5128   0.02526   0.01766  -0.0761  0.7355  0.9731  -0.8765   0.0000   0.0000   0.0000   0.3962
   0.900   0.5308   0.02513   0.01749  -0.0774  0.7334  0.9762  -0.8926   0.0000   0.0000   0.0000   0.3935
   1.000   0.5470   0.02507   0.01740  -0.0784  0.7312  0.9797  -0.9087   0.0000   0.0000   0.0000   0.3907
   1.100   0.5653   0.02508   0.01737  -0.0799  0.7288  0.9824  -0.9262   0.0000   0.0000   0.0000   0.3886
   1.200   0.5792   0.02523   0.01757  -0.0814  0.7243  0.9870  -0.9390   0.0000   0.0000   0.0000   0.3877
   1.300   0.5941   0.02532   0.01769  -0.0828  0.7199  0.9914  -0.9532   0.0000   0.0000   0.0000   0.3864
   1.400   0.6126   0.02526   0.01764  -0.0847  0.7160  0.9951  -0.9704   0.0000   0.0000   0.0000   0.3852
   1.500   0.6319   0.02514   0.01752  -0.0866  0.7125  0.9985  -0.9886   0.0000   0.0000   0.0000   0.3838
   1.600   0.6437   0.02508   0.01745  -0.0871  0.7092  1.0000  -1.0015   0.0000   0.0000   0.0000   0.3819
   1.700   0.6498   0.02505   0.01745  -0.0864  0.7061  1.0000  -1.0117   0.0000   0.0000   0.0000   0.3794
   1.800   0.6569   0.02497   0.01735  -0.0858  0.7033  1.0000  -1.0230   0.0000   0.0000   0.0000   0.3768
   1.900   0.6648   0.02488   0.01723  -0.0852  0.7007  1.0000  -1.0350   0.0000   0.0000   0.0000   0.3743
   2.000   0.6731   0.02479   0.01711  -0.0847  0.6984  1.0000  -1.0474   0.0000   0.0000   0.0000   0.3718
   2.100   0.6818   0.02475   0.01703  -0.0842  0.6961  1.0000  -1.0602   0.0000   0.0000   0.0000   0.3694
   2.200   0.6900   0.02485   0.01710  -0.0837  0.6937  1.0000  -1.0725   0.0000   0.0000   0.0000   0.3671
   2.300   0.6835   0.02531   0.01763  -0.0817  0.6888  1.0000  -1.0714   0.0000   0.0000   0.0000   0.3652
   2.400   0.6800   0.02568   0.01803  -0.0799  0.6840  1.0000  -1.0737   0.0000   0.0000   0.0000   0.3630
   2.500   0.6801   0.02589   0.01826  -0.0784  0.6797  1.0000  -1.0796   0.0000   0.0000   0.0000   0.3607
   2.600   0.6834   0.02596   0.01833  -0.0773  0.6760  1.0000  -1.0887   0.0000   0.0000   0.0000   0.3584
   2.700   0.6884   0.02595   0.01831  -0.0764  0.6726  1.0000  -1.0995   0.0000   0.0000   0.0000   0.3560
   2.800   0.6954   0.02587   0.01821  -0.0756  0.6696  1.0000  -1.1124   0.0000   0.0000   0.0000   0.3537
   2.900   0.7040   0.02573   0.01805  -0.0750  0.6670  1.0000  -1.1268   0.0000   0.0000   0.0000   0.3515
   3.000   0.7138   0.02555   0.01784  -0.0746  0.6646  1.0000  -1.1424   0.0000   0.0000   0.0000   0.3493
   3.100   0.7243   0.02538   0.01764  -0.0743  0.6623  1.0000  -1.1588   0.0000   0.0000   0.0000   0.3472
   3.200   0.7355   0.02525   0.01747  -0.0740  0.6601  1.0000  -1.1759   0.0000   0.0000   0.0000   0.3452
   3.300   0.7464   0.02528   0.01746  -0.0738  0.6578  1.0000  -1.1925   0.0000   0.0000   0.0000   0.3433
   3.400   0.7313   0.02597   0.01824  -0.0703  0.6522  1.0000  -1.1836   0.0000   0.0000   0.0000   0.3404
   3.500   0.7237   0.02646   0.01875  -0.0677  0.6468  1.0000  -1.1821   0.0000   0.0000   0.0000   0.3377
   3.600   0.7237   0.02666   0.01896  -0.0661  0.6424  1.0000  -1.1883   0.0000   0.0000   0.0000   0.3353
   3.700   0.7283   0.02669   0.01899  -0.0650  0.6387  1.0000  -1.2004   0.0000   0.0000   0.0000   0.3330
   3.800   0.7360   0.02661   0.01890  -0.0642  0.6354  1.0000  -1.2158   0.0000   0.0000   0.0000   0.3310
   3.900   0.7464   0.02644   0.01870  -0.0638  0.6326  1.0000  -1.2341   0.0000   0.0000   0.0000   0.3291
   4.000   0.7586   0.02620   0.01844  -0.0637  0.6301  1.0000  -1.2544   0.0000   0.0000   0.0000   0.3274
   4.100   0.7717   0.02594   0.01816  -0.0637  0.6278  1.0000  -1.2759   0.0000   0.0000   0.0000   0.3258
   4.200   0.7857   0.02570   0.01788  -0.0638  0.6256  1.0000  -1.2982   0.0000   0.0000   0.0000   0.3244
   4.300   0.8011   0.02548   0.01763  -0.0641  0.6234  1.0000  -1.3220   0.0000   0.0000   0.0000   0.3231
   4.400   0.8077   0.02563   0.01776  -0.0633  0.6201  1.0000  -1.3364   0.0000   0.0000   0.0000   0.3213
   4.500   0.7934   0.02638   0.01859  -0.0597  0.6142  1.0000  -1.3281   0.0000   0.0000   0.0000   0.3181
   4.600   0.7899   0.02677   0.01900  -0.0575  0.6089  1.0000  -1.3317   0.0000   0.0000   0.0000   0.3155
   4.700   0.7931   0.02689   0.01913  -0.0562  0.6045  1.0000  -1.3424   0.0000   0.0000   0.0000   0.3134
   4.800   0.8015   0.02681   0.01905  -0.0556  0.6008  1.0000  -1.3590   0.0000   0.0000   0.0000   0.3117
   4.900   0.8132   0.02659   0.01882  -0.0553  0.5977  1.0000  -1.3792   0.0000   0.0000   0.0000   0.3103
   5.000   0.8269   0.02630   0.01851  -0.0554  0.5949  1.0000  -1.4043   0.0000   0.0000   0.0000   0.3091
   5.100   0.8421   0.02597   0.01829  -0.0556  0.5923  1.0000  -1.4313   0.0000   0.0000   0.0000   0.3081
   5.200   0.8594   0.02560   0.01788  -0.0562  0.5898  1.0000  -1.4608   0.0000   0.0000   0.0000   0.3073
   5.300   0.8774   0.02526   0.01750  -0.0569  0.5872  1.0000  -1.4936   0.0000   0.0000   0.0000   0.3066
   5.400   0.8878   0.02528   0.01750  -0.0566  0.5838  1.0000  -1.5177   0.0000   0.0000   0.0000   0.3054
   5.500   0.8772   0.02592   0.01822  -0.0534  0.5782  1.0000  -1.5144   0.0000   0.0000   0.0000   0.3024
   5.600   0.8738   0.02631   0.01865  -0.0512  0.5728  1.0000  -1.5204   0.0000   0.0000   0.0000   0.3000
   5.700   0.8782   0.02638   0.01873  -0.0500  0.5680  1.0000  -1.5371   0.0000   0.0000   0.0000   0.2982
   5.800   0.8879   0.02622   0.01857  -0.0495  0.5640  1.0000  -1.5609   0.0000   0.0000   0.0000   0.2968
   5.900   0.9018   0.02589   0.01823  -0.0495  0.5604  1.0000  -1.5902   0.0000   0.0000   0.0000   0.2959
   6.000   0.9185   0.02548   0.01779  -0.0500  0.5571  1.0000  -1.6236   0.0000   0.0000   0.0000   0.2953
   6.100   0.9370   0.02504   0.01731  -0.0507  0.5540  1.0000  -1.6595   0.0000   0.0000   0.0000   0.2949
   6.200   0.9560   0.02466   0.01687  -0.0516  0.5506  1.0000  -1.6963   0.0000   0.0000   0.0000   0.2946
   6.300   0.9630   0.02478   0.01699  -0.0508  0.5464  1.0000  -1.7166   0.0000   0.0000   0.0000   0.2933
   6.400   0.9561   0.02526   0.01755  -0.0480  0.5409  1.0000  -1.7182   0.0000   0.0000   0.0000   0.2906
   6.500   0.9561   0.02549   0.01783  -0.0462  0.5355  1.0000  -1.7292   0.0000   0.0000   0.0000   0.2886
   6.600   0.9628   0.02547   0.01782  -0.0453  0.5305  1.0000  -1.7494   0.0000   0.0000   0.0000   0.2871
   6.700   0.9744   0.02527   0.01760  -0.0451  0.5260  1.0000  -1.7765   0.0000   0.0000   0.0000   0.2862
   6.800   0.9893   0.02494   0.01725  -0.0454  0.5219  1.0000  -1.8100   0.0000   0.0000   0.0000   0.2857
   6.900   1.0065   0.02457   0.01683  -0.0460  0.5178  1.0000  -1.8499   0.0000   0.0000   0.0000   0.2853
   7.000   1.0255   0.02425   0.01643  -0.0469  0.5135  1.0000  -1.8927   0.0000   0.0000   0.0000   0.2853
   7.100   1.0282   0.02447   0.01668  -0.0455  0.5086  1.0000  -1.9101   0.0000   0.0000   0.0000   0.2836
   7.200   1.0253   0.02479   0.01707  -0.0432  0.5030  1.0000  -1.9191   0.0000   0.0000   0.0000   0.2814
   7.300   1.0284   0.02490   0.01721  -0.0418  0.4972  1.0000  -1.9374   0.0000   0.0000   0.0000   0.2797
   7.400   1.0369   0.02480   0.01710  -0.0412  0.4916  1.0000  -1.9645   0.0000   0.0000   0.0000   0.2786
   7.500   1.0495   0.02455   0.01683  -0.0411  0.4864  1.0000  -1.9996   0.0000   0.0000   0.0000   0.2779
   7.600   1.0644   0.02427   0.01648  -0.0414  0.4814  1.0000  -2.0425   0.0000   0.0000   0.0000   0.2775
   7.700   1.0853   0.02407   0.01628  -0.0427  0.4755  1.0000  -2.0955   0.0000   0.0000   0.0000   0.2778
   7.800   1.0809   0.02441   0.01673  -0.0402  0.4705  1.0000  -2.1040   0.0000   0.0000   0.0000   0.2755
   7.900   1.0807   0.02465   0.01703  -0.0383  0.4647  1.0000  -2.1200   0.0000   0.0000   0.0000   0.2737
   8.000   1.0853   0.02472   0.01713  -0.0371  0.4586  1.0000  -2.1446   0.0000   0.0000   0.0000   0.2723
   8.100   1.0940   0.02465   0.01703  -0.0365  0.4526  1.0000  -2.1772   0.0000   0.0000   0.0000   0.2713
   8.200   1.1063   0.02447   0.01679  -0.0364  0.4467  1.0000  -2.2165   0.0000   0.0000   0.0000   0.2707
   8.300   1.1268   0.02433   0.01647  -0.0377  0.4395  1.0000  -2.2703   0.0000   0.0000   0.0000   0.2711
   8.400   1.1229   0.02463   0.01688  -0.0353  0.4344  1.0000  -2.2798   0.0000   0.0000   0.0000   0.2689
   8.500   1.1225   0.02486   0.01717  -0.0334  0.4282  1.0000  -2.2959   0.0000   0.0000   0.0000   0.2670
   8.600   1.1260   0.02497   0.01728  -0.0320  0.4218  1.0000  -2.3194   0.0000   0.0000   0.0000   0.2656
   8.700   1.1327   0.02496   0.01725  -0.0311  0.4154  1.0000  -2.3491   0.0000   0.0000   0.0000   0.2645
   8.800   1.1453   0.02488   0.01705  -0.0312  0.4087  1.0000  -2.3900   0.0000   0.0000   0.0000   0.2640
   8.900   1.1549   0.02504   0.01714  -0.0309  0.4018  1.0000  -2.4296   0.0000   0.0000   0.0000   0.2634
   9.000   1.1526   0.02533   0.01751  -0.0287  0.3963  1.0000  -2.4450   0.0000   0.0000   0.0000   0.2614
   9.100   1.1534   0.02555   0.01776  -0.0270  0.3902  1.0000  -2.4670   0.0000   0.0000   0.0000   0.2598
   9.200   1.1569   0.02568   0.01788  -0.0257  0.3839  1.0000  -2.4952   0.0000   0.0000   0.0000   0.2584
   9.300   1.1638   0.02574   0.01788  -0.0249  0.3776  1.0000  -2.5310   0.0000   0.0000   0.0000   0.2574
   9.400   1.1812   0.02586   0.01778  -0.0259  0.3691  1.0000  -2.5886   0.0000   0.0000   0.0000   0.2578
   9.500   1.1774   0.02617   0.01819  -0.0235  0.3646  1.0000  -2.6008   0.0000   0.0000   0.0000   0.2557
   9.600   1.1759   0.02647   0.01854  -0.0216  0.3592  1.0000  -2.6181   0.0000   0.0000   0.0000   0.2539
   9.700   1.1769   0.02672   0.01881  -0.0200  0.3535  1.0000  -2.6407   0.0000   0.0000   0.0000   0.2523
   9.800   1.1798   0.02691   0.01900  -0.0186  0.3478  1.0000  -2.6680   0.0000   0.0000   0.0000   0.2510
   9.900   1.1868   0.02708   0.01908  -0.0180  0.3418  1.0000  -2.7043   0.0000   0.0000   0.0000   0.2502
  10.000   1.2016   0.02741   0.01924  -0.0186  0.3340  1.0000  -2.7560   0.0000   0.0000   0.0000   0.2504
  10.100   1.1976   0.02775   0.01967  -0.0163  0.3302  1.0000  -2.7677   0.0000   0.0000   0.0000   0.2484
  10.200   1.1950   0.02807   0.02004  -0.0142  0.3256  1.0000  -2.7823   0.0000   0.0000   0.0000   0.2464
  10.300   1.1944   0.02836   0.02037  -0.0124  0.3207  1.0000  -2.8016   0.0000   0.0000   0.0000   0.2448
  10.400   1.1957   0.02862   0.02062  -0.0110  0.3155  1.0000  -2.8255   0.0000   0.0000   0.0000   0.2434
  10.500   1.1996   0.02886   0.02080  -0.0099  0.3102  1.0000  -2.8554   0.0000   0.0000   0.0000   0.2423
  10.600   1.2182   0.02923   0.02094  -0.0112  0.3014  1.0000  -2.9164   0.0000   0.0000   0.0000   0.2431
  10.700   1.2131   0.02959   0.02140  -0.0089  0.2983  1.0000  -2.9254   0.0000   0.0000   0.0000   0.2410
  10.800   1.2098   0.02998   0.02186  -0.0069  0.2943  1.0000  -2.9383   0.0000   0.0000   0.0000   0.2392
  10.900   1.2086   0.03036   0.02228  -0.0053  0.2898  1.0000  -2.9558   0.0000   0.0000   0.0000   0.2377
  11.000   1.2093   0.03071   0.02264  -0.0040  0.2850  1.0000  -2.9778   0.0000   0.0000   0.0000   0.2364
  11.100   1.2114   0.03103   0.02304  -0.0028  0.2803  1.0000  -3.0035   0.0000   0.0000   0.0000   0.2353
  11.200   1.2179   0.03133   0.02324  -0.0023  0.2750  1.0000  -3.0392   0.0000   0.0000   0.0000   0.2347
  11.300   1.2308   0.03183   0.02361  -0.0026  0.2680  1.0000  -3.0872   0.0000   0.0000   0.0000   0.2348
  11.400   1.2271   0.03231   0.02419  -0.0009  0.2650  1.0000  -3.0983   0.0000   0.0000   0.0000   0.2332
  11.500   1.2251   0.03280   0.02476   0.0006  0.2614  1.0000  -3.1129   0.0000   0.0000   0.0000   0.2318
  11.600   1.2248   0.03328   0.02529   0.0018  0.2574  1.0000  -3.1313   0.0000   0.0000   0.0000   0.2306
  11.700   1.2259   0.03371   0.02573   0.0029  0.2531  1.0000  -3.1538   0.0000   0.0000   0.0000   0.2296
  11.800   1.2280   0.03411   0.02612   0.0038  0.2489  1.0000  -3.1790   0.0000   0.0000   0.0000   0.2286
  11.900   1.2331   0.03448   0.02642   0.0044  0.2443  1.0000  -3.2116   0.0000   0.0000   0.0000   0.2280
  12.000   1.2481   0.03500   0.02678   0.0039  0.2372  1.0000  -3.2647   0.0000   0.0000   0.0000   0.2283
  12.100   1.2437   0.03559   0.02747   0.0054  0.2348  1.0000  -3.2732   0.0000   0.0000   0.0000   0.2268
  12.200   1.2406   0.03619   0.02816   0.0067  0.2317  1.0000  -3.2847   0.0000   0.0000   0.0000   0.2256
  12.300   1.2390   0.03677   0.02880   0.0078  0.2282  1.0000  -3.3023   0.0000   0.0000   0.0000   0.2245
  12.400   1.2389   0.03731   0.02937   0.0088  0.2244  1.0000  -3.3258   0.0000   0.0000   0.0000   0.2235
  12.500   1.2400   0.03780   0.02987   0.0096  0.2206  1.0000  -3.3531   0.0000   0.0000   0.0000   0.2226
  12.600   1.2422   0.03827   0.03031   0.0104  0.2169  1.0000  -3.3837   0.0000   0.0000   0.0000   0.2218
  12.700   1.2504   0.03865   0.03058   0.0106  0.2122  1.0000  -3.4311   0.0000   0.0000   0.0000   0.2215
  12.800   1.2606   0.03932   0.03119   0.0106  0.2070  1.0000  -3.4865   0.0000   0.0000   0.0000   0.2214
  12.900   1.2568   0.04006   0.03204   0.0117  0.2049  1.0000  -3.5077   0.0000   0.0000   0.0000   0.2203
  13.000   1.2542   0.04082   0.03289   0.0127  0.2023  1.0000  -3.5334   0.0000   0.0000   0.0000   0.2193
  13.100   1.2525   0.04156   0.03370   0.0136  0.1995  1.0000  -3.5630   0.0000   0.0000   0.0000   0.2184
  13.200   1.2519   0.04226   0.03444   0.0144  0.1965  1.0000  -3.5974   0.0000   0.0000   0.0000   0.2175
  13.300   1.2524   0.04289   0.03510   0.0151  0.1934  1.0000  -3.6374   0.0000   0.0000   0.0000   0.2168
  13.400   1.2544   0.04344   0.03565   0.0156  0.1902  1.0000  -3.6842   0.0000   0.0000   0.0000   0.2161
  13.500   1.2579   0.04394   0.03611   0.0161  0.1870  1.0000  -3.7378   0.0000   0.0000   0.0000   0.2156
  13.600   1.2799   0.04436   0.03631   0.0155  0.1800  1.0000  -3.8660   0.0000   0.0000   0.0000   0.2162
  13.700   1.2742   0.04523   0.03729   0.0165  0.1786  1.0000  -3.8792   0.0000   0.0000   0.0000   0.2151
  13.800   1.2689   0.04616   0.03833   0.0174  0.1770  1.0000  -3.8938   0.0000   0.0000   0.0000   0.2141
  13.900   1.2643   0.04711   0.03938   0.0182  0.1750  1.0000  -3.9108   0.0000   0.0000   0.0000   0.2132
  14.000   1.2607   0.04805   0.04040   0.0189  0.1727  1.0000  -3.9323   0.0000   0.0000   0.0000   0.2124
  14.100   1.2580   0.04897   0.04138   0.0196  0.1703  1.0000  -3.9576   0.0000   0.0000   0.0000   0.2116
  14.200   1.2564   0.04981   0.04227   0.0201  0.1678  1.0000  -3.9884   0.0000   0.0000   0.0000   0.2109
  14.300   1.2565   0.05054   0.04301   0.0206  0.1651  1.0000  -4.0273   0.0000   0.0000   0.0000   0.2103
  14.400   1.2584   0.05113   0.04359   0.0210  0.1624  1.0000  -4.0758   0.0000   0.0000   0.0000   0.2098
  14.500   1.2624   0.05162   0.04403   0.0213  0.1596  1.0000  -4.1344   0.0000   0.0000   0.0000   0.2094
  14.700   1.2774   0.05316   0.04548   0.0218  0.1526  1.0000  -4.2724   0.0000   0.0000   0.0000   0.2089
  14.800   1.2720   0.05431   0.04674   0.0223  0.1515  1.0000  -4.2838   0.0000   0.0000   0.0000   0.2082
  14.900   1.2658   0.05555   0.04810   0.0229  0.1503  1.0000  -4.2912   0.0000   0.0000   0.0000   0.2074
  15.000   1.2598   0.05685   0.04950   0.0233  0.1489  1.0000  -4.2989   0.0000   0.0000   0.0000   0.2067
  15.100   1.2543   0.05817   0.05091   0.0237  0.1475  1.0000  -4.3084   0.0000   0.0000   0.0000   0.2061
  15.200   1.2492   0.05950   0.05232   0.0241  0.1459  1.0000  -4.3193   0.0000   0.0000   0.0000   0.2055
  15.300   1.2440   0.06087   0.05377   0.0243  0.1444  1.0000  -4.3298   0.0000   0.0000   0.0000   0.2050
  15.400   1.2397   0.06219   0.05516   0.0246  0.1428  1.0000  -4.3443   0.0000   0.0000   0.0000   0.2045
  15.500   1.2364   0.06343   0.05646   0.0248  0.1412  1.0000  -4.3641   0.0000   0.0000   0.0000   0.2040
  15.600   1.2348   0.06454   0.05761   0.0250  0.1394  1.0000  -4.3919   0.0000   0.0000   0.0000   0.2036
  15.700   1.2352   0.06546   0.05854   0.0252  0.1376  1.0000  -4.4305   0.0000   0.0000   0.0000   0.2032
  15.800   1.2394   0.06604   0.05920   0.0254  0.1356  1.0000  -4.4828   0.0000   0.0000   0.0000   0.2029
  15.900   1.2478   0.06634   0.05944   0.0256  0.1332  1.0000  -4.5607   0.0000   0.0000   0.0000   0.2027
  16.000   1.2558   0.06719   0.06025   0.0259  0.1305  1.0000  -4.6323   0.0000   0.0000   0.0000   0.2025
  16.100   1.2500   0.06950   0.06261   0.0260  0.1288  1.0000  -4.6298   0.0000   0.0000   0.0000   0.2021
  16.200   1.2396   0.07141   0.06463   0.0260  0.1284  1.0000  -4.6117   0.0000   0.0000   0.0000   0.2016
  16.300   1.2285   0.07346   0.06679   0.0259  0.1279  1.0000  -4.5894   0.0000   0.0000   0.0000   0.2013
  16.400   1.2168   0.07567   0.06911   0.0257  0.1275  1.0000  -4.5621   0.0000   0.0000   0.0000   0.2010
  16.500   1.2034   0.07815   0.07170   0.0253  0.1271  1.0000  -4.5253   0.0000   0.0000   0.0000   0.2008
  16.600   1.1891   0.08083   0.07448   0.0248  0.1268  1.0000  -4.4820   0.0000   0.0000   0.0000   0.2007
  16.700   1.1726   0.08385   0.07761   0.0240  0.1266  1.0000  -4.4259   0.0000   0.0000   0.0000   0.2007
  16.800   1.1542   0.08729   0.08115   0.0230  0.1264  1.0000  -4.3574   0.0000   0.0000   0.0000   0.2010
  16.900   1.1319   0.09146   0.08534   0.0216  0.1264  1.0000  -4.2689   0.0000   0.0000   0.0000   0.2016
  17.000   1.1042   0.09667   0.09066   0.0196  0.1266  1.0000  -4.1401   0.0000   0.0000   0.0000   0.2027
  17.100   1.0619   0.10460   0.09870   0.0161  0.1272  1.0000  -3.9192   0.0000   0.0000   0.0000   0.2050
  17.600   0.7954   0.17430   0.16832  -0.0186  0.1328  1.0000  -2.0288   0.0000   0.0000   0.0000   0.2450
  17.700   0.7994   0.17547   0.16951  -0.0188  0.1322  1.0000  -2.0625   0.0000   0.0000   0.0000   0.2449
  17.800   0.8036   0.17666   0.17072  -0.0189  0.1316  1.0000  -2.0973   0.0000   0.0000   0.0000   0.2448
  17.900   0.8082   0.17788   0.17196  -0.0189  0.1311  1.0000  -2.1350   0.0000   0.0000   0.0000   0.2445
  18.000   0.8135   0.17913   0.17324  -0.0188  0.1305  1.0000  -2.1772   0.0000   0.0000   0.0000   0.2441
  18.300   0.7430   0.20061   0.19453  -0.0333  0.1651  1.0000  -1.5437   0.0000   0.0000   0.0000   0.2664
  18.400   0.7463   0.20184   0.19578  -0.0337  0.1634  1.0000  -1.5661   0.0000   0.0000   0.0000   0.2666
  18.500   0.7509   0.20298   0.19694  -0.0339  0.1616  1.0000  -1.5981   0.0000   0.0000   0.0000   0.2663
  18.600   0.7577   0.20407   0.19805  -0.0337  0.1598  1.0000  -1.6448   0.0000   0.0000   0.0000   0.2655
  18.700   0.7687   0.20529   0.19931  -0.0329  0.1578  1.0000  -1.7200   0.0000   0.0000   0.0000   0.2637
  18.800   0.7996   0.20897   0.20317  -0.0296  0.1550  1.0000  -1.9276   0.0000   0.0000   0.0000   0.2578
  18.900   0.8092   0.21638   0.21060  -0.0289  0.1535  1.0000  -1.9851   0.0000   0.0000   0.0000   0.2565
  19.000   0.8091   0.21818   0.21241  -0.0298  0.1534  1.0000  -1.9819   0.0000   0.0000   0.0000   0.2575
  19.100   0.8075   0.21975   0.21398  -0.0310  0.1533  1.0000  -1.9693   0.0000   0.0000   0.0000   0.2588
  19.200   0.8051   0.22105   0.21527  -0.0322  0.1531  1.0000  -1.9518   0.0000   0.0000   0.0000   0.2603
  19.300   0.8018   0.22201   0.21623  -0.0335  0.1529  1.0000  -1.9293   0.0000   0.0000   0.0000   0.2620
  19.400   0.7964   0.22238   0.21658  -0.0351  0.1525  1.0000  -1.8945   0.0000   0.0000   0.0000   0.2640
  19.500   0.7836   0.22096   0.21513  -0.0376  0.1515  1.0000  -1.8174   0.0000   0.0000   0.0000   0.2676
  19.600   0.7701   0.21970   0.21382  -0.0406  0.1474  1.0000  -1.7294   0.0000   0.0000   0.0000   0.2720
  19.700   0.7700   0.22084   0.21497  -0.0417  0.1446  1.0000  -1.7269   0.0000   0.0000   0.0000   0.2732
  19.800   0.7716   0.22213   0.21627  -0.0424  0.1423  1.0000  -1.7372   0.0000   0.0000   0.0000   0.2738
  19.900   0.7740   0.22343   0.21758  -0.0429  0.1403  1.0000  -1.7534   0.0000   0.0000   0.0000   0.2741
  20.000   0.7771   0.22471   0.21888  -0.0433  0.1386  1.0000  -1.7743   0.0000   0.0000   0.0000   0.2742


