xflr5 v6.61

 Calculated polar for: S8037 (16%)

 1 1 Reynolds number fixed          Mach number fixed         

 xtrf =   1.000 (top)        1.000 (bottom)
 Mach =   0.000     Re =     0.060 e 6     Ncrit =   9.000

  alpha     CL        CD       CDp       Cm    Top Xtr Bot Xtr   Cpmin    Chinge    XCp    
 ------- -------- --------- --------- -------- ------- ------- -------- --------- ---------
   0.000   0.3315   0.03843   0.02936  -0.0767  0.8283  1.0000  -0.6968   0.0000   0.0000   0.0000   0.4814
   0.100   0.2601   0.03931   0.03033  -0.0648  0.8210  1.0000  -0.6509   0.0000   0.0000   0.0000   0.4995
   0.200   0.2444   0.03955   0.03057  -0.0613  0.8163  1.0000  -0.6420   0.0000   0.0000   0.0000   0.5012
   0.300   0.2392   0.03970   0.03070  -0.0594  0.8123  1.0000  -0.6401   0.0000   0.0000   0.0000   0.4983
   0.400   0.2408   0.03982   0.03079  -0.0584  0.8087  1.0000  -0.6426   0.0000   0.0000   0.0000   0.4923
   0.500   0.2474   0.03993   0.03083  -0.0581  0.8055  1.0000  -0.6486   0.0000   0.0000   0.0000   0.4844
   0.600   0.2584   0.04005   0.03091  -0.0585  0.8028  1.0000  -0.6577   0.0000   0.0000   0.0000   0.4756
   0.700   0.2740   0.04019   0.03101  -0.0595  0.8005  1.0000  -0.6708   0.0000   0.0000   0.0000   0.4661
   0.800   0.2952   0.04037   0.03115  -0.0614  0.7983  1.0000  -0.6878   0.0000   0.0000   0.0000   0.4564
   0.900   0.3024   0.04070   0.03144  -0.0612  0.7957  1.0000  -0.6950   0.0000   0.0000   0.0000   0.4506
   1.000   0.2461   0.04113   0.03188  -0.0518  0.7909  1.0000  -0.6577   0.0000   0.0000   0.0000   0.4584
   1.100   0.2263   0.04139   0.03211  -0.0476  0.7870  1.0000  -0.6457   0.0000   0.0000   0.0000   0.4583
   1.200   0.2185   0.04163   0.03231  -0.0452  0.7830  1.0000  -0.6421   0.0000   0.0000   0.0000   0.4544
   1.300   0.2191   0.04184   0.03248  -0.0439  0.7791  1.0000  -0.6445   0.0000   0.0000   0.0000   0.4478
   1.400   0.2268   0.04203   0.03263  -0.0436  0.7752  1.0000  -0.6519   0.0000   0.0000   0.0000   0.4395
   1.500   0.2414   0.04221   0.03277  -0.0443  0.7716  1.0000  -0.6643   0.0000   0.0000   0.0000   0.4302
   1.600   0.2635   0.04238   0.03290  -0.0459  0.7684  1.0000  -0.6823   0.0000   0.0000   0.0000   0.4210
   1.700   0.2926   0.04258   0.03307  -0.0486  0.7657  1.0000  -0.7063   0.0000   0.0000   0.0000   0.4125
   1.800   0.3169   0.04293   0.03338  -0.0506  0.7631  1.0000  -0.7274   0.0000   0.0000   0.0000   0.4060
   1.900   0.2699   0.04355   0.03395  -0.0429  0.7582  1.0000  -0.6938   0.0000   0.0000   0.0000   0.4047
   2.000   0.2562   0.04399   0.03436  -0.0398  0.7543  1.0000  -0.6853   0.0000   0.0000   0.0000   0.4009
   2.100   0.2520   0.04438   0.03472  -0.0380  0.7504  1.0000  -0.6840   0.0000   0.0000   0.0000   0.3961
   2.200   0.2542   0.04471   0.03502  -0.0370  0.7464  1.0000  -0.6878   0.0000   0.0000   0.0000   0.3907
   2.300   0.2625   0.04498   0.03526  -0.0368  0.7424  1.0000  -0.6965   0.0000   0.0000   0.0000   0.3851
   2.400   0.2773   0.04519   0.03545  -0.0374  0.7385  1.0000  -0.7105   0.0000   0.0000   0.0000   0.3795
   2.500   0.2994   0.04535   0.03557  -0.0388  0.7350  1.0000  -0.7305   0.0000   0.0000   0.0000   0.3743
   2.600   0.3300   0.04548   0.03569  -0.0413  0.7319  1.0000  -0.7575   0.0000   0.0000   0.0000   0.3699
   2.700   0.3672   0.04567   0.03588  -0.0448  0.7294  1.0000  -0.7904   0.0000   0.0000   0.0000   0.3665
   2.800   0.3153   0.04658   0.03673  -0.0370  0.7228  1.0000  -0.7492   0.0000   0.0000   0.0000   0.3613
   2.900   0.3044   0.04711   0.03723  -0.0344  0.7181  1.0000  -0.7424   0.0000   0.0000   0.0000   0.3569
   3.000   0.3032   0.04757   0.03767  -0.0332  0.7142  1.0000  -0.7437   0.0000   0.0000   0.0000   0.3529
   3.100   0.3072   0.04797   0.03805  -0.0325  0.7103  1.0000  -0.7497   0.0000   0.0000   0.0000   0.3491
   3.200   0.3170   0.04827   0.03834  -0.0325  0.7065  1.0000  -0.7607   0.0000   0.0000   0.0000   0.3456
   3.300   0.3329   0.04847   0.03853  -0.0331  0.7027  1.0000  -0.7775   0.0000   0.0000   0.0000   0.3424
   3.400   0.3565   0.04857   0.03862  -0.0345  0.6993  1.0000  -0.8013   0.0000   0.0000   0.0000   0.3399
   3.500   0.3880   0.04859   0.03864  -0.0368  0.6963  1.0000  -0.8325   0.0000   0.0000   0.0000   0.3380
   3.600   0.4164   0.04881   0.03886  -0.0388  0.6933  1.0000  -0.8620   0.0000   0.0000   0.0000   0.3363
   3.700   0.3632   0.05005   0.04004  -0.0317  0.6856  1.0000  -0.8145   0.0000   0.0000   0.0000   0.3298
   3.800   0.3566   0.05060   0.04057  -0.0298  0.6802  1.0000  -0.8113   0.0000   0.0000   0.0000   0.3260
   3.900   0.3602   0.05098   0.04095  -0.0291  0.6753  1.0000  -0.8181   0.0000   0.0000   0.0000   0.3230
   4.000   0.3704   0.05125   0.04121  -0.0291  0.6710  1.0000  -0.8312   0.0000   0.0000   0.0000   0.3205
   4.100   0.3851   0.05145   0.04141  -0.0294  0.6673  1.0000  -0.8490   0.0000   0.0000   0.0000   0.3185
   4.200   0.4058   0.05153   0.04149  -0.0304  0.6641  1.0000  -0.8729   0.0000   0.0000   0.0000   0.3169
   4.300   0.4336   0.05147   0.04149  -0.0320  0.6612  1.0000  -0.9042   0.0000   0.0000   0.0000   0.3159
   4.400   0.4672   0.05134   0.04137  -0.0342  0.6588  1.0000  -0.9416   0.0000   0.0000   0.0000   0.3153
   4.500   0.4233   0.05299   0.04298  -0.0289  0.6512  1.0000  -0.8995   0.0000   0.0000   0.0000   0.3099
   4.600   0.4107   0.05379   0.04376  -0.0267  0.6450  1.0000  -0.8891   0.0000   0.0000   0.0000   0.3064
   4.700   0.4130   0.05423   0.04419  -0.0259  0.6396  1.0000  -0.8942   0.0000   0.0000   0.0000   0.3040
   4.800   0.4241   0.05442   0.04437  -0.0259  0.6348  1.0000  -0.9086   0.0000   0.0000   0.0000   0.3021
   4.900   0.4418   0.05440   0.04436  -0.0263  0.6307  1.0000  -0.9303   0.0000   0.0000   0.0000   0.3006
   5.000   0.4658   0.05422   0.04419  -0.0273  0.6273  1.0000  -0.9606   0.0000   0.0000   0.0000   0.2996
   5.100   0.4930   0.05398   0.04396  -0.0285  0.6247  1.0000  -0.9957   0.0000   0.0000   0.0000   0.2989
   5.200   0.5240   0.05368   0.04368  -0.0301  0.6226  1.0000  -1.0354   0.0000   0.0000   0.0000   0.2985
   5.300   0.4741   0.05609   0.04604  -0.0252  0.6138  1.0000  -0.9809   0.0000   0.0000   0.0000   0.2937
   5.400   0.4633   0.05707   0.04702  -0.0236  0.6077  1.0000  -0.9713   0.0000   0.0000   0.0000   0.2912
   5.500   0.4663   0.05756   0.04750  -0.0229  0.6024  1.0000  -0.9782   0.0000   0.0000   0.0000   0.2893
   5.600   0.4779   0.05770   0.04765  -0.0228  0.5977  1.0000  -0.9954   0.0000   0.0000   0.0000   0.2879
   5.700   0.4974   0.05751   0.04747  -0.0232  0.5937  1.0000  -1.0224   0.0000   0.0000   0.0000   0.2868
   5.800   0.5233   0.05705   0.04703  -0.0240  0.5904  1.0000  -1.0576   0.0000   0.0000   0.0000   0.2860
   5.900   0.5531   0.05641   0.04641  -0.0250  0.5878  1.0000  -1.0980   0.0000   0.0000   0.0000   0.2853
   6.000   0.5872   0.05562   0.04566  -0.0263  0.5858  1.0000  -1.1438   0.0000   0.0000   0.0000   0.2850
   6.100   0.5184   0.05947   0.04943  -0.0212  0.5739  1.0000  -1.0606   0.0000   0.0000   0.0000   0.2804
   6.200   0.5154   0.06029   0.05026  -0.0203  0.5680  1.0000  -1.0594   0.0000   0.0000   0.0000   0.2787
   6.300   0.5222   0.06069   0.05067  -0.0199  0.5633  1.0000  -1.0704   0.0000   0.0000   0.0000   0.2774
   6.400   0.5362   0.06072   0.05071  -0.0200  0.5594  1.0000  -1.0927   0.0000   0.0000   0.0000   0.2764
   6.500   0.5569   0.06037   0.05039  -0.0203  0.5560  1.0000  -1.1255   0.0000   0.0000   0.0000   0.2755
   6.600   0.5822   0.05973   0.04977  -0.0207  0.5531  1.0000  -1.1652   0.0000   0.0000   0.0000   0.2747
   6.700   0.6133   0.05875   0.04883  -0.0214  0.5508  1.0000  -1.2132   0.0000   0.0000   0.0000   0.2741
   6.800   0.6464   0.05762   0.04775  -0.0222  0.5489  1.0000  -1.2665   0.0000   0.0000   0.0000   0.2735
   7.100   0.5790   0.06373   0.05379  -0.0170  0.5243  1.0000  -1.1802   0.0000   0.0000   0.0000   0.2676
   7.200   0.5984   0.06324   0.05333  -0.0170  0.5205  1.0000  -1.2163   0.0000   0.0000   0.0000   0.2666
   7.300   0.6219   0.06249   0.05261  -0.0171  0.5176  1.0000  -1.2591   0.0000   0.0000   0.0000   0.2656
   7.400   0.6495   0.06147   0.05179  -0.0173  0.5154  1.0000  -1.3087   0.0000   0.0000   0.0000   0.2649
   7.500   0.6797   0.06022   0.05059  -0.0176  0.5136  1.0000  -1.3630   0.0000   0.0000   0.0000   0.2641
   7.700   0.6065   0.06730   0.05744  -0.0144  0.4953  1.0000  -1.2524   0.0000   0.0000   0.0000   0.2613
   7.800   0.6143   0.06758   0.05788  -0.0141  0.4902  1.0000  -1.2697   0.0000   0.0000   0.0000   0.2602
   7.900   0.6308   0.06714   0.05747  -0.0138  0.4860  1.0000  -1.3025   0.0000   0.0000   0.0000   0.2592
   8.000   0.6543   0.06610   0.05648  -0.0136  0.4827  1.0000  -1.3475   0.0000   0.0000   0.0000   0.2580
   8.100   0.6841   0.06453   0.05495  -0.0135  0.4802  1.0000  -1.4038   0.0000   0.0000   0.0000   0.2570
   8.200   0.7157   0.06273   0.05321  -0.0134  0.4782  1.0000  -1.4638   0.0000   0.0000   0.0000   0.2559
   8.300   0.7455   0.06101   0.05154  -0.0132  0.4764  1.0000  -1.5214   0.0000   0.0000   0.0000   0.2548
   8.500   0.6517   0.07121   0.06163  -0.0113  0.4558  1.0000  -1.3626   0.0000   0.0000   0.0000   0.2537
   8.600   0.6612   0.07138   0.06182  -0.0109  0.4517  1.0000  -1.3830   0.0000   0.0000   0.0000   0.2528
   8.700   0.6787   0.07079   0.06128  -0.0106  0.4483  1.0000  -1.4185   0.0000   0.0000   0.0000   0.2518
   8.800   0.7041   0.06944   0.05997  -0.0102  0.4456  1.0000  -1.4742   0.0000   0.0000   0.0000   0.2506
   8.900   0.7362   0.06734   0.05793  -0.0098  0.4435  1.0000  -1.5443   0.0000   0.0000   0.0000   0.2494
   9.000   0.7672   0.06513   0.05577  -0.0092  0.4415  1.0000  -1.6140   0.0000   0.0000   0.0000   0.2480
   9.100   0.8026   0.06229   0.05300  -0.0085  0.4401  1.0000  -1.6933   0.0000   0.0000   0.0000   0.2465
   9.300   0.6850   0.07657   0.06714  -0.0084  0.4185  1.0000  -1.4618   0.0000   0.0000   0.0000   0.2475
   9.400   0.7018   0.07582   0.06642  -0.0079  0.4144  1.0000  -1.5023   0.0000   0.0000   0.0000   0.2463
   9.500   0.7279   0.07408   0.06473  -0.0072  0.4112  1.0000  -1.5631   0.0000   0.0000   0.0000   0.2449
   9.600   0.7603   0.07163   0.06235  -0.0064  0.4090  1.0000  -1.6375   0.0000   0.0000   0.0000   0.2434
   9.700   0.7882   0.06956   0.06034  -0.0056  0.4070  1.0000  -1.7108   0.0000   0.0000   0.0000   0.2420
   9.800   0.8195   0.06697   0.05781  -0.0046  0.4056  1.0000  -1.7930   0.0000   0.0000   0.0000   0.2405
   9.900   0.8589   0.06322   0.05413  -0.0035  0.4046  1.0000  -1.8950   0.0000   0.0000   0.0000   0.2389
  10.100   0.7027   0.08427   0.07498  -0.0065  0.3837  1.0000  -1.5320   0.0000   0.0000   0.0000   0.2433
  10.200   0.7150   0.08402   0.07476  -0.0060  0.3797  1.0000  -1.5680   0.0000   0.0000   0.0000   0.2423
  10.300   0.7407   0.08214   0.07294  -0.0050  0.3763  1.0000  -1.6379   0.0000   0.0000   0.0000   0.2406
  10.400   0.7810   0.07834   0.06922  -0.0036  0.3738  1.0000  -1.7455   0.0000   0.0000   0.0000   0.2383
  10.500   0.8204   0.07425   0.06521  -0.0019  0.3717  1.0000  -1.8536   0.0000   0.0000   0.0000   0.2359
  10.600   0.8726   0.06819   0.05941   0.0002  0.3706  1.0000  -1.9947   0.0000   0.0000   0.0000   0.2333
  10.700   0.9094   0.06466   0.05593   0.0014  0.3682  1.0000  -2.0944   0.0000   0.0000   0.0000   0.2319
  11.200   1.1234   0.04831   0.03973   0.0008  0.3368  1.0000  -2.7128   0.0000   0.0000   0.0000   0.2324
  11.300   1.0557   0.05399   0.04549   0.0046  0.3379  1.0000  -2.5612   0.0000   0.0000   0.0000   0.2284
  11.400   0.9727   0.06359   0.05508   0.0056  0.3367  1.0000  -2.3557   0.0000   0.0000   0.0000   0.2265
  11.600   0.7273   0.10115   0.09215  -0.0048  0.3256  1.0000  -1.6588   0.0000   0.0000   0.0000   0.2383
  11.700   0.7141   0.10425   0.09524  -0.0056  0.3222  1.0000  -1.6235   0.0000   0.0000   0.0000   0.2395
  11.800   0.7098   0.10613   0.09713  -0.0059  0.3184  1.0000  -1.6135   0.0000   0.0000   0.0000   0.2398
  11.900   0.7166   0.10649   0.09753  -0.0056  0.3139  1.0000  -1.6356   0.0000   0.0000   0.0000   0.2391
  12.000   0.7446   0.10383   0.09508  -0.0039  0.3087  1.0000  -1.7209   0.0000   0.0000   0.0000   0.2363
  12.100   0.8088   0.09570   0.08710   0.0002  0.3045  1.0000  -1.9337   0.0000   0.0000   0.0000   0.2307
  12.200   0.8581   0.08932   0.08082   0.0035  0.3023  1.0000  -2.1019   0.0000   0.0000   0.0000   0.2267
  12.400   0.7547   0.10867   0.10001  -0.0036  0.2964  1.0000  -1.7716   0.0000   0.0000   0.0000   0.2354
  12.500   0.7348   0.11308   0.10441  -0.0052  0.2946  1.0000  -1.7087   0.0000   0.0000   0.0000   0.2375
  12.600   0.7220   0.11649   0.10781  -0.0064  0.2930  1.0000  -1.6681   0.0000   0.0000   0.0000   0.2392
  12.700   0.7130   0.11939   0.11072  -0.0074  0.2916  1.0000  -1.6390   0.0000   0.0000   0.0000   0.2405
  12.800   0.7060   0.12202   0.11336  -0.0082  0.2904  1.0000  -1.6160   0.0000   0.0000   0.0000   0.2417
  12.900   0.7000   0.12451   0.11586  -0.0090  0.2896  1.0000  -1.5955   0.0000   0.0000   0.0000   0.2428
  13.000   0.6949   0.12686   0.11822  -0.0098  0.2888  1.0000  -1.5780   0.0000   0.0000   0.0000   0.2439
  13.100   0.6908   0.12908   0.12045  -0.0104  0.2880  1.0000  -1.5632   0.0000   0.0000   0.0000   0.2448
  13.200   0.6874   0.13113   0.12252  -0.0111  0.2869  1.0000  -1.5510   0.0000   0.0000   0.0000   0.2457
  13.300   0.6854   0.13294   0.12435  -0.0116  0.2853  1.0000  -1.5438   0.0000   0.0000   0.0000   0.2463
  13.400   0.6895   0.13387   0.12530  -0.0116  0.2816  1.0000  -1.5582   0.0000   0.0000   0.0000   0.2461
  13.900   0.7142   0.13851   0.13005  -0.0110  0.2627  1.0000  -1.6472   0.0000   0.0000   0.0000   0.2440
  14.000   0.7112   0.14090   0.13246  -0.0118  0.2629  1.0000  -1.6313   0.0000   0.0000   0.0000   0.2451
  14.100   0.7094   0.14322   0.13480  -0.0126  0.2633  1.0000  -1.6189   0.0000   0.0000   0.0000   0.2461
  14.200   0.7091   0.14549   0.13709  -0.0133  0.2639  1.0000  -1.6106   0.0000   0.0000   0.0000   0.2469
  14.300   0.7106   0.14773   0.13935  -0.0138  0.2648  1.0000  -1.6075   0.0000   0.0000   0.0000   0.2476
  14.400   0.7145   0.14998   0.14163  -0.0143  0.2658  1.0000  -1.6110   0.0000   0.0000   0.0000   0.2481
  14.500   0.7213   0.15229   0.14398  -0.0146  0.2669  1.0000  -1.6230   0.0000   0.0000   0.0000   0.2482
  14.600   0.7288   0.15472   0.14645  -0.0149  0.2676  1.0000  -1.6365   0.0000   0.0000   0.0000   0.2483
  14.700   0.7355   0.15725   0.14902  -0.0152  0.2682  1.0000  -1.6471   0.0000   0.0000   0.0000   0.2485
  14.800   0.7410   0.15986   0.15166  -0.0156  0.2686  1.0000  -1.6537   0.0000   0.0000   0.0000   0.2488
  14.900   0.7455   0.16251   0.15435  -0.0161  0.2689  1.0000  -1.6569   0.0000   0.0000   0.0000   0.2493
  15.000   0.6497   0.16739   0.15906  -0.0251  0.3159  1.0000  -1.3194   0.0000   0.0000   0.0000   0.2660
  15.100   0.6600   0.16860   0.16032  -0.0248  0.3106  1.0000  -1.3454   0.0000   0.0000   0.0000   0.2650
  15.200   0.7590   0.15841   0.15027  -0.0133  0.2374  1.0000  -1.7517   0.0000   0.0000   0.0000   0.2443
  15.300   0.7585   0.16095   0.15282  -0.0141  0.2375  1.0000  -1.7385   0.0000   0.0000   0.0000   0.2453
  15.600   0.7082   0.18317   0.17506  -0.0257  0.3001  1.0000  -1.4344   0.0000   0.0000   0.0000   0.2634
  15.700   0.6901   0.18106   0.17291  -0.0265  0.2987  1.0000  -1.3865   0.0000   0.0000   0.0000   0.2651
  15.800   0.6724   0.17846   0.17026  -0.0275  0.2935  1.0000  -1.3388   0.0000   0.0000   0.0000   0.2672
  15.900   0.6709   0.17888   0.17069  -0.0281  0.2889  1.0000  -1.3302   0.0000   0.0000   0.0000   0.2679
  16.000   0.6731   0.17987   0.17170  -0.0284  0.2852  1.0000  -1.3359   0.0000   0.0000   0.0000   0.2681
  16.100   0.6770   0.18106   0.17291  -0.0287  0.2820  1.0000  -1.3467   0.0000   0.0000   0.0000   0.2681
  16.200   0.6824   0.18243   0.17431  -0.0288  0.2793  1.0000  -1.3618   0.0000   0.0000   0.0000   0.2679
  16.300   0.6895   0.18408   0.17599  -0.0289  0.2769  1.0000  -1.3816   0.0000   0.0000   0.0000   0.2674
  16.400   0.6986   0.18619   0.17815  -0.0288  0.2747  1.0000  -1.4072   0.0000   0.0000   0.0000   0.2667
  16.500   0.7109   0.18918   0.18119  -0.0287  0.2729  1.0000  -1.4411   0.0000   0.0000   0.0000   0.2657
  16.600   0.7392   0.19643   0.18854  -0.0282  0.2706  1.0000  -1.5163   0.0000   0.0000   0.0000   0.2637
  16.700   0.7560   0.20424   0.19639  -0.0286  0.2689  1.0000  -1.5528   0.0000   0.0000   0.0000   0.2634
  16.800   0.7447   0.20336   0.19548  -0.0295  0.2685  1.0000  -1.5167   0.0000   0.0000   0.0000   0.2650
  16.900   0.7297   0.20105   0.19313  -0.0304  0.2678  1.0000  -1.4726   0.0000   0.0000   0.0000   0.2667
  17.000   0.7126   0.19739   0.18941  -0.0316  0.2660  1.0000  -1.4209   0.0000   0.0000   0.0000   0.2690
  17.100   0.7010   0.19463   0.18662  -0.0330  0.2610  1.0000  -1.3833   0.0000   0.0000   0.0000   0.2712
  17.200   0.7010   0.19483   0.18682  -0.0336  0.2554  1.0000  -1.3808   0.0000   0.0000   0.0000   0.2718
  17.300   0.7055   0.19574   0.18776  -0.0337  0.2505  1.0000  -1.3939   0.0000   0.0000   0.0000   0.2715
  17.400   0.7136   0.19718   0.18924  -0.0335  0.2463  1.0000  -1.4192   0.0000   0.0000   0.0000   0.2706
  17.500   0.7237   0.19938   0.19147  -0.0332  0.2435  1.0000  -1.4489   0.0000   0.0000   0.0000   0.2694
  17.600   0.7352   0.20253   0.19468  -0.0329  0.2417  1.0000  -1.4809   0.0000   0.0000   0.0000   0.2682
  17.700   0.7534   0.20843   0.20066  -0.0324  0.2399  1.0000  -1.5296   0.0000   0.0000   0.0000   0.2665
  17.800   0.7846   0.22156   0.21389  -0.0318  0.2381  1.0000  -1.6191   0.0000   0.0000   0.0000   0.2644
  17.900   0.7783   0.22158   0.21390  -0.0328  0.2378  1.0000  -1.5950   0.0000   0.0000   0.0000   0.2658
  18.000   0.7699   0.22070   0.21299  -0.0339  0.2375  1.0000  -1.5634   0.0000   0.0000   0.0000   0.2673
  18.100   0.7588   0.21810   0.21036  -0.0350  0.2370  1.0000  -1.5214   0.0000   0.0000   0.0000   0.2691
  18.200   0.7455   0.21439   0.20660  -0.0364  0.2359  1.0000  -1.4687   0.0000   0.0000   0.0000   0.2714
  18.300   0.7331   0.21105   0.20321  -0.0381  0.2327  1.0000  -1.4176   0.0000   0.0000   0.0000   0.2742
  18.400   0.7305   0.21096   0.20311  -0.0391  0.2289  1.0000  -1.4077   0.0000   0.0000   0.0000   0.2755
  18.500   0.7316   0.21186   0.20402  -0.0398  0.2257  1.0000  -1.4163   0.0000   0.0000   0.0000   0.2761
  18.600   0.7341   0.21302   0.20521  -0.0403  0.2229  1.0000  -1.4318   0.0000   0.0000   0.0000   0.2764
  18.700   0.7374   0.21433   0.20653  -0.0407  0.2204  1.0000  -1.4520   0.0000   0.0000   0.0000   0.2765
  18.800   0.7416   0.21576   0.20799  -0.0409  0.2182  1.0000  -1.4765   0.0000   0.0000   0.0000   0.2764
  18.900   0.7466   0.21738   0.20963  -0.0411  0.2162  1.0000  -1.5058   0.0000   0.0000   0.0000   0.2761
  19.000   0.7528   0.21929   0.21157  -0.0412  0.2144  1.0000  -1.5406   0.0000   0.0000   0.0000   0.2756
  19.100   0.7603   0.22171   0.21402  -0.0411  0.2128  1.0000  -1.5823   0.0000   0.0000   0.0000   0.2748
  19.200   0.7700   0.22506   0.21743  -0.0409  0.2114  1.0000  -1.6333   0.0000   0.0000   0.0000   0.2738
  19.300   0.7853   0.23119   0.22373  -0.0403  0.2099  1.0000  -1.7154   0.0000   0.0000   0.0000   0.2721
  19.400   0.8090   0.24529   0.23791  -0.0397  0.2082  1.0000  -1.8217   0.0000   0.0000   0.0000   0.2701
  19.500   0.8010   0.24317   0.23576  -0.0410  0.2079  1.0000  -1.7865   0.0000   0.0000   0.0000   0.2719
  19.600   0.7909   0.24007   0.23262  -0.0423  0.2074  1.0000  -1.7427   0.0000   0.0000   0.0000   0.2738
  19.700   0.7796   0.23648   0.22898  -0.0438  0.2066  1.0000  -1.6917   0.0000   0.0000   0.0000   0.2762
  19.800   0.7686   0.23299   0.22545  -0.0458  0.2043  1.0000  -1.6367   0.0000   0.0000   0.0000   0.2790
  19.900   0.7645   0.23222   0.22467  -0.0472  0.2001  1.0000  -1.6162   0.0000   0.0000   0.0000   0.2809
  20.000   0.7657   0.23300   0.22547  -0.0479  0.1959  1.0000  -1.6254   0.0000   0.0000   0.0000   0.2815


