xflr5 v6.61

 Calculated polar for: S8037 (16%)

 1 1 Reynolds number fixed          Mach number fixed         

 xtrf =   1.000 (top)        1.000 (bottom)
 Mach =   0.000     Re =     0.030 e 6     Ncrit =   9.000

  alpha     CL        CD       CDp       Cm    Top Xtr Bot Xtr   Cpmin    Chinge    XCp    
 ------- -------- --------- --------- -------- ------- ------- -------- --------- ---------
   0.000  -0.1792   0.04123   0.02914   0.0021  1.0000  1.0000  -0.8326   0.0000   0.0000   0.0000   0.2564
   0.100  -0.1766   0.04135   0.02917   0.0027  1.0000  1.0000  -0.8050   0.0000   0.0000   0.0000   0.2603
   0.200  -0.1737   0.04148   0.02923   0.0033  1.0000  1.0000  -0.7770   0.0000   0.0000   0.0000   0.2642
   0.300  -0.1705   0.04163   0.02929   0.0038  1.0000  1.0000  -0.7487   0.0000   0.0000   0.0000   0.2682
   0.400  -0.1672   0.04179   0.02938   0.0044  1.0000  1.0000  -0.7200   0.0000   0.0000   0.0000   0.2721
   0.500  -0.1637   0.04197   0.02949   0.0049  1.0000  1.0000  -0.6911   0.0000   0.0000   0.0000   0.2760
   0.600  -0.1600   0.04217   0.02961   0.0053  1.0000  1.0000  -0.6621   0.0000   0.0000   0.0000   0.2800
   0.700  -0.1561   0.04238   0.02974   0.0058  1.0000  1.0000  -0.6329   0.0000   0.0000   0.0000   0.2841
   0.800  -0.1522   0.04260   0.02989   0.0062  1.0000  1.0000  -0.6036   0.0000   0.0000   0.0000   0.2883
   0.900  -0.1480   0.04283   0.03006   0.0066  1.0000  1.0000  -0.5743   0.0000   0.0000   0.0000   0.2925
   1.000  -0.1438   0.04308   0.03024   0.0070  1.0000  1.0000  -0.5450   0.0000   0.0000   0.0000   0.2969
   1.100  -0.1395   0.04334   0.03043   0.0074  1.0000  1.0000  -0.5290   0.0000   0.0000   0.0000   0.3014
   1.200  -0.1350   0.04361   0.03064   0.0077  1.0000  1.0000  -0.5150   0.0000   0.0000   0.0000   0.3061
   1.300  -0.1305   0.04389   0.03086   0.0081  1.0000  1.0000  -0.5008   0.0000   0.0000   0.0000   0.3110
   1.400  -0.1259   0.04419   0.03109   0.0084  1.0000  1.0000  -0.4867   0.0000   0.0000   0.0000   0.3162
   1.500  -0.1212   0.04449   0.03133   0.0086  1.0000  1.0000  -0.4725   0.0000   0.0000   0.0000   0.3217
   1.600  -0.1164   0.04481   0.03159   0.0089  1.0000  1.0000  -0.4584   0.0000   0.0000   0.0000   0.3275
   1.700  -0.1116   0.04513   0.03186   0.0092  1.0000  1.0000  -0.4453   0.0000   0.0000   0.0000   0.3337
   1.800  -0.1068   0.04546   0.03214   0.0094  1.0000  1.0000  -0.4334   0.0000   0.0000   0.0000   0.3404
   1.900  -0.1019   0.04581   0.03243   0.0096  1.0000  1.0000  -0.4281   0.0000   0.0000   0.0000   0.3476
   2.000  -0.0969   0.04616   0.03273   0.0099  1.0000  1.0000  -0.4314   0.0000   0.0000   0.0000   0.3554
   2.100  -0.0920   0.04653   0.03305   0.0100  1.0000  1.0000  -0.4347   0.0000   0.0000   0.0000   0.3640
   2.200  -0.0870   0.04690   0.03338   0.0102  1.0000  1.0000  -0.4380   0.0000   0.0000   0.0000   0.3734
   2.300  -0.0819   0.04728   0.03371   0.0104  1.0000  1.0000  -0.4412   0.0000   0.0000   0.0000   0.3839
   2.400  -0.0769   0.04768   0.03406   0.0106  1.0000  1.0000  -0.4443   0.0000   0.0000   0.0000   0.3956
   2.500  -0.0718   0.04808   0.03442   0.0107  1.0000  1.0000  -0.4474   0.0000   0.0000   0.0000   0.4089
   2.600  -0.0667   0.04849   0.03479   0.0109  1.0000  1.0000  -0.4510   0.0000   0.0000   0.0000   0.4240
   2.700  -0.0617   0.04891   0.03517   0.0110  1.0000  1.0000  -0.4551   0.0000   0.0000   0.0000   0.4415
   2.800  -0.0566   0.04933   0.03556   0.0111  1.0000  1.0000  -0.4591   0.0000   0.0000   0.0000   0.4620
   2.900  -0.0515   0.04977   0.03597   0.0112  1.0000  1.0000  -0.4631   0.0000   0.0000   0.0000   0.4864
   3.000  -0.0464   0.05022   0.03638   0.0113  1.0000  1.0000  -0.4670   0.0000   0.0000   0.0000   0.5159
   3.100  -0.0412   0.05068   0.03681   0.0114  1.0000  1.0000  -0.4708   0.0000   0.0000   0.0000   0.5525
   3.200  -0.0361   0.05115   0.03724   0.0115  1.0000  1.0000  -0.4746   0.0000   0.0000   0.0000   0.5992
   3.300  -0.0310   0.05163   0.03769   0.0115  1.0000  1.0000  -0.4782   0.0000   0.0000   0.0000   0.6611
   3.400  -0.0259   0.05212   0.03808   0.0116  1.0000  1.0000  -0.4818   0.0000   0.0000   0.0000   0.7478
   3.500  -0.0208   0.05262   0.03856   0.0116  1.0000  1.0000  -0.4853   0.0000   0.0000   0.0000   0.8756
   3.600  -0.0157   0.05313   0.03904   0.0117  1.0000  1.0000  -0.4888   0.0000   0.0000   0.0000   1.0860
   3.700  -0.0106   0.05365   0.03953   0.0117  1.0000  1.0000  -0.4921   0.0000   0.0000   0.0000   1.4984
   3.800  -0.0055   0.05418   0.04004   0.0117  1.0000  1.0000  -0.4958   0.0000   0.0000   0.0000   2.6764
   3.900  -0.0004   0.05472   0.04056   0.0117  1.0000  1.0000  -0.5003   0.0000   0.0000   0.0000  35.1541
   4.000   0.0047   0.05527   0.04108   0.0117  1.0000  1.0000  -0.5046   0.0000   0.0000   0.0000  -2.6097
   4.100   0.0098   0.05583   0.04162   0.0117  1.0000  1.0000  -0.5089   0.0000   0.0000   0.0000  -1.1320
   4.200   0.0148   0.05640   0.04218   0.0117  1.0000  1.0000  -0.5131   0.0000   0.0000   0.0000  -0.6641
   4.300   0.0198   0.05698   0.04274   0.0116  1.0000  1.0000  -0.5171   0.0000   0.0000   0.0000  -0.4343
   4.400   0.0248   0.05758   0.04331   0.0116  1.0000  1.0000  -0.5211   0.0000   0.0000   0.0000  -0.2975
   4.500   0.0298   0.05818   0.04390   0.0116  1.0000  1.0000  -0.5250   0.0000   0.0000   0.0000  -0.2067
   4.600   0.0348   0.05879   0.04449   0.0115  1.0000  1.0000  -0.5287   0.0000   0.0000   0.0000  -0.1419
   4.700   0.0398   0.05941   0.04510   0.0114  1.0000  1.0000  -0.5323   0.0000   0.0000   0.0000  -0.0933
   4.800   0.0447   0.06003   0.04572   0.0114  1.0000  1.0000  -0.5359   0.0000   0.0000   0.0000  -0.0553
   4.900   0.0496   0.06067   0.04634   0.0113  1.0000  1.0000  -0.5397   0.0000   0.0000   0.0000  -0.0249
   5.000   0.0546   0.06132   0.04698   0.0112  1.0000  1.0000  -0.5445   0.0000   0.0000   0.0000   0.0001
   5.100   0.0594   0.06198   0.04763   0.0111  1.0000  1.0000  -0.5491   0.0000   0.0000   0.0000   0.0210
   5.200   0.0643   0.06264   0.04829   0.0110  1.0000  1.0000  -0.5536   0.0000   0.0000   0.0000   0.0387
   5.300   0.0691   0.06332   0.04896   0.0109  1.0000  1.0000  -0.5580   0.0000   0.0000   0.0000   0.0540
   5.400   0.0740   0.06401   0.04964   0.0108  1.0000  1.0000  -0.5623   0.0000   0.0000   0.0000   0.0674
   5.500   0.0787   0.06470   0.05033   0.0106  1.0000  1.0000  -0.5665   0.0000   0.0000   0.0000   0.0792
   5.600   0.0835   0.06540   0.05103   0.0105  1.0000  1.0000  -0.5705   0.0000   0.0000   0.0000   0.0897
   5.700   0.0883   0.06612   0.05174   0.0104  1.0000  1.0000  -0.5744   0.0000   0.0000   0.0000   0.0990
   5.800   0.0930   0.06684   0.05246   0.0102  1.0000  1.0000  -0.5782   0.0000   0.0000   0.0000   0.1075
   5.900   0.0977   0.06757   0.05319   0.0101  1.0000  1.0000  -0.5819   0.0000   0.0000   0.0000   0.1152
   6.000   0.1041   0.06844   0.05407   0.0095  0.9991  1.0000  -0.5865   0.0000   0.0000   0.0000   0.1279
   6.100   0.1232   0.07054   0.05617   0.0064  0.9921  1.0000  -0.6007   0.0000   0.0000   0.0000   0.1705
   6.300   0.1518   0.07366   0.05933   0.0020  0.9765  1.0000  -0.6230   0.0000   0.0000   0.0000   0.2129
   6.400   0.1682   0.07564   0.06131  -0.0004  0.9692  1.0000  -0.6375   0.0000   0.0000   0.0000   0.2302
   6.500   0.1751   0.07638   0.06208  -0.0012  0.9617  1.0000  -0.6432   0.0000   0.0000   0.0000   0.2351
   6.600   0.1917   0.07843   0.06414  -0.0037  0.9537  1.0000  -0.6578   0.0000   0.0000   0.0000   0.2484
   6.700   0.1976   0.07917   0.06490  -0.0042  0.9465  1.0000  -0.6627   0.0000   0.0000   0.0000   0.2507
   6.800   0.2129   0.08092   0.06668  -0.0064  0.9362  1.0000  -0.6758   0.0000   0.0000   0.0000   0.2601
   6.900   0.2233   0.08250   0.06832  -0.0076  0.9299  1.0000  -0.6848   0.0000   0.0000   0.0000   0.2648
   7.000   0.2321   0.08323   0.06908  -0.0086  0.9170  1.0000  -0.6920   0.0000   0.0000   0.0000   0.2678
   7.100   0.2551   0.08673   0.07257  -0.0120  0.9099  1.0000  -0.7121   0.0000   0.0000   0.0000   0.2786
   7.200   0.2493   0.08551   0.07140  -0.0103  0.8988  1.0000  -0.7063   0.0000   0.0000   0.0000   0.2727
   7.300   0.2666   0.08771   0.07362  -0.0126  0.8894  1.0000  -0.7212   0.0000   0.0000   0.0000   0.2792
   7.400   0.2860   0.09113   0.07703  -0.0153  0.8850  1.0000  -0.7393   0.0000   0.0000   0.0000   0.2862
   7.500   0.2754   0.08945   0.07538  -0.0129  0.8781  1.0000  -0.7298   0.0000   0.0000   0.0000   0.2789
   7.600   0.2826   0.09029   0.07625  -0.0135  0.8686  1.0000  -0.7377   0.0000   0.0000   0.0000   0.2798
   7.700   0.3003   0.09284   0.07882  -0.0158  0.8614  1.0000  -0.7558   0.0000   0.0000   0.0000   0.2851
   7.800   0.3162   0.09595   0.08193  -0.0179  0.8571  1.0000  -0.7716   0.0000   0.0000   0.0000   0.2894
   7.900   0.3042   0.09396   0.07996  -0.0153  0.8487  1.0000  -0.7605   0.0000   0.0000   0.0000   0.2825
   8.000   0.3140   0.09510   0.08113  -0.0161  0.8378  1.0000  -0.7708   0.0000   0.0000   0.0000   0.2838
   8.100   0.3410   0.09935   0.08541  -0.0198  0.8296  1.0000  -0.7978   0.0000   0.0000   0.0000   0.2911
   8.200   0.3391   0.09962   0.08568  -0.0190  0.8256  1.0000  -0.7957   0.0000   0.0000   0.0000   0.2889
   8.300   0.3325   0.09836   0.08444  -0.0172  0.8146  1.0000  -0.7896   0.0000   0.0000   0.0000   0.2843
   8.400   0.3450   0.10000   0.08611  -0.0184  0.8052  1.0000  -0.8022   0.0000   0.0000   0.0000   0.2862
   8.500   0.3650   0.10332   0.08947  -0.0210  0.7995  1.0000  -0.8254   0.0000   0.0000   0.0000   0.2906
   8.600   0.3821   0.10721   0.09336  -0.0232  0.7963  1.0000  -0.8451   0.0000   0.0000   0.0000   0.2941
   8.700   0.3682   0.10515   0.09132  -0.0207  0.7931  1.0000  -0.8310   0.0000   0.0000   0.0000   0.2890
   8.800   0.3621   0.10416   0.09035  -0.0191  0.7848  1.0000  -0.8258   0.0000   0.0000   0.0000   0.2854
   8.900   0.3690   0.10517   0.09139  -0.0196  0.7766  1.0000  -0.8348   0.0000   0.0000   0.0000   0.2856
   9.000   0.3859   0.10776   0.09401  -0.0214  0.7692  1.0000  -0.8547   0.0000   0.0000   0.0000   0.2884
   9.100   0.4181   0.11439   0.10067  -0.0257  0.7635  1.0000  -0.8908   0.0000   0.0000   0.0000   0.2949
   9.200   0.4010   0.11170   0.09798  -0.0228  0.7607  1.0000  -0.8723   0.0000   0.0000   0.0000   0.2898
   9.300   0.3909   0.10992   0.09622  -0.0208  0.7516  1.0000  -0.8621   0.0000   0.0000   0.0000   0.2856
   9.400   0.3989   0.11098   0.09731  -0.0212  0.7415  1.0000  -0.8721   0.0000   0.0000   0.0000   0.2857
   9.500   0.4198   0.11430   0.10068  -0.0235  0.7337  1.0000  -0.8964   0.0000   0.0000   0.0000   0.2887
   9.600   0.4498   0.12090   0.10734  -0.0273  0.7294  1.0000  -0.9294   0.0000   0.0000   0.0000   0.2940
   9.700   0.4407   0.11994   0.10636  -0.0258  0.7280  1.0000  -0.9184   0.0000   0.0000   0.0000   0.2915
   9.800   0.4265   0.11771   0.10414  -0.0236  0.7244  1.0000  -0.9022   0.0000   0.0000   0.0000   0.2877
   9.900   0.4209   0.11684   0.10328  -0.0223  0.7171  1.0000  -0.8958   0.0000   0.0000   0.0000   0.2852
  10.000   0.4248   0.11762   0.10410  -0.0224  0.7103  1.0000  -0.8999   0.0000   0.0000   0.0000   0.2848
  10.100   0.4342   0.11928   0.10579  -0.0232  0.7043  1.0000  -0.9099   0.0000   0.0000   0.0000   0.2855
  10.200   0.4517   0.12247   0.10903  -0.0250  0.6986  1.0000  -0.9336   0.0000   0.0000   0.0000   0.2877
  10.300   0.4852   0.13041   0.11720  -0.0291  0.6937  1.0000  -0.9762   0.0000   0.0000   0.0000   0.2928
  10.400   0.4696   0.12790   0.11450  -0.0269  0.6921  1.0000  -0.9575   0.0000   0.0000   0.0000   0.2896
  10.500   0.4538   0.12506   0.11166  -0.0245  0.6870  1.0000  -0.9388   0.0000   0.0000   0.0000   0.2859
  10.600   0.4516   0.12458   0.11119  -0.0237  0.6777  1.0000  -0.9376   0.0000   0.0000   0.0000   0.2842
  10.700   0.4617   0.12615   0.11300  -0.0243  0.6689  1.0000  -0.9520   0.0000   0.0000   0.0000   0.2845
  10.800   0.4831   0.13007   0.11697  -0.0264  0.6621  1.0000  -0.9807   0.0000   0.0000   0.0000   0.2867
  10.900   0.5119   0.13718   0.12417  -0.0298  0.6584  1.0000  -1.0170   0.0000   0.0000   0.0000   0.2905
  11.000   0.5095   0.13786   0.12483  -0.0294  0.6571  1.0000  -1.0130   0.0000   0.0000   0.0000   0.2899
  11.100   0.4965   0.13576   0.12272  -0.0277  0.6555  1.0000  -0.9961   0.0000   0.0000   0.0000   0.2876
  11.200   0.4840   0.13353   0.12049  -0.0260  0.6513  1.0000  -0.9800   0.0000   0.0000   0.0000   0.2851
  11.300   0.4806   0.13307   0.12005  -0.0253  0.6448  1.0000  -0.9758   0.0000   0.0000   0.0000   0.2838
  11.400   0.4840   0.13389   0.12090  -0.0254  0.6389  1.0000  -0.9799   0.0000   0.0000   0.0000   0.2836
  11.500   0.4914   0.13544   0.12249  -0.0259  0.6335  1.0000  -0.9891   0.0000   0.0000   0.0000   0.2838
  11.600   0.5052   0.13821   0.12531  -0.0271  0.6280  1.0000  -1.0109   0.0000   0.0000   0.0000   0.2848
  11.700   0.5446   0.14784   0.13505  -0.0313  0.6220  1.0000  -1.0694   0.0000   0.0000   0.0000   0.2890
  11.800   0.5375   0.14745   0.13463  -0.0304  0.6205  1.0000  -1.0598   0.0000   0.0000   0.0000   0.2880
  11.900   0.5214   0.14431   0.13147  -0.0285  0.6181  1.0000  -1.0376   0.0000   0.0000   0.0000   0.2857
  12.000   0.5102   0.14197   0.12913  -0.0271  0.6116  1.0000  -1.0231   0.0000   0.0000   0.0000   0.2836
  12.100   0.5116   0.14217   0.12936  -0.0269  0.6031  1.0000  -1.0272   0.0000   0.0000   0.0000   0.2829
  12.200   0.5209   0.14391   0.13114  -0.0274  0.5958  1.0000  -1.0428   0.0000   0.0000   0.0000   0.2830
  12.300   0.5344   0.14687   0.13415  -0.0285  0.5910  1.0000  -1.0639   0.0000   0.0000   0.0000   0.2838
  12.400   0.5546   0.15206   0.13942  -0.0304  0.5873  1.0000  -1.0937   0.0000   0.0000   0.0000   0.2854
  12.500   0.5802   0.16030   0.14771  -0.0332  0.5849  1.0000  -1.1292   0.0000   0.0000   0.0000   0.2882
  12.600   0.5676   0.15805   0.14545  -0.0319  0.5840  1.0000  -1.1104   0.0000   0.0000   0.0000   0.2868
  12.700   0.5547   0.15546   0.14284  -0.0306  0.5824  1.0000  -1.0911   0.0000   0.0000   0.0000   0.2854
  12.800   0.5437   0.15306   0.14044  -0.0295  0.5786  1.0000  -1.0748   0.0000   0.0000   0.0000   0.2840
  12.900   0.5402   0.15241   0.13980  -0.0290  0.5729  1.0000  -1.0696   0.0000   0.0000   0.0000   0.2833
  13.000   0.5426   0.15307   0.14049  -0.0291  0.5668  1.0000  -1.0730   0.0000   0.0000   0.0000   0.2831
  13.100   0.5496   0.15463   0.14209  -0.0295  0.5607  1.0000  -1.0834   0.0000   0.0000   0.0000   0.2831
  13.200   0.5652   0.15810   0.14562  -0.0305  0.5543  1.0000  -1.1066   0.0000   0.0000   0.0000   0.2835
  13.300   0.6056   0.17040   0.15802  -0.0341  0.5481  1.0000  -1.1639   0.0000   0.0000   0.0000   0.2864
  13.400   0.5912   0.16730   0.15490  -0.0328  0.5470  1.0000  -1.1409   0.0000   0.0000   0.0000   0.2852
  13.500   0.5771   0.16393   0.15151  -0.0316  0.5447  1.0000  -1.1186   0.0000   0.0000   0.0000   0.2841
  13.600   0.5679   0.16159   0.14916  -0.0308  0.5392  1.0000  -1.1048   0.0000   0.0000   0.0000   0.2832
  13.700   0.5679   0.16163   0.14922  -0.0307  0.5326  1.0000  -1.1068   0.0000   0.0000   0.0000   0.2829
  13.800   0.5722   0.16278   0.15040  -0.0310  0.5274  1.0000  -1.1158   0.0000   0.0000   0.0000   0.2828
  13.900   0.5792   0.16460   0.15226  -0.0315  0.5228  1.0000  -1.1295   0.0000   0.0000   0.0000   0.2829
  14.000   0.5895   0.16736   0.15508  -0.0321  0.5188  1.0000  -1.1486   0.0000   0.0000   0.0000   0.2831
  14.100   0.6051   0.17203   0.15982  -0.0333  0.5153  1.0000  -1.1759   0.0000   0.0000   0.0000   0.2837
  14.200   0.6314   0.18150   0.16940  -0.0356  0.5124  1.0000  -1.2191   0.0000   0.0000   0.0000   0.2853
  14.300   0.6317   0.18320   0.17108  -0.0359  0.5114  1.0000  -1.2179   0.0000   0.0000   0.0000   0.2856
  14.400   0.6194   0.18008   0.16794  -0.0351  0.5103  1.0000  -1.1968   0.0000   0.0000   0.0000   0.2850
  14.500   0.6077   0.17677   0.16460  -0.0343  0.5082  1.0000  -1.1766   0.0000   0.0000   0.0000   0.2845
  14.600   0.6001   0.17450   0.16232  -0.0339  0.5037  1.0000  -1.1635   0.0000   0.0000   0.0000   0.2841
  14.700   0.5993   0.17424   0.16207  -0.0339  0.4978  1.0000  -1.1621   0.0000   0.0000   0.0000   0.2840
  14.800   0.6031   0.17518   0.16305  -0.0341  0.4917  1.0000  -1.1688   0.0000   0.0000   0.0000   0.2838
  14.900   0.6122   0.17741   0.16533  -0.0345  0.4852  1.0000  -1.1852   0.0000   0.0000   0.0000   0.2836
  15.000   0.6408   0.18617   0.17441  -0.0359  0.4777  1.0000  -1.2349   0.0000   0.0000   0.0000   0.2837
  15.100   0.6565   0.19372   0.18201  -0.0373  0.4750  1.0000  -1.2574   0.0000   0.0000   0.0000   0.2846
  15.200   0.6445   0.19026   0.17852  -0.0367  0.4740  1.0000  -1.2350   0.0000   0.0000   0.0000   0.2844
  15.300   0.6337   0.18683   0.17506  -0.0363  0.4719  1.0000  -1.2146   0.0000   0.0000   0.0000   0.2842
  15.400   0.6269   0.18456   0.17278  -0.0361  0.4678  1.0000  -1.2009   0.0000   0.0000   0.0000   0.2842
  15.500   0.6259   0.18426   0.17249  -0.0362  0.4627  1.0000  -1.1973   0.0000   0.0000   0.0000   0.2843
  15.600   0.6285   0.18505   0.17331  -0.0365  0.4579  1.0000  -1.1995   0.0000   0.0000   0.0000   0.2843
  15.700   0.6331   0.18647   0.17477  -0.0368  0.4534  1.0000  -1.2054   0.0000   0.0000   0.0000   0.2843
  15.800   0.6398   0.18856   0.17690  -0.0372  0.4494  1.0000  -1.2147   0.0000   0.0000   0.0000   0.2843
  15.900   0.6494   0.19174   0.18013  -0.0377  0.4458  1.0000  -1.2285   0.0000   0.0000   0.0000   0.2842
  16.000   0.6638   0.19724   0.18572  -0.0385  0.4426  1.0000  -1.2495   0.0000   0.0000   0.0000   0.2842
  16.100   0.6922   0.21043   0.19905  -0.0405  0.4398  1.0000  -1.2931   0.0000   0.0000   0.0000   0.2850
  16.200   0.6860   0.20930   0.19786  -0.0404  0.4389  1.0000  -1.2803   0.0000   0.0000   0.0000   0.2852
  16.300   0.6747   0.20518   0.19371  -0.0401  0.4379  1.0000  -1.2579   0.0000   0.0000   0.0000   0.2853
  16.400   0.6646   0.20108   0.18957  -0.0399  0.4358  1.0000  -1.2377   0.0000   0.0000   0.0000   0.2856
  16.500   0.6587   0.19820   0.18668  -0.0400  0.4315  1.0000  -1.2257   0.0000   0.0000   0.0000   0.2859
  16.600   0.6584   0.19770   0.18619  -0.0403  0.4256  1.0000  -1.2256   0.0000   0.0000   0.0000   0.2860
  16.700   0.6623   0.19865   0.18717  -0.0405  0.4194  1.0000  -1.2345   0.0000   0.0000   0.0000   0.2859
  16.800   0.6710   0.20119   0.18977  -0.0407  0.4130  1.0000  -1.2543   0.0000   0.0000   0.0000   0.2854
  16.900   0.6931   0.21004   0.19874  -0.0412  0.4066  1.0000  -1.3015   0.0000   0.0000   0.0000   0.2844
  17.000   0.7174   0.22344   0.21223  -0.0427  0.4038  1.0000  -1.3457   0.0000   0.0000   0.0000   0.2847
  17.100   0.7075   0.21970   0.20845  -0.0426  0.4032  1.0000  -1.3241   0.0000   0.0000   0.0000   0.2851
  17.200   0.6983   0.21562   0.20434  -0.0427  0.4021  1.0000  -1.3039   0.0000   0.0000   0.0000   0.2856
  17.300   0.6906   0.21170   0.20039  -0.0429  0.4000  1.0000  -1.2861   0.0000   0.0000   0.0000   0.2862
  17.400   0.6862   0.20949   0.19817  -0.0432  0.3963  1.0000  -1.2750   0.0000   0.0000   0.0000   0.2867
  17.500   0.6861   0.20927   0.19796  -0.0436  0.3918  1.0000  -1.2726   0.0000   0.0000   0.0000   0.2871
  17.600   0.6883   0.21006   0.19877  -0.0440  0.3876  1.0000  -1.2753   0.0000   0.0000   0.0000   0.2872
  17.700   0.6921   0.21142   0.20016  -0.0444  0.3837  1.0000  -1.2813   0.0000   0.0000   0.0000   0.2873
  17.800   0.6973   0.21330   0.20208  -0.0447  0.3800  1.0000  -1.2904   0.0000   0.0000   0.0000   0.2872
  17.900   0.7043   0.21596   0.20479  -0.0450  0.3767  1.0000  -1.3031   0.0000   0.0000   0.0000   0.2869
  18.000   0.7140   0.22014   0.20903  -0.0454  0.3737  1.0000  -1.3212   0.0000   0.0000   0.0000   0.2865
  18.100   0.7292   0.22822   0.21720  -0.0459  0.3710  1.0000  -1.3489   0.0000   0.0000   0.0000   0.2860
  18.200   0.7496   0.24236   0.23143  -0.0470  0.3690  1.0000  -1.3816   0.0000   0.0000   0.0000   0.2861
  18.300   0.7407   0.23772   0.22674  -0.0472  0.3684  1.0000  -1.3604   0.0000   0.0000   0.0000   0.2867
  18.400   0.7323   0.23301   0.22200  -0.0475  0.3675  1.0000  -1.3395   0.0000   0.0000   0.0000   0.2874
  18.500   0.7247   0.22876   0.21772  -0.0479  0.3657  1.0000  -1.3196   0.0000   0.0000   0.0000   0.2883
  18.600   0.7198   0.22608   0.21502  -0.0484  0.3622  1.0000  -1.3047   0.0000   0.0000   0.0000   0.2891
  18.700   0.7191   0.22558   0.21452  -0.0489  0.3574  1.0000  -1.2992   0.0000   0.0000   0.0000   0.2896
  18.800   0.7214   0.22634   0.21531  -0.0493  0.3522  1.0000  -1.3141   0.0000   0.0000   0.0000   0.2897
  18.900   0.7264   0.22800   0.21701  -0.0495  0.3469  1.0000  -1.3390   0.0000   0.0000   0.0000   0.2894
  19.000   0.7355   0.23133   0.22039  -0.0496  0.3416  1.0000  -1.3798   0.0000   0.0000   0.0000   0.2886
  19.100   0.7563   0.24181   0.23100  -0.0496  0.3367  1.0000  -1.4603   0.0000   0.0000   0.0000   0.2870
  19.200   0.7744   0.25544   0.24471  -0.0503  0.3347  1.0000  -1.5234   0.0000   0.0000   0.0000   0.2867
  19.300   0.7669   0.25121   0.24044  -0.0508  0.3342  1.0000  -1.5031   0.0000   0.0000   0.0000   0.2875
  19.400   0.7596   0.24709   0.23628  -0.0513  0.3334  1.0000  -1.4829   0.0000   0.0000   0.0000   0.2885
  19.500   0.7530   0.24340   0.23256  -0.0520  0.3319  1.0000  -1.4642   0.0000   0.0000   0.0000   0.2895
  19.600   0.7484   0.24094   0.23009  -0.0527  0.3293  1.0000  -1.4520   0.0000   0.0000   0.0000   0.2905
  19.700   0.7471   0.24033   0.22949  -0.0533  0.3258  1.0000  -1.4515   0.0000   0.0000   0.0000   0.2912
  19.800   0.7482   0.24091   0.23008  -0.0539  0.3221  1.0000  -1.4596   0.0000   0.0000   0.0000   0.2916
  19.900   0.7505   0.24206   0.23125  -0.0543  0.3186  1.0000  -1.4727   0.0000   0.0000   0.0000   0.2918
  20.000   0.7539   0.24358   0.23281  -0.0547  0.3154  1.0000  -1.4895   0.0000   0.0000   0.0000   0.2919


