xflr5 v6.61

 Calculated polar for: S8037 (16%)

 1 1 Reynolds number fixed          Mach number fixed         

 xtrf =   1.000 (top)        1.000 (bottom)
 Mach =   0.000     Re =     0.090 e 6     Ncrit =   9.000

  alpha     CL        CD       CDp       Cm    Top Xtr Bot Xtr   Cpmin    Chinge    XCp    
 ------- -------- --------- --------- -------- ------- ------- -------- --------- ---------
   0.000   0.4122   0.02750   0.01975  -0.0742  0.7703  0.9602  -0.7795   0.0000   0.0000   0.0000   0.4294
   0.100   0.4312   0.02735   0.01956  -0.0757  0.7681  0.9641  -0.7946   0.0000   0.0000   0.0000   0.4246
   0.200   0.4490   0.02724   0.01941  -0.0769  0.7661  0.9681  -0.8090   0.0000   0.0000   0.0000   0.4201
   0.300   0.4726   0.02711   0.01923  -0.0792  0.7642  0.9707  -0.8280   0.0000   0.0000   0.0000   0.4162
   0.400   0.4854   0.02734   0.01949  -0.0805  0.7603  0.9757  -0.8386   0.0000   0.0000   0.0000   0.4142
   0.500   0.4948   0.02765   0.01982  -0.0812  0.7559  0.9811  -0.8469   0.0000   0.0000   0.0000   0.4123
   0.600   0.5117   0.02772   0.01989  -0.0830  0.7522  0.9849  -0.8607   0.0000   0.0000   0.0000   0.4103
   0.700   0.5280   0.02773   0.01989  -0.0845  0.7487  0.9889  -0.8745   0.0000   0.0000   0.0000   0.4080
   0.800   0.5459   0.02762   0.01978  -0.0861  0.7455  0.9921  -0.8899   0.0000   0.0000   0.0000   0.4055
   0.900   0.5657   0.02741   0.01955  -0.0879  0.7425  0.9952  -0.9083   0.0000   0.0000   0.0000   0.4031
   1.000   0.5859   0.02718   0.01930  -0.0898  0.7397  0.9983  -0.9273   0.0000   0.0000   0.0000   0.4007
   1.100   0.6016   0.02699   0.01908  -0.0907  0.7371  1.0000  -0.9433   0.0000   0.0000   0.0000   0.3981
   1.200   0.6100   0.02690   0.01897  -0.0903  0.7346  1.0000  -0.9542   0.0000   0.0000   0.0000   0.3952
   1.300   0.6188   0.02684   0.01888  -0.0899  0.7323  1.0000  -0.9655   0.0000   0.0000   0.0000   0.3923
   1.400   0.6275   0.02686   0.01887  -0.0894  0.7300  1.0000  -0.9768   0.0000   0.0000   0.0000   0.3894
   1.500   0.6226   0.02738   0.01943  -0.0876  0.7254  1.0000  -0.9761   0.0000   0.0000   0.0000   0.3875
   1.600   0.6144   0.02797   0.02006  -0.0854  0.7198  1.0000  -0.9726   0.0000   0.0000   0.0000   0.3857
   1.700   0.6118   0.02831   0.02040  -0.0837  0.7150  1.0000  -0.9741   0.0000   0.0000   0.0000   0.3834
   1.800   0.6138   0.02844   0.02054  -0.0825  0.7111  1.0000  -0.9802   0.0000   0.0000   0.0000   0.3809
   1.900   0.6192   0.02844   0.02052  -0.0817  0.7078  1.0000  -0.9898   0.0000   0.0000   0.0000   0.3782
   2.000   0.6264   0.02836   0.02048  -0.0810  0.7049  1.0000  -1.0011   0.0000   0.0000   0.0000   0.3755
   2.100   0.6344   0.02825   0.02035  -0.0804  0.7022  1.0000  -1.0132   0.0000   0.0000   0.0000   0.3728
   2.200   0.6440   0.02811   0.02018  -0.0800  0.6999  1.0000  -1.0266   0.0000   0.0000   0.0000   0.3701
   2.300   0.6545   0.02797   0.02001  -0.0797  0.6977  1.0000  -1.0409   0.0000   0.0000   0.0000   0.3676
   2.400   0.6654   0.02788   0.01989  -0.0795  0.6957  1.0000  -1.0560   0.0000   0.0000   0.0000   0.3651
   2.500   0.6698   0.02810   0.02009  -0.0785  0.6929  1.0000  -1.0660   0.0000   0.0000   0.0000   0.3627
   2.600   0.6384   0.02940   0.02147  -0.0733  0.6848  1.0000  -1.0418   0.0000   0.0000   0.0000   0.3601
   2.700   0.6267   0.02998   0.02206  -0.0702  0.6792  1.0000  -1.0367   0.0000   0.0000   0.0000   0.3572
   2.800   0.6267   0.03016   0.02223  -0.0686  0.6752  1.0000  -1.0426   0.0000   0.0000   0.0000   0.3545
   2.900   0.6336   0.03010   0.02216  -0.0678  0.6720  1.0000  -1.0550   0.0000   0.0000   0.0000   0.3519
   3.000   0.6445   0.02991   0.02196  -0.0675  0.6693  1.0000  -1.0713   0.0000   0.0000   0.0000   0.3495
   3.100   0.6555   0.02972   0.02174  -0.0672  0.6668  1.0000  -1.0878   0.0000   0.0000   0.0000   0.3471
   3.200   0.6683   0.02947   0.02147  -0.0671  0.6646  1.0000  -1.1061   0.0000   0.0000   0.0000   0.3449
   3.300   0.6828   0.02919   0.02117  -0.0672  0.6626  1.0000  -1.1262   0.0000   0.0000   0.0000   0.3428
   3.400   0.6981   0.02894   0.02088  -0.0674  0.6606  1.0000  -1.1470   0.0000   0.0000   0.0000   0.3409
   3.500   0.7131   0.02877   0.02069  -0.0676  0.6587  1.0000  -1.1675   0.0000   0.0000   0.0000   0.3390
   3.600   0.6740   0.03047   0.02243  -0.0611  0.6504  1.0000  -1.1351   0.0000   0.0000   0.0000   0.3346
   3.700   0.6532   0.03148   0.02345  -0.0569  0.6432  1.0000  -1.1206   0.0000   0.0000   0.0000   0.3308
   3.800   0.6562   0.03163   0.02359  -0.0556  0.6391  1.0000  -1.1292   0.0000   0.0000   0.0000   0.3283
   3.900   0.6675   0.03146   0.02341  -0.0553  0.6361  1.0000  -1.1461   0.0000   0.0000   0.0000   0.3264
   4.000   0.6823   0.03116   0.02310  -0.0555  0.6335  1.0000  -1.1686   0.0000   0.0000   0.0000   0.3247
   4.100   0.6974   0.03084   0.02277  -0.0556  0.6311  1.0000  -1.1915   0.0000   0.0000   0.0000   0.3230
   4.200   0.7140   0.03046   0.02237  -0.0560  0.6289  1.0000  -1.2163   0.0000   0.0000   0.0000   0.3215
   4.300   0.7323   0.03003   0.02193  -0.0565  0.6270  1.0000  -1.2430   0.0000   0.0000   0.0000   0.3203
   4.400   0.7511   0.02962   0.02151  -0.0572  0.6251  1.0000  -1.2702   0.0000   0.0000   0.0000   0.3191
   4.500   0.7697   0.02927   0.02112  -0.0579  0.6232  1.0000  -1.2975   0.0000   0.0000   0.0000   0.3180
   4.600   0.7695   0.02970   0.02156  -0.0562  0.6192  1.0000  -1.3042   0.0000   0.0000   0.0000   0.3158
   4.700   0.7236   0.03188   0.02379  -0.0489  0.6086  1.0000  -1.2610   0.0000   0.0000   0.0000   0.3101
   4.800   0.7256   0.03210   0.02401  -0.0475  0.6039  1.0000  -1.2700   0.0000   0.0000   0.0000   0.3078
   4.900   0.7382   0.03186   0.02377  -0.0474  0.6006  1.0000  -1.2908   0.0000   0.0000   0.0000   0.3064
   5.000   0.7526   0.03152   0.02343  -0.0474  0.5977  1.0000  -1.3137   0.0000   0.0000   0.0000   0.3051
   5.100   0.7699   0.03106   0.02296  -0.0478  0.5952  1.0000  -1.3400   0.0000   0.0000   0.0000   0.3041
   5.200   0.7896   0.03052   0.02242  -0.0485  0.5930  1.0000  -1.3715   0.0000   0.0000   0.0000   0.3033
   5.300   0.8101   0.02996   0.02184  -0.0493  0.5909  1.0000  -1.4047   0.0000   0.0000   0.0000   0.3027
   5.400   0.8310   0.02941   0.02142  -0.0502  0.5889  1.0000  -1.4386   0.0000   0.0000   0.0000   0.3022
   5.500   0.8535   0.02887   0.02085  -0.0514  0.5867  1.0000  -1.4771   0.0000   0.0000   0.0000   0.3018
   5.600   0.8543   0.02926   0.02125  -0.0499  0.5824  1.0000  -1.4884   0.0000   0.0000   0.0000   0.2998
   5.700   0.8221   0.03093   0.02298  -0.0442  0.5739  1.0000  -1.4558   0.0000   0.0000   0.0000   0.2950
   5.800   0.8212   0.03126   0.02332  -0.0424  0.5685  1.0000  -1.4649   0.0000   0.0000   0.0000   0.2927
   5.900   0.8321   0.03105   0.02312  -0.0420  0.5645  1.0000  -1.4898   0.0000   0.0000   0.0000   0.2914
   6.000   0.8493   0.03055   0.02262  -0.0423  0.5613  1.0000  -1.5233   0.0000   0.0000   0.0000   0.2907
   6.100   0.8695   0.02991   0.02197  -0.0431  0.5584  1.0000  -1.5614   0.0000   0.0000   0.0000   0.2903
   6.200   0.8918   0.02920   0.02125  -0.0441  0.5557  1.0000  -1.6022   0.0000   0.0000   0.0000   0.2901
   6.300   0.9163   0.02847   0.02049  -0.0456  0.5530  1.0000  -1.6464   0.0000   0.0000   0.0000   0.2902
   6.400   0.9415   0.02782   0.01979  -0.0471  0.5501  1.0000  -1.6916   0.0000   0.0000   0.0000   0.2905
   6.500   0.9414   0.02820   0.02020  -0.0454  0.5453  1.0000  -1.7020   0.0000   0.0000   0.0000   0.2885
   6.600   0.9236   0.02920   0.02128  -0.0413  0.5387  1.0000  -1.6881   0.0000   0.0000   0.0000   0.2848
   6.700   0.9212   0.02955   0.02166  -0.0393  0.5330  1.0000  -1.6956   0.0000   0.0000   0.0000   0.2826
   6.800   0.9305   0.02938   0.02149  -0.0387  0.5283  1.0000  -1.7194   0.0000   0.0000   0.0000   0.2814
   6.900   0.9478   0.02888   0.02098  -0.0391  0.5242  1.0000  -1.7544   0.0000   0.0000   0.0000   0.2809
   7.000   0.9697   0.02822   0.02030  -0.0402  0.5205  1.0000  -1.7991   0.0000   0.0000   0.0000   0.2810
   7.100   0.9938   0.02754   0.01957  -0.0416  0.5168  1.0000  -1.8496   0.0000   0.0000   0.0000   0.2813
   7.200   1.0188   0.02699   0.01895  -0.0433  0.5127  1.0000  -1.9017   0.0000   0.0000   0.0000   0.2818
   7.300   1.0112   0.02757   0.01960  -0.0405  0.5075  1.0000  -1.9030   0.0000   0.0000   0.0000   0.2792
   7.400   1.0033   0.02812   0.02022  -0.0376  0.5015  1.0000  -1.9038   0.0000   0.0000   0.0000   0.2765
   7.500   1.0059   0.02825   0.02037  -0.0362  0.4958  1.0000  -1.9212   0.0000   0.0000   0.0000   0.2748
   7.600   1.0182   0.02797   0.02008  -0.0360  0.4903  1.0000  -1.9542   0.0000   0.0000   0.0000   0.2740
   7.700   1.0371   0.02743   0.01950  -0.0367  0.4852  1.0000  -2.0017   0.0000   0.0000   0.0000   0.2739
   7.800   1.0589   0.02686   0.01886  -0.0378  0.4801  1.0000  -2.0570   0.0000   0.0000   0.0000   0.2741
   7.900   1.0777   0.02665   0.01871  -0.0387  0.4745  1.0000  -2.1065   0.0000   0.0000   0.0000   0.2742
   8.000   1.0695   0.02717   0.01933  -0.0358  0.4692  1.0000  -2.1079   0.0000   0.0000   0.0000   0.2716
   8.100   1.0676   0.02749   0.01971  -0.0337  0.4634  1.0000  -2.1205   0.0000   0.0000   0.0000   0.2695
   8.200   1.0733   0.02753   0.01976  -0.0327  0.4573  1.0000  -2.1470   0.0000   0.0000   0.0000   0.2683
   8.300   1.0860   0.02729   0.01949  -0.0326  0.4513  1.0000  -2.1867   0.0000   0.0000   0.0000   0.2677
   8.400   1.1036   0.02691   0.01903  -0.0332  0.4453  1.0000  -2.2359   0.0000   0.0000   0.0000   0.2676
   8.500   1.1231   0.02674   0.01874  -0.0343  0.4384  1.0000  -2.2880   0.0000   0.0000   0.0000   0.2679
   8.600   1.1168   0.02717   0.01927  -0.0316  0.4332  1.0000  -2.2928   0.0000   0.0000   0.0000   0.2655
   8.700   1.1153   0.02745   0.01960  -0.0296  0.4272  1.0000  -2.3066   0.0000   0.0000   0.0000   0.2635
   8.800   1.1200   0.02752   0.01967  -0.0284  0.4207  1.0000  -2.3320   0.0000   0.0000   0.0000   0.2622
   8.900   1.1302   0.02738   0.01949  -0.0280  0.4142  1.0000  -2.3684   0.0000   0.0000   0.0000   0.2615
   9.000   1.1488   0.02713   0.01909  -0.0288  0.4069  1.0000  -2.4263   0.0000   0.0000   0.0000   0.2617
   9.100   1.1536   0.02740   0.01935  -0.0278  0.4008  1.0000  -2.4561   0.0000   0.0000   0.0000   0.2605
   9.200   1.1500   0.02777   0.01979  -0.0255  0.3954  1.0000  -2.4683   0.0000   0.0000   0.0000   0.2585
   9.300   1.1505   0.02801   0.02006  -0.0239  0.3893  1.0000  -2.4896   0.0000   0.0000   0.0000   0.2568
   9.400   1.1556   0.02809   0.02013  -0.0228  0.3829  1.0000  -2.5211   0.0000   0.0000   0.0000   0.2557
   9.500   1.1656   0.02806   0.02002  -0.0224  0.3764  1.0000  -2.5637   0.0000   0.0000   0.0000   0.2550
   9.600   1.1835   0.02815   0.01993  -0.0234  0.3682  1.0000  -2.6225   0.0000   0.0000   0.0000   0.2554
   9.700   1.1784   0.02854   0.02042  -0.0209  0.3637  1.0000  -2.6314   0.0000   0.0000   0.0000   0.2532
   9.800   1.1761   0.02889   0.02082  -0.0189  0.3584  1.0000  -2.6464   0.0000   0.0000   0.0000   0.2514
   9.900   1.1771   0.02915   0.02110  -0.0174  0.3527  1.0000  -2.6691   0.0000   0.0000   0.0000   0.2499
  10.000   1.1813   0.02931   0.02124  -0.0162  0.3469  1.0000  -2.6990   0.0000   0.0000   0.0000   0.2487
  10.100   1.1922   0.02941   0.02123  -0.0161  0.3405  1.0000  -2.7437   0.0000   0.0000   0.0000   0.2483
  10.200   1.2060   0.02977   0.02147  -0.0166  0.3333  1.0000  -2.7928   0.0000   0.0000   0.0000   0.2484
  10.300   1.2009   0.03018   0.02197  -0.0142  0.3294  1.0000  -2.8015   0.0000   0.0000   0.0000   0.2463
  10.400   1.1974   0.03056   0.02241  -0.0121  0.3250  1.0000  -2.8140   0.0000   0.0000   0.0000   0.2444
  10.500   1.1968   0.03089   0.02276  -0.0104  0.3201  1.0000  -2.8328   0.0000   0.0000   0.0000   0.2428
  10.600   1.1993   0.03115   0.02301  -0.0091  0.3149  1.0000  -2.8589   0.0000   0.0000   0.0000   0.2415
  10.700   1.2056   0.03133   0.02313  -0.0084  0.3093  1.0000  -2.8940   0.0000   0.0000   0.0000   0.2407
  10.800   1.2254   0.03171   0.02330  -0.0098  0.3007  1.0000  -2.9577   0.0000   0.0000   0.0000   0.2416
  10.900   1.2191   0.03214   0.02383  -0.0074  0.2977  1.0000  -2.9634   0.0000   0.0000   0.0000   0.2395
  11.000   1.2149   0.03260   0.02436  -0.0054  0.2938  1.0000  -2.9735   0.0000   0.0000   0.0000   0.2377
  11.100   1.2131   0.03303   0.02493  -0.0037  0.2895  1.0000  -2.9891   0.0000   0.0000   0.0000   0.2361
  11.200   1.2139   0.03339   0.02531  -0.0025  0.2847  1.0000  -3.0112   0.0000   0.0000   0.0000   0.2349
  11.300   1.2174   0.03367   0.02557  -0.0015  0.2798  1.0000  -3.0400   0.0000   0.0000   0.0000   0.2339
  11.400   1.2271   0.03391   0.02569  -0.0013  0.2740  1.0000  -3.0832   0.0000   0.0000   0.0000   0.2336
  11.500   1.2390   0.03449   0.02617  -0.0016  0.2676  1.0000  -3.1281   0.0000   0.0000   0.0000   0.2337
  11.600   1.2340   0.03504   0.02683   0.0003  0.2647  1.0000  -3.1354   0.0000   0.0000   0.0000   0.2320
  11.700   1.2308   0.03562   0.02749   0.0018  0.2612  1.0000  -3.1464   0.0000   0.0000   0.0000   0.2305
  11.800   1.2295   0.03616   0.02808   0.0031  0.2574  1.0000  -3.1621   0.0000   0.0000   0.0000   0.2293
  11.900   1.2306   0.03663   0.02857   0.0041  0.2532  1.0000  -3.1836   0.0000   0.0000   0.0000   0.2283
  12.000   1.2341   0.03699   0.02891   0.0049  0.2488  1.0000  -3.2119   0.0000   0.0000   0.0000   0.2275
  12.100   1.2405   0.03731   0.02916   0.0054  0.2441  1.0000  -3.2476   0.0000   0.0000   0.0000   0.2269
  12.200   1.2571   0.03788   0.02957   0.0047  0.2370  1.0000  -3.3081   0.0000   0.0000   0.0000   0.2274
  12.300   1.2511   0.03854   0.03034   0.0063  0.2347  1.0000  -3.3147   0.0000   0.0000   0.0000   0.2258
  12.400   1.2464   0.03924   0.03113   0.0078  0.2319  1.0000  -3.3243   0.0000   0.0000   0.0000   0.2245
  12.500   1.2432   0.03992   0.03188   0.0090  0.2286  1.0000  -3.3383   0.0000   0.0000   0.0000   0.2233
  12.600   1.2421   0.04053   0.03254   0.0100  0.2250  1.0000  -3.3582   0.0000   0.0000   0.0000   0.2223
  12.700   1.2432   0.04104   0.03305   0.0108  0.2212  1.0000  -3.3849   0.0000   0.0000   0.0000   0.2214
  12.800   1.2470   0.04143   0.03341   0.0114  0.2173  1.0000  -3.4198   0.0000   0.0000   0.0000   0.2208
  12.900   1.2554   0.04176   0.03365   0.0116  0.2128  1.0000  -3.4846   0.0000   0.0000   0.0000   0.2204
  13.000   1.2691   0.04250   0.03430   0.0113  0.2071  1.0000  -3.5734   0.0000   0.0000   0.0000   0.2207
  13.100   1.2633   0.04335   0.03527   0.0126  0.2053  1.0000  -3.5860   0.0000   0.0000   0.0000   0.2194
  13.200   1.2583   0.04424   0.03626   0.0137  0.2031  1.0000  -3.6013   0.0000   0.0000   0.0000   0.2183
  13.300   1.2543   0.04514   0.03725   0.0147  0.2007  1.0000  -3.6202   0.0000   0.0000   0.0000   0.2172
  13.400   1.2515   0.04601   0.03818   0.0155  0.1980  1.0000  -3.6445   0.0000   0.0000   0.0000   0.2163
  13.500   1.2506   0.04678   0.03900   0.0162  0.1952  1.0000  -3.6769   0.0000   0.0000   0.0000   0.2155
  13.600   1.2519   0.04741   0.03965   0.0168  0.1921  1.0000  -3.7198   0.0000   0.0000   0.0000   0.2149
  13.700   1.2559   0.04789   0.04010   0.0173  0.1888  1.0000  -3.7753   0.0000   0.0000   0.0000   0.2144
  13.800   1.2644   0.04819   0.04032   0.0175  0.1851  1.0000  -3.8513   0.0000   0.0000   0.0000   0.2141
  14.000   1.2735   0.05000   0.04212   0.0182  0.1781  1.0000  -3.9599   0.0000   0.0000   0.0000   0.2133
  14.100   1.2661   0.05114   0.04337   0.0191  0.1767  1.0000  -3.9637   0.0000   0.0000   0.0000   0.2123
  14.200   1.2592   0.05232   0.04465   0.0198  0.1750  1.0000  -3.9691   0.0000   0.0000   0.0000   0.2113
  14.300   1.2527   0.05353   0.04596   0.0205  0.1731  1.0000  -3.9761   0.0000   0.0000   0.0000   0.2105
  14.400   1.2471   0.05472   0.04723   0.0211  0.1711  1.0000  -3.9870   0.0000   0.0000   0.0000   0.2097
  14.500   1.2431   0.05582   0.04840   0.0216  0.1689  1.0000  -4.0050   0.0000   0.0000   0.0000   0.2090
  14.600   1.2408   0.05678   0.04939   0.0221  0.1666  1.0000  -4.0319   0.0000   0.0000   0.0000   0.2084
  14.700   1.2412   0.05752   0.05014   0.0224  0.1640  1.0000  -4.0717   0.0000   0.0000   0.0000   0.2079
  14.800   1.2466   0.05786   0.05045   0.0227  0.1611  1.0000  -4.1364   0.0000   0.0000   0.0000   0.2075
  14.900   1.2604   0.05779   0.05025   0.0229  0.1572  1.0000  -4.2409   0.0000   0.0000   0.0000   0.2074
  15.000   1.2702   0.05905   0.05146   0.0230  0.1533  1.0000  -4.3152   0.0000   0.0000   0.0000   0.2073
  15.100   1.2613   0.06050   0.05302   0.0235  0.1525  1.0000  -4.3089   0.0000   0.0000   0.0000   0.2065
  15.200   1.2519   0.06207   0.05470   0.0240  0.1517  1.0000  -4.2998   0.0000   0.0000   0.0000   0.2058
  15.300   1.2424   0.06375   0.05649   0.0243  0.1508  1.0000  -4.2887   0.0000   0.0000   0.0000   0.2051
  15.400   1.2320   0.06559   0.05844   0.0245  0.1500  1.0000  -4.2724   0.0000   0.0000   0.0000   0.2045
  15.500   1.2210   0.06755   0.06051   0.0247  0.1491  1.0000  -4.2528   0.0000   0.0000   0.0000   0.2040
  15.600   1.2093   0.06967   0.06273   0.0247  0.1483  1.0000  -4.2284   0.0000   0.0000   0.0000   0.2035
  15.700   1.1962   0.07201   0.06517   0.0246  0.1476  1.0000  -4.1960   0.0000   0.0000   0.0000   0.2031
  15.800   1.1821   0.07456   0.06782   0.0243  0.1469  1.0000  -4.1570   0.0000   0.0000   0.0000   0.2028
  15.900   1.1648   0.07757   0.07094   0.0238  0.1464  1.0000  -4.1007   0.0000   0.0000   0.0000   0.2026
  16.000   1.1444   0.08110   0.07458   0.0230  0.1462  1.0000  -4.0263   0.0000   0.0000   0.0000   0.2027
  16.100   1.1159   0.08588   0.07947   0.0216  0.1465  1.0000  -3.9056   0.0000   0.0000   0.0000   0.2032
  16.200   1.0644   0.09438   0.08810   0.0184  0.1480  1.0000  -3.6544   0.0000   0.0000   0.0000   0.2050
  16.300   0.8522   0.13899   0.13265  -0.0022  0.1529  1.0000  -2.3998   0.0000   0.0000   0.0000   0.2256
  16.400   0.8247   0.14736   0.14089  -0.0064  0.1519  1.0000  -2.2419   0.0000   0.0000   0.0000   0.2309
  16.500   0.8081   0.15300   0.14651  -0.0092  0.1509  1.0000  -2.1429   0.0000   0.0000   0.0000   0.2346
  16.600   0.7967   0.15741   0.15090  -0.0115  0.1498  1.0000  -2.0715   0.0000   0.0000   0.0000   0.2376
  16.700   0.7873   0.16128   0.15477  -0.0135  0.1489  1.0000  -2.0114   0.0000   0.0000   0.0000   0.2402
  16.800   0.7812   0.16451   0.15800  -0.0150  0.1485  1.0000  -1.9683   0.0000   0.0000   0.0000   0.2423
  16.900   0.7775   0.16735   0.16085  -0.0162  0.1485  1.0000  -1.9368   0.0000   0.0000   0.0000   0.2439
  17.000   0.7750   0.16999   0.16349  -0.0174  0.1486  1.0000  -1.9109   0.0000   0.0000   0.0000   0.2453
  17.100   0.7735   0.17247   0.16598  -0.0183  0.1489  1.0000  -1.8904   0.0000   0.0000   0.0000   0.2465
  17.200   0.7731   0.17480   0.16832  -0.0192  0.1493  1.0000  -1.8752   0.0000   0.0000   0.0000   0.2475
  17.300   0.7739   0.17700   0.17053  -0.0198  0.1499  1.0000  -1.8655   0.0000   0.0000   0.0000   0.2482
  17.400   0.7760   0.17910   0.17265  -0.0203  0.1506  1.0000  -1.8628   0.0000   0.0000   0.0000   0.2487
  17.500   0.7801   0.18115   0.17473  -0.0206  0.1513  1.0000  -1.8692   0.0000   0.0000   0.0000   0.2487
  17.600   0.7871   0.18325   0.17686  -0.0204  0.1522  1.0000  -1.8949   0.0000   0.0000   0.0000   0.2481
  17.700   0.7506   0.19372   0.18732  -0.0281  0.1843  1.0000  -1.6042   0.0000   0.0000   0.0000   0.2602
  17.800   0.7617   0.19598   0.18962  -0.0276  0.1831  1.0000  -1.6402   0.0000   0.0000   0.0000   0.2589
  17.900   0.7761   0.19923   0.19293  -0.0269  0.1820  1.0000  -1.7112   0.0000   0.0000   0.0000   0.2572
  18.000   0.7915   0.20430   0.19806  -0.0258  0.1808  1.0000  -1.7972   0.0000   0.0000   0.0000   0.2552
  18.400   0.7883   0.21408   0.20784  -0.0295  0.1796  1.0000  -1.7736   0.0000   0.0000   0.0000   0.2595
  18.500   0.7825   0.21423   0.20797  -0.0310  0.1792  1.0000  -1.7423   0.0000   0.0000   0.0000   0.2615
  18.600   0.7712   0.21285   0.20656  -0.0330  0.1785  1.0000  -1.6842   0.0000   0.0000   0.0000   0.2642
  18.700   0.7523   0.20975   0.20340  -0.0360  0.1753  1.0000  -1.5832   0.0000   0.0000   0.0000   0.2689
  18.800   0.7487   0.21008   0.20372  -0.0374  0.1711  1.0000  -1.5643   0.0000   0.0000   0.0000   0.2708
  18.900   0.7503   0.21107   0.20472  -0.0380  0.1677  1.0000  -1.5766   0.0000   0.0000   0.0000   0.2714
  19.000   0.7539   0.21208   0.20575  -0.0384  0.1646  1.0000  -1.6025   0.0000   0.0000   0.0000   0.2713
  19.100   0.7594   0.21308   0.20676  -0.0384  0.1618  1.0000  -1.6425   0.0000   0.0000   0.0000   0.2708
  19.200   0.7674   0.21419   0.20790  -0.0380  0.1594  1.0000  -1.6986   0.0000   0.0000   0.0000   0.2696
  19.300   0.7771   0.21577   0.20961  -0.0374  0.1576  1.0000  -1.7716   0.0000   0.0000   0.0000   0.2680
  19.400   0.7867   0.21799   0.21186  -0.0369  0.1565  1.0000  -1.8342   0.0000   0.0000   0.0000   0.2667
  19.500   0.7998   0.22141   0.21534  -0.0361  0.1554  1.0000  -1.9150   0.0000   0.0000   0.0000   0.2648
  19.600   0.8175   0.22817   0.22218  -0.0347  0.1542  1.0000  -2.0201   0.0000   0.0000   0.0000   0.2622
  19.700   0.8211   0.23384   0.22784  -0.0351  0.1535  1.0000  -2.0342   0.0000   0.0000   0.0000   0.2624
  19.800   0.8188   0.23497   0.22897  -0.0363  0.1534  1.0000  -2.0167   0.0000   0.0000   0.0000   0.2638
  19.900   0.8160   0.23584   0.22984  -0.0376  0.1532  1.0000  -1.9962   0.0000   0.0000   0.0000   0.2653
  20.000   0.8121   0.23629   0.23027  -0.0390  0.1529  1.0000  -1.9697   0.0000   0.0000   0.0000   0.2670


