  
       XFOIL         Version 6.99
  
 Calculated polar for: FX 77-W-270S                                    
  
 1 1 Reynolds number fixed          Mach number fixed         
  
 xtrf =   1.000 (top)        1.000 (bottom)  
 Mach =   0.000     Re =     0.475 e 6     Ncrit =   9.000  9.000
  
   alpha    CL        CD       CDp       CM     Top_Xtr  Bot_Xtr  Top_Itr  Bot_Itr
  ------ -------- --------- --------- -------- -------- -------- -------- --------
   0.000   0.2922   0.01852   0.00944  -0.0278   0.4311   0.6857  60.0659 258.2244
   0.000   0.2922   0.01852   0.00944  -0.0278   0.4311   0.6857  60.0659 258.2242
   0.000   0.2922   0.01852   0.00944  -0.0278   0.4311   0.6857  60.0659 258.2242
   0.000   0.2922   0.01852   0.00944  -0.0278   0.4311   0.6857  60.0659 258.2242
   0.000   0.2922   0.01852   0.00944  -0.0278   0.4311   0.6857  60.0659 258.2242
   1.000   0.4131   0.01871   0.00961  -0.0307   0.4266   0.6912  60.4737 258.6716
   1.000   0.4131   0.01871   0.00961  -0.0307   0.4266   0.6911  60.4737 258.6714
   1.000   0.4131   0.01871   0.00961  -0.0307   0.4266   0.6911  60.4737 258.6714
   1.000   0.4131   0.01871   0.00961  -0.0307   0.4266   0.6911  60.4737 258.6714
   1.000   0.4131   0.01871   0.00961  -0.0307   0.4266   0.6911  60.4737 258.6714
   2.000   0.5355   0.01887   0.00948  -0.0342   0.4227   0.6967  60.8313 259.1329
   2.000   0.5355   0.01887   0.00948  -0.0342   0.4227   0.6967  60.8313 259.1328
   2.000   0.5355   0.01887   0.00948  -0.0342   0.4227   0.6967  60.8313 259.1328
   2.000   0.5355   0.01887   0.00948  -0.0342   0.4227   0.6967  60.8313 259.1328
   2.000   0.5355   0.01887   0.00948  -0.0342   0.4227   0.6967  60.8313 259.1328
   3.000   0.6547   0.01936   0.00970  -0.0371   0.4186   0.7006  61.2236 259.4469
   3.000   0.6547   0.01936   0.00970  -0.0371   0.4186   0.7006  61.2236 259.4469
   3.000   0.6547   0.01936   0.00970  -0.0371   0.4186   0.7006  61.2236 259.4469
   3.000   0.6547   0.01936   0.00970  -0.0371   0.4186   0.7006  61.2236 259.4469
   3.000   0.6547   0.01936   0.00970  -0.0371   0.4186   0.7006  61.2236 259.4469
   4.000   0.7737   0.01971   0.00977  -0.0402   0.4140   0.7045  61.6633 259.7687
   4.000   0.7737   0.01971   0.00977  -0.0402   0.4140   0.7045  61.6633 259.7686
   4.000   0.7737   0.01971   0.00977  -0.0402   0.4140   0.7045  61.6633 259.7686
   4.000   0.7737   0.01971   0.00977  -0.0402   0.4140   0.7045  61.6633 259.7686
   4.000   0.7737   0.01971   0.00977  -0.0402   0.4140   0.7045  61.6633 259.7686
   5.000   0.8964   0.02026   0.00959  -0.0441   0.4104   0.7078  61.9990 260.0468
   5.000   0.8964   0.02026   0.00959  -0.0441   0.4104   0.7078  61.9992 260.0467
   5.000   0.8964   0.02026   0.00959  -0.0441   0.4104   0.7078  61.9992 260.0467
   5.000   0.8964   0.02026   0.00959  -0.0441   0.4104   0.7078  61.9992 260.0467
   5.000   0.8964   0.02026   0.00959  -0.0441   0.4104   0.7078  61.9992 260.0467
   6.000   1.0049   0.02085   0.01010  -0.0456   0.4053   0.7110  62.5144 260.3054
   6.000   1.0049   0.02085   0.01010  -0.0456   0.4053   0.7110  62.5144 260.3053
   6.000   1.0049   0.02085   0.01010  -0.0456   0.4053   0.7110  62.5144 260.3053
   6.000   1.0049   0.02085   0.01010  -0.0456   0.4053   0.7110  62.5144 260.3053
   6.000   1.0049   0.02085   0.01010  -0.0456   0.4053   0.7110  62.5144 260.3053
   7.000   1.1232   0.02123   0.00987  -0.0488   0.4014   0.7141  62.8950 260.5646
   7.000   1.1232   0.02123   0.00987  -0.0488   0.4014   0.7141  62.8950 260.5647
   7.000   1.1232   0.02123   0.00987  -0.0488   0.4014   0.7141  62.8950 260.5647
   7.000   1.1232   0.02123   0.00987  -0.0488   0.4014   0.7141  62.8950 260.5647
   7.000   1.1232   0.02123   0.00987  -0.0488   0.4014   0.7141  62.8950 260.5647
   8.000   1.2263   0.02225   0.01028  -0.0499   0.3963   0.7178  63.4269 260.8721
   8.000   1.2263   0.02225   0.01028  -0.0499   0.3963   0.7178  63.4270 260.8720
   8.000   1.2263   0.02225   0.01028  -0.0499   0.3963   0.7178  63.4270 260.8720
   8.000   1.2263   0.02225   0.01028  -0.0499   0.3963   0.7178  63.4270 260.8720
   8.000   1.2263   0.02225   0.01028  -0.0499   0.3963   0.7178  63.4270 260.8720
   9.000   1.3383   0.02267   0.00999  -0.0523   0.3921   0.7208  63.8563 261.1197
   9.000   1.3383   0.02267   0.00999  -0.0523   0.3921   0.7208  63.8563 261.1197
   9.000   1.3383   0.02267   0.00999  -0.0523   0.3921   0.7208  63.8563 261.1197
   9.000   1.3383   0.02267   0.00999  -0.0523   0.3921   0.7208  63.8563 261.1197
   9.000   1.3383   0.02267   0.00999  -0.0523   0.3921   0.7208  63.8563 261.1197
  10.000   1.4287   0.02381   0.01025  -0.0515   0.3867   0.7247  64.4331 261.4379
  10.000   1.4287   0.02381   0.01025  -0.0515   0.3867   0.7247  64.4334 261.4394
  10.000   1.4287   0.02381   0.01025  -0.0515   0.3867   0.7247  64.4334 261.4394
  10.000   1.4287   0.02381   0.01025  -0.0515   0.3867   0.7247  64.4334 261.4394
  10.000   1.4287   0.02381   0.01025  -0.0515   0.3867   0.7247  64.4334 261.4394
  11.000   1.5345   0.02424   0.00968  -0.0530   0.3824   0.7287  64.8928 261.7730
  11.000   1.5345   0.02424   0.00968  -0.0530   0.3824   0.7287  64.8928 261.7729
  11.000   1.5345   0.02424   0.00968  -0.0530   0.3824   0.7287  64.8928 261.7729
  11.000   1.5345   0.02424   0.00968  -0.0530   0.3824   0.7287  64.8928 261.7729
  11.000   1.5345   0.02424   0.00968  -0.0530   0.3824   0.7287  64.8928 261.7729
  12.000   1.5831   0.02588   0.00972  -0.0458   0.3762   0.7330  65.5710 262.1228
  12.000   1.5831   0.02588   0.00972  -0.0458   0.3762   0.7330  65.5710 262.1227
  12.000   1.5831   0.02588   0.00972  -0.0458   0.3762   0.7330  65.5710 262.1226
  12.000   1.5831   0.02588   0.00972  -0.0458   0.3762   0.7330  65.5710 262.1226
  12.000   1.5831   0.02588   0.00972  -0.0458   0.3762   0.7330  65.5710 262.1226
  13.000   1.6660   0.02676   0.00906  -0.0444   0.3714   0.7381  66.0988 262.5431
  13.000   1.6660   0.02676   0.00906  -0.0444   0.3714   0.7381  66.0988 262.5435
  13.000   1.6660   0.02676   0.00906  -0.0444   0.3714   0.7381  66.0988 262.5436
  13.000   1.6660   0.02676   0.00906  -0.0444   0.3714   0.7381  66.0988 262.5436
  13.000   1.6660   0.02676   0.00906  -0.0444   0.3714   0.7381  66.0988 262.5436
  14.000   1.6993   0.02974   0.00933  -0.0385   0.3646   0.7436  66.8764 262.9995
  14.000   1.6993   0.02974   0.00933  -0.0385   0.3646   0.7436  66.8764 262.9997
  14.000   1.6993   0.02974   0.00933  -0.0385   0.3646   0.7436  66.8764 262.9998
  14.000   1.6993   0.02974   0.00933  -0.0385   0.3646   0.7436  66.8764 262.9998
  14.000   1.6993   0.02974   0.00933  -0.0385   0.3646   0.7436  66.8764 262.9998
  15.000   1.7079   0.03557   0.01108  -0.0342   0.3562   0.7502  67.8495 263.5490
  15.000   1.7079   0.03557   0.01108  -0.0342   0.3562   0.7502  67.8494 263.5487
  15.000   1.7079   0.03557   0.01108  -0.0342   0.3562   0.7502  67.8494 263.5486
  15.000   1.7079   0.03557   0.01108  -0.0342   0.3562   0.7502  67.8494 263.5485
  15.000   1.7079   0.03557   0.01108  -0.0342   0.3562   0.7502  67.8494 263.5485
  16.000   1.5980   0.05435   0.02101  -0.0311   0.3400   0.7561  69.7584 264.0379
  16.000   1.5980   0.05435   0.02101  -0.0311   0.3400   0.7561  69.7583 264.0375
  16.000   1.5980   0.05435   0.02101  -0.0311   0.3400   0.7561  69.7583 264.0374
  18.000   1.5399   0.08202   0.03659  -0.0338   0.3046   0.7758  74.0710 265.6738
  18.000   1.5399   0.08202   0.03659  -0.0338   0.3046   0.7758  74.0711 265.6705
  18.000   1.5399   0.08202   0.03659  -0.0338   0.3046   0.7758  74.0711 265.6703
  18.000   1.5399   0.08202   0.03659  -0.0338   0.3046   0.7758  74.0711 265.6703
  18.000   1.5399   0.08202   0.03659  -0.0338   0.3046   0.7758  74.0711 265.6703
