  
       XFOIL         Version 6.99
  
 Calculated polar for: FX 77-W-270S                                    
  
 1 1 Reynolds number fixed          Mach number fixed         
  
 xtrf =   1.000 (top)        1.000 (bottom)  
 Mach =   0.000     Re =     0.300 e 6     Ncrit =   9.000  9.000
  
   alpha    CL        CD       CDp       CM     Top_Xtr  Bot_Xtr  Top_Itr  Bot_Itr
  ------ -------- --------- --------- -------- -------- -------- -------- --------
   0.000   0.2708   0.02511   0.01554  -0.0214   0.4476   0.7121  58.6169 260.4035
   0.000   0.2708   0.02511   0.01554  -0.0214   0.4476   0.7121  58.6169 260.4035
   0.000   0.2708   0.02511   0.01554  -0.0214   0.4476   0.7121  58.6169 260.4035
   0.000   0.2708   0.02511   0.01554  -0.0214   0.4476   0.7121  58.6169 260.4035
   0.000   0.2708   0.02511   0.01554  -0.0214   0.4476   0.7121  58.6169 260.4035
   1.000   0.3899   0.02523   0.01508  -0.0250   0.4435   0.7204  58.9662 261.0855
   1.000   0.3899   0.02523   0.01508  -0.0250   0.4435   0.7204  58.9663 261.0855
   1.000   0.3899   0.02523   0.01508  -0.0250   0.4435   0.7204  58.9663 261.0855
   1.000   0.3899   0.02523   0.01508  -0.0250   0.4435   0.7204  58.9663 261.0855
   1.000   0.3899   0.02523   0.01508  -0.0250   0.4435   0.7204  58.9663 261.0855
   2.000   0.4955   0.02623   0.01619  -0.0262   0.4373   0.7265  59.5145 261.5847
   2.000   0.4955   0.02622   0.01619  -0.0262   0.4373   0.7265  59.5145 261.5848
   2.000   0.4955   0.02622   0.01619  -0.0262   0.4373   0.7265  59.5145 261.5848
   2.000   0.4955   0.02622   0.01619  -0.0262   0.4373   0.7265  59.5145 261.5848
   2.000   0.4955   0.02622   0.01619  -0.0262   0.4373   0.7265  59.5145 261.5848
   3.000   0.6145   0.02657   0.01598  -0.0299   0.4331   0.7325  59.8859 262.0790
   3.000   0.6145   0.02657   0.01598  -0.0299   0.4331   0.7325  59.8859 262.0790
   3.000   0.6145   0.02657   0.01598  -0.0299   0.4331   0.7325  59.8859 262.0790
   3.000   0.6145   0.02657   0.01598  -0.0299   0.4331   0.7325  59.8859 262.0790
   3.000   0.6145   0.02657   0.01598  -0.0299   0.4331   0.7325  59.8859 262.0790
   4.000   0.7095   0.02835   0.01748  -0.0301   0.4265   0.7366  60.4901 262.4208
   4.000   0.7095   0.02835   0.01748  -0.0301   0.4265   0.7366  60.4901 262.4208
   4.000   0.7095   0.02835   0.01748  -0.0301   0.4265   0.7366  60.4901 262.4208
   4.000   0.7095   0.02835   0.01748  -0.0301   0.4265   0.7366  60.4901 262.4208
   4.000   0.7095   0.02835   0.01748  -0.0301   0.4265   0.7366  60.4901 262.4208
   5.000   0.8273   0.02885   0.01728  -0.0335   0.4223   0.7409  60.8752 262.7737
   5.000   0.8273   0.02885   0.01728  -0.0335   0.4223   0.7409  60.8752 262.7738
   5.000   0.8273   0.02885   0.01728  -0.0335   0.4223   0.7409  60.8752 262.7738
   5.000   0.8273   0.02885   0.01728  -0.0335   0.4223   0.7409  60.8752 262.7738
   5.000   0.8273   0.02885   0.01728  -0.0335   0.4223   0.7409  60.8752 262.7738
   6.000   0.8991   0.03186   0.01943  -0.0313   0.4147   0.7443  61.5906 263.0620
   6.000   0.8991   0.03186   0.01943  -0.0313   0.4147   0.7443  61.5906 263.0620
   6.000   0.8991   0.03186   0.01943  -0.0313   0.4147   0.7443  61.5906 263.0620
   6.000   0.8991   0.03186   0.01943  -0.0313   0.4147   0.7443  61.5906 263.0620
   6.000   0.8991   0.03186   0.01943  -0.0313   0.4147   0.7443  61.5906 263.0620
   7.000   1.0180   0.03220   0.01895  -0.0347   0.4113   0.7479  61.9149 263.3602
   7.000   1.0180   0.03220   0.01895  -0.0347   0.4113   0.7479  61.9149 263.3601
   7.000   1.0180   0.03220   0.01895  -0.0347   0.4113   0.7479  61.9149 263.3601
   7.000   1.0180   0.03220   0.01895  -0.0347   0.4113   0.7479  61.9149 263.3601
   7.000   1.0180   0.03220   0.01895  -0.0347   0.4113   0.7479  61.9149 263.3601
   8.000   1.0230   0.03744   0.02217  -0.0244   0.4023   0.7520  62.8078 263.6942
   8.000   1.0230   0.03744   0.02217  -0.0244   0.4023   0.7520  62.8078 263.6947
   8.000   1.0230   0.03744   0.02217  -0.0244   0.4023   0.7520  62.8078 263.6946
   8.000   1.0230   0.03744   0.02217  -0.0244   0.4023   0.7520  62.8078 263.6946
   8.000   1.0230   0.03744   0.02217  -0.0244   0.4023   0.7520  62.8078 263.6946
  12.000   0.6573   0.11943   0.09317  -0.0177   0.3065   0.7627  73.8455 264.5822
  12.000   0.6573   0.11943   0.09317  -0.0177   0.3065   0.7627  73.8455 264.5819
  12.000   0.6573   0.11943   0.09317  -0.0177   0.3065   0.7627  73.8455 264.5819
  12.000   0.6573   0.11943   0.09317  -0.0177   0.3065   0.7627  73.8455 264.5819
  12.000   0.6573   0.11943   0.09317  -0.0177   0.3065   0.7627  73.8455 264.5819
  13.000   0.7115   0.12576   0.09857  -0.0204   0.2963   0.7671  75.1078 264.9484
  13.000   0.7115   0.12577   0.09857  -0.0204   0.2963   0.7671  75.1078 264.9491
  13.000   0.7115   0.12577   0.09857  -0.0204   0.2963   0.7671  75.1078 264.9490
  13.000   0.7115   0.12577   0.09857  -0.0204   0.2963   0.7671  75.1078 264.9490
  13.000   0.7115   0.12577   0.09857  -0.0204   0.2963   0.7671  75.1078 264.9490
  14.000   0.7487   0.13426   0.10770  -0.0237   0.2825   0.7718  76.8261 265.3362
  14.000   0.7487   0.13426   0.10770  -0.0237   0.2825   0.7717  76.8261 265.3357
  16.000   0.8404   0.14896   0.12431  -0.0311   0.2589   0.7847  79.8187 266.4177
  16.000   0.8404   0.14896   0.12431  -0.0311   0.2589   0.7847  79.8187 266.4175
  16.000   0.8404   0.14896   0.12431  -0.0311   0.2589   0.7847  79.8187 266.4174
  16.000   0.8404   0.14896   0.12431  -0.0311   0.2589   0.7847  79.8187 266.4174
  16.000   0.8404   0.14896   0.12431  -0.0311   0.2589   0.7847  79.8187 266.4174
