  
       XFOIL         Version 6.99
  
 Calculated polar for: FX 77-W-270S                                    
  
 1 1 Reynolds number fixed          Mach number fixed         
  
 xtrf =   1.000 (top)        1.000 (bottom)  
 Mach =   0.000     Re =     0.550 e 6     Ncrit =   9.000  9.000
  
   alpha    CL        CD       CDp       CM     Top_Xtr  Bot_Xtr  Top_Itr  Bot_Itr
  ------ -------- --------- --------- -------- -------- -------- -------- --------
   0.000   0.2947   0.01689   0.00826  -0.0286   0.4261   0.6788  60.5218 257.6513
   0.000   0.2947   0.01689   0.00826  -0.0286   0.4261   0.6788  60.5218 257.6513
   0.000   0.2947   0.01689   0.00826  -0.0286   0.4261   0.6788  60.5218 257.6513
   0.000   0.2947   0.01689   0.00826  -0.0286   0.4261   0.6788  60.5218 257.6513
   0.000   0.2947   0.01689   0.00826  -0.0286   0.4261   0.6788  60.5218 257.6513
   1.000   0.4187   0.01700   0.00806  -0.0322   0.4225   0.6843  60.8547 258.1033
   1.000   0.4187   0.01700   0.00806  -0.0322   0.4225   0.6843  60.8547 258.1031
   1.000   0.4187   0.01700   0.00806  -0.0322   0.4225   0.6843  60.8547 258.1031
   1.000   0.4187   0.01700   0.00806  -0.0322   0.4225   0.6843  60.8547 258.1031
   1.000   0.4187   0.01700   0.00806  -0.0322   0.4225   0.6843  60.8547 258.1031
   2.000   0.5402   0.01740   0.00829  -0.0352   0.4186   0.6888  61.2186 258.4763
   2.000   0.5402   0.01740   0.00829  -0.0352   0.4186   0.6888  61.2186 258.4763
   2.000   0.5402   0.01740   0.00829  -0.0352   0.4186   0.6888  61.2186 258.4764
   2.000   0.5402   0.01740   0.00829  -0.0352   0.4186   0.6888  61.2186 258.4764
   2.000   0.5402   0.01740   0.00829  -0.0352   0.4186   0.6888  61.2186 258.4764
   3.000   0.6614   0.01763   0.00828  -0.0384   0.4143   0.6931  61.6336 258.8319
   3.000   0.6614   0.01763   0.00828  -0.0384   0.4143   0.6931  61.6336 258.8319
   3.000   0.6614   0.01763   0.00828  -0.0384   0.4143   0.6931  61.6336 258.8319
   3.000   0.6614   0.01763   0.00828  -0.0384   0.4143   0.6931  61.6336 258.8319
   3.000   0.6614   0.01763   0.00828  -0.0384   0.4143   0.6931  61.6336 258.8319
   4.000   0.7848   0.01800   0.00811  -0.0422   0.4107   0.6963  61.9742 259.0985
   4.000   0.7848   0.01800   0.00811  -0.0422   0.4107   0.6963  61.9742 259.0985
   4.000   0.7848   0.01800   0.00811  -0.0422   0.4107   0.6963  61.9742 259.0985
   4.000   0.7848   0.01800   0.00811  -0.0422   0.4107   0.6963  61.9742 259.0985
   4.000   0.7848   0.01800   0.00811  -0.0422   0.4107   0.6963  61.9742 259.0985
   5.000   0.9000   0.01841   0.00842  -0.0446   0.4062   0.6991  62.4226 259.3284
   5.000   0.9000   0.01841   0.00842  -0.0446   0.4062   0.6991  62.4226 259.3285
   5.000   0.9000   0.01841   0.00842  -0.0446   0.4062   0.6991  62.4226 259.3285
   5.000   0.9000   0.01841   0.00842  -0.0446   0.4062   0.6991  62.4226 259.3285
   5.000   0.9000   0.01841   0.00842  -0.0446   0.4062   0.6991  62.4226 259.3285
   6.000   1.0188   0.01875   0.00831  -0.0477   0.4022   0.7025  62.8143 259.6101
   6.000   1.0188   0.01875   0.00831  -0.0477   0.4022   0.7025  62.8144 259.6103
   6.000   1.0188   0.01875   0.00831  -0.0477   0.4022   0.7025  62.8144 259.6103
   6.000   1.0188   0.01875   0.00831  -0.0477   0.4022   0.7025  62.8144 259.6103
   6.000   1.0188   0.01875   0.00831  -0.0477   0.4022   0.7025  62.8144 259.6103
   7.000   1.1328   0.01941   0.00842  -0.0503   0.3979   0.7057  63.2536 259.8693
   7.000   1.1328   0.01941   0.00842  -0.0503   0.3979   0.7057  63.2536 259.8693
   7.000   1.1328   0.01941   0.00842  -0.0503   0.3979   0.7057  63.2536 259.8693
   7.000   1.1328   0.01941   0.00842  -0.0503   0.3979   0.7057  63.2536 259.8693
   7.000   1.1328   0.01941   0.00842  -0.0503   0.3979   0.7057  63.2536 259.8693
   8.000   1.2438   0.01986   0.00838  -0.0523   0.3934   0.7087  63.7266 260.1206
   8.000   1.2438   0.01986   0.00838  -0.0523   0.3934   0.7087  63.7266 260.1207
   8.000   1.2438   0.01986   0.00838  -0.0523   0.3934   0.7087  63.7266 260.1207
   8.000   1.2438   0.01986   0.00838  -0.0523   0.3934   0.7087  63.7266 260.1207
   8.000   1.2438   0.01986   0.00838  -0.0523   0.3934   0.7087  63.7266 260.1207
   9.000   1.3546   0.02048   0.00829  -0.0545   0.3892   0.7117  64.1621 260.3703
   9.000   1.3546   0.02048   0.00829  -0.0545   0.3892   0.7117  64.1622 260.3707
   9.000   1.3546   0.02048   0.00829  -0.0545   0.3892   0.7117  64.1622 260.3707
   9.000   1.3546   0.02048   0.00829  -0.0545   0.3892   0.7117  64.1622 260.3707
   9.000   1.3546   0.02048   0.00829  -0.0545   0.3892   0.7117  64.1622 260.3707
  10.000   1.4532   0.02113   0.00821  -0.0546   0.3840   0.7157  64.7180 260.6966
  10.000   1.4532   0.02113   0.00821  -0.0546   0.3840   0.7157  64.7180 260.6966
  10.000   1.4532   0.02113   0.00821  -0.0546   0.3840   0.7157  64.7180 260.6966
  10.000   1.4532   0.02113   0.00821  -0.0546   0.3840   0.7157  64.7180 260.6966
  10.000   1.4532   0.02113   0.00821  -0.0546   0.3840   0.7157  64.7180 260.6966
  11.000   1.5508   0.02194   0.00797  -0.0549   0.3793   0.7192  65.2305 260.9882
  11.000   1.5508   0.02194   0.00797  -0.0549   0.3793   0.7192  65.2305 260.9881
  11.000   1.5508   0.02194   0.00797  -0.0549   0.3793   0.7192  65.2305 260.9881
  11.000   1.5508   0.02194   0.00797  -0.0549   0.3793   0.7192  65.2305 260.9881
  11.000   1.5508   0.02194   0.00797  -0.0549   0.3793   0.7192  65.2305 260.9881
  12.000   1.6330   0.02263   0.00756  -0.0527   0.3740   0.7234  65.8172 261.3279
  12.000   1.6330   0.02263   0.00756  -0.0527   0.3740   0.7234  65.8172 261.3282
  12.000   1.6330   0.02263   0.00756  -0.0527   0.3740   0.7234  65.8172 261.3282
  12.000   1.6330   0.02263   0.00756  -0.0527   0.3740   0.7234  65.8172 261.3282
  12.000   1.6330   0.02263   0.00756  -0.0527   0.3740   0.7234  65.8172 261.3282
  13.000   1.6745   0.02450   0.00751  -0.0448   0.3679   0.7281  66.5038 261.7237
  13.000   1.6745   0.02450   0.00751  -0.0448   0.3679   0.7281  66.5038 261.7239
  13.000   1.6745   0.02450   0.00751  -0.0448   0.3679   0.7281  66.5038 261.7239
  13.000   1.6745   0.02450   0.00751  -0.0448   0.3679   0.7281  66.5038 261.7239
  13.000   1.6745   0.02450   0.00751  -0.0448   0.3679   0.7281  66.5038 261.7239
  14.000   1.7338   0.02660   0.00738  -0.0417   0.3617   0.7331  67.2076 262.1355
  14.000   1.7338   0.02660   0.00738  -0.0417   0.3617   0.7331  67.2076 262.1354
  14.000   1.7338   0.02660   0.00738  -0.0417   0.3617   0.7331  67.2076 262.1354
  14.000   1.7338   0.02660   0.00738  -0.0417   0.3617   0.7331  67.2076 262.1354
  14.000   1.7338   0.02660   0.00738  -0.0417   0.3617   0.7331  67.2076 262.1354
  15.000   1.7520   0.03161   0.00859  -0.0374   0.3525   0.7394  68.2813 262.6523
  15.000   1.7520   0.03161   0.00859  -0.0374   0.3525   0.7394  68.2814 262.6519
  15.000   1.7520   0.03161   0.00859  -0.0374   0.3525   0.7394  68.2814 262.6518
  15.000   1.7520   0.03161   0.00859  -0.0374   0.3525   0.7394  68.2814 262.6518
  15.000   1.7520   0.03161   0.00859  -0.0374   0.3525   0.7394  68.2814 262.6518
  16.000   1.7389   0.04117   0.01233  -0.0357   0.3398   0.7461  69.7818 263.2051
  16.000   1.7389   0.04117   0.01233  -0.0357   0.3398   0.7461  69.7818 263.2048
  16.000   1.7389   0.04117   0.01233  -0.0357   0.3398   0.7461  69.7818 263.2047
  16.000   1.7389   0.04117   0.01233  -0.0357   0.3398   0.7461  69.7818 263.2047
  16.000   1.7389   0.04117   0.01233  -0.0357   0.3398   0.7461  69.7818 263.2046
  17.000   1.6697   0.05790   0.02096  -0.0350   0.3229   0.7531  71.8285 263.7838
  17.000   1.6697   0.05790   0.02096  -0.0350   0.3229   0.7531  71.8285 263.7843
  17.000   1.6697   0.05790   0.02096  -0.0350   0.3229   0.7531  71.8285 263.7844
  17.000   1.6697   0.05790   0.02096  -0.0350   0.3229   0.7531  71.8285 263.7844
  17.000   1.6697   0.05790   0.02096  -0.0350   0.3229   0.7531  71.8285 263.7844
  19.000   1.5304   0.09507   0.04498  -0.0373   0.2783   0.7739  77.3542 265.5179
  19.000   1.5304   0.09507   0.04498  -0.0373   0.2783   0.7739  77.3542 265.5174
  19.000   1.5304   0.09507   0.04498  -0.0373   0.2783   0.7739  77.3542 265.5171
  19.000   1.5304   0.09507   0.04498  -0.0373   0.2783   0.7739  77.3542 265.5171
  19.000   1.5304   0.09507   0.04498  -0.0373   0.2783   0.7739  77.3542 265.5171
