  
       XFOIL         Version 6.99
  
 Calculated polar for: FX 77-W-270S                                    
  
 1 1 Reynolds number fixed          Mach number fixed         
  
 xtrf =   1.000 (top)        1.000 (bottom)  
 Mach =   0.000     Re =     0.525 e 6     Ncrit =   9.000  9.000
  
   alpha    CL        CD       CDp       CM     Top_Xtr  Bot_Xtr  Top_Itr  Bot_Itr
  ------ -------- --------- --------- -------- -------- -------- -------- --------
   0.000   0.2940   0.01740   0.00860  -0.0285   0.4276   0.6814  60.3831 257.8681
   0.000   0.2940   0.01740   0.00860  -0.0285   0.4276   0.6814  60.3831 257.8682
   0.000   0.2940   0.01740   0.00860  -0.0285   0.4276   0.6814  60.3831 257.8682
   0.000   0.2940   0.01740   0.00860  -0.0285   0.4276   0.6814  60.3831 257.8682
   0.000   0.2940   0.01740   0.00860  -0.0285   0.4276   0.6814  60.3831 257.8682
   1.000   0.4167   0.01748   0.00856  -0.0317   0.4237   0.6861  60.7443 258.2555
   1.000   0.4167   0.01748   0.00856  -0.0317   0.4237   0.6861  60.7443 258.2555
   1.000   0.4167   0.01748   0.00856  -0.0317   0.4237   0.6861  60.7443 258.2555
   1.000   0.4167   0.01748   0.00856  -0.0317   0.4237   0.6861  60.7443 258.2555
   1.000   0.4167   0.01748   0.00856  -0.0317   0.4237   0.6861  60.7443 258.2555
   2.000   0.5394   0.01794   0.00862  -0.0350   0.4200   0.6913  61.0835 258.6834
   2.000   0.5394   0.01794   0.00862  -0.0350   0.4200   0.6913  61.0836 258.6834
   2.000   0.5394   0.01794   0.00862  -0.0350   0.4200   0.6913  61.0836 258.6834
   2.000   0.5394   0.01794   0.00862  -0.0350   0.4200   0.6913  61.0836 258.6834
   2.000   0.5394   0.01794   0.00862  -0.0350   0.4200   0.6913  61.0836 258.6834
   3.000   0.6597   0.01818   0.00868  -0.0382   0.4155   0.6956  61.5172 259.0375
   3.000   0.6597   0.01818   0.00868  -0.0382   0.4155   0.6956  61.5172 259.0374
   3.000   0.6597   0.01818   0.00868  -0.0382   0.4155   0.6956  61.5172 259.0374
   3.000   0.6597   0.01818   0.00868  -0.0382   0.4155   0.6956  61.5172 259.0374
   3.000   0.6597   0.01818   0.00868  -0.0382   0.4155   0.6956  61.5172 259.0374
   4.000   0.7812   0.01839   0.00860  -0.0415   0.4118   0.6986  61.8722 259.2829
   4.000   0.7812   0.01839   0.00860  -0.0415   0.4118   0.6986  61.8722 259.2828
   4.000   0.7812   0.01839   0.00860  -0.0415   0.4118   0.6986  61.8722 259.2828
   4.000   0.7812   0.01839   0.00860  -0.0415   0.4118   0.6986  61.8722 259.2828
   4.000   0.7812   0.01839   0.00860  -0.0415   0.4118   0.6986  61.8722 259.2828
   5.000   0.8978   0.01899   0.00885  -0.0443   0.4075   0.7018  62.2942 259.5494
   5.000   0.8978   0.01899   0.00885  -0.0443   0.4075   0.7018  62.2942 259.5495
   5.000   0.8978   0.01899   0.00885  -0.0443   0.4075   0.7018  62.2942 259.5495
   5.000   0.8978   0.01899   0.00885  -0.0443   0.4075   0.7018  62.2942 259.5495
   5.000   0.8978   0.01899   0.00885  -0.0443   0.4075   0.7018  62.2942 259.5495
   6.000   1.0147   0.01940   0.00884  -0.0471   0.4031   0.7054  62.7277 259.8442
   6.000   1.0147   0.01940   0.00884  -0.0471   0.4031   0.7054  62.7280 259.8430
   6.000   1.0147   0.01940   0.00884  -0.0471   0.4031   0.7054  62.7280 259.8430
   6.000   1.0147   0.01940   0.00884  -0.0471   0.4031   0.7054  62.7280 259.8430
   6.000   1.0147   0.01940   0.00884  -0.0471   0.4031   0.7054  62.7280 259.8430
   7.000   1.1318   0.01997   0.00879  -0.0502   0.3992   0.7081  63.1204 260.0735
   7.000   1.1318   0.01997   0.00879  -0.0502   0.3992   0.7081  63.1204 260.0735
   7.000   1.1318   0.01997   0.00879  -0.0502   0.3992   0.7081  63.1204 260.0735
   7.000   1.1318   0.01997   0.00879  -0.0502   0.3992   0.7081  63.1204 260.0735
   7.000   1.1318   0.01997   0.00879  -0.0502   0.3992   0.7081  63.1204 260.0735
   8.000   1.2385   0.02056   0.00897  -0.0515   0.3942   0.7113  63.6401 260.3376
   8.000   1.2385   0.02056   0.00897  -0.0515   0.3942   0.7113  63.6403 260.3373
   8.000   1.2385   0.02056   0.00897  -0.0515   0.3942   0.7113  63.6403 260.3374
   8.000   1.2385   0.02056   0.00897  -0.0515   0.3942   0.7113  63.6403 260.3374
   8.000   1.2385   0.02056   0.00897  -0.0515   0.3942   0.7113  63.6403 260.3374
   9.000   1.3560   0.02105   0.00864  -0.0548   0.3905   0.7147  64.0250 260.6106
   9.000   1.3560   0.02105   0.00864  -0.0548   0.3905   0.7147  64.0250 260.6107
   9.000   1.3560   0.02105   0.00864  -0.0548   0.3905   0.7147  64.0250 260.6107
   9.000   1.3560   0.02105   0.00864  -0.0548   0.3905   0.7147  64.0250 260.6107
   9.000   1.3560   0.02105   0.00864  -0.0548   0.3905   0.7147  64.0250 260.6107
  10.000   1.4465   0.02196   0.00881  -0.0538   0.3848   0.7186  64.6349 260.9329
  10.000   1.4465   0.02196   0.00881  -0.0538   0.3848   0.7186  64.6349 260.9329
  10.000   1.4465   0.02196   0.00881  -0.0538   0.3848   0.7186  64.6349 260.9329
  10.000   1.4465   0.02196   0.00881  -0.0538   0.3848   0.7186  64.6349 260.9329
  10.000   1.4465   0.02196   0.00881  -0.0538   0.3848   0.7186  64.6349 260.9329
  11.000   1.5527   0.02248   0.00838  -0.0554   0.3806   0.7220  65.0881 261.2156
  11.000   1.5527   0.02248   0.00838  -0.0554   0.3806   0.7220  65.0881 261.2155
  11.000   1.5527   0.02248   0.00838  -0.0554   0.3806   0.7220  65.0881 261.2155
  11.000   1.5527   0.02248   0.00838  -0.0554   0.3806   0.7220  65.0881 261.2155
  11.000   1.5527   0.02248   0.00838  -0.0554   0.3806   0.7220  65.0881 261.2155
  12.000   1.6190   0.02357   0.00820  -0.0507   0.3747   0.7264  65.7403 261.5794
  12.000   1.6190   0.02357   0.00820  -0.0507   0.3747   0.7264  65.7403 261.5795
  12.000   1.6190   0.02357   0.00820  -0.0507   0.3747   0.7264  65.7403 261.5795
  12.000   1.6190   0.02357   0.00820  -0.0507   0.3747   0.7264  65.7403 261.5795
  12.000   1.6190   0.02357   0.00820  -0.0507   0.3747   0.7264  65.7403 261.5795
  13.000   1.6670   0.02537   0.00806  -0.0441   0.3688   0.7312  66.3949 261.9724
  13.000   1.6670   0.02537   0.00806  -0.0441   0.3688   0.7312  66.3949 261.9718
  13.000   1.6670   0.02537   0.00806  -0.0441   0.3688   0.7312  66.3949 261.9718
  13.000   1.6670   0.02537   0.00806  -0.0441   0.3688   0.7312  66.3949 261.9718
  13.000   1.6670   0.02537   0.00806  -0.0441   0.3688   0.7312  66.3949 261.9718
  14.000   1.7486   0.02647   0.00738  -0.0433   0.3633   0.7364  67.0234 262.4052
  14.000   1.7486   0.02647   0.00738  -0.0433   0.3633   0.7364  67.0234 262.4058
  14.000   1.7486   0.02647   0.00738  -0.0433   0.3633   0.7364  67.0234 262.4059
  14.000   1.7486   0.02647   0.00738  -0.0433   0.3633   0.7364  67.0234 262.4059
  14.000   1.7486   0.02647   0.00738  -0.0433   0.3633   0.7364  67.0234 262.4059
  15.000   1.7690   0.03080   0.00812  -0.0382   0.3545   0.7430  68.0389 262.9518
  15.000   1.7690   0.03080   0.00812  -0.0382   0.3545   0.7430  68.0389 262.9520
  15.000   1.7690   0.03080   0.00812  -0.0382   0.3545   0.7430  68.0389 262.9521
  15.000   1.7690   0.03080   0.00812  -0.0382   0.3545   0.7430  68.0389 262.9521
  15.000   1.7690   0.03080   0.00812  -0.0382   0.3545   0.7430  68.0389 262.9521
  16.000   1.7086   0.04386   0.01405  -0.0344   0.3407   0.7494  69.6748 263.4815
  16.000   1.7086   0.04386   0.01405  -0.0344   0.3407   0.7494  69.6747 263.4805
  16.000   1.7086   0.04386   0.01405  -0.0344   0.3407   0.7494  69.6747 263.4804
  16.000   1.7086   0.04386   0.01405  -0.0344   0.3407   0.7494  69.6747 263.4803
  16.000   1.7086   0.04386   0.01405  -0.0344   0.3407   0.7494  69.6747 263.4802
  17.000   1.6389   0.06090   0.02306  -0.0341   0.3232   0.7564  71.7963 264.0625
  17.000   1.6389   0.06090   0.02306  -0.0341   0.3232   0.7564  71.7962 264.0621
  17.000   1.6389   0.06090   0.02306  -0.0341   0.3232   0.7564  71.7962 264.0620
  17.000   1.6389   0.06090   0.02306  -0.0341   0.3232   0.7564  71.7962 264.0620
  17.000   1.6389   0.06090   0.02306  -0.0341   0.3232   0.7564  71.7962 264.0620
  18.000   1.6015   0.07562   0.03129  -0.0352   0.3046   0.7665  74.0693 264.8989
  18.000   1.6015   0.07562   0.03129  -0.0352   0.3046   0.7665  74.0694 264.8974
  18.000   1.6015   0.07562   0.03129  -0.0352   0.3046   0.7665  74.0694 264.8975
  18.000   1.6015   0.07562   0.03129  -0.0352   0.3046   0.7665  74.0694 264.8975
  18.000   1.6015   0.07562   0.03129  -0.0352   0.3046   0.7665  74.0694 264.8975
  19.000   1.5459   0.09307   0.04305  -0.0371   0.2816   0.7827  76.9405 266.2469
  19.000   1.5459   0.09307   0.04305  -0.0371   0.2816   0.7826  76.9405 266.2462
  19.000   1.5459   0.09307   0.04305  -0.0371   0.2816   0.7826  76.9405 266.2459
  19.000   1.5459   0.09307   0.04305  -0.0371   0.2816   0.7826  76.9405 266.2459
  19.000   1.5459   0.09307   0.04305  -0.0371   0.2816   0.7826  76.9405 266.2459
