  
       XFOIL         Version 6.99
  
 Calculated polar for: RAF 89 AIRFOIL                                  
  
 1 1 Reynolds number fixed          Mach number fixed         
  
 xtrf =   1.000 (top)        1.000 (bottom)  
 Mach =   0.000     Re =     0.525 e 6     Ncrit =   9.000  9.000
  
   alpha    CL        CD       CDp       CM     Top_Xtr  Bot_Xtr  Top_Itr  Bot_Itr
  ------ -------- --------- --------- -------- -------- -------- -------- --------
   0.000   0.1677   0.01019   0.00188  -0.0364   0.5933   0.5504  49.6860 249.0031
   0.000   0.1677   0.01019   0.00188  -0.0364   0.5933   0.5504  49.6860 249.0031
   0.000   0.1677   0.01019   0.00188  -0.0364   0.5933   0.5504  49.6860 249.0031
   0.000   0.1677   0.01019   0.00188  -0.0364   0.5933   0.5504  49.6860 249.0031
   0.000   0.1677   0.01019   0.00188  -0.0364   0.5933   0.5504  49.6860 249.0031
   1.000   0.2596   0.01033   0.00183  -0.0320   0.5655   0.5819  52.0299 251.3947
   1.000   0.2596   0.01033   0.00183  -0.0320   0.5655   0.5819  52.0299 251.3948
   1.000   0.2596   0.01033   0.00183  -0.0320   0.5655   0.5819  52.0299 251.3948
   1.000   0.2596   0.01033   0.00183  -0.0320   0.5655   0.5819  52.0299 251.3948
   1.000   0.2596   0.01033   0.00183  -0.0320   0.5655   0.5819  52.0299 251.3948
   2.000   0.3464   0.01053   0.00168  -0.0269   0.5312   0.6056  54.9573 253.1434
   2.000   0.3464   0.01053   0.00168  -0.0269   0.5312   0.6056  54.9573 253.1434
   2.000   0.3464   0.01053   0.00168  -0.0269   0.5312   0.6056  54.9573 253.1434
   2.000   0.3464   0.01053   0.00168  -0.0269   0.5312   0.6056  54.9573 253.1434
   2.000   0.3464   0.01053   0.00168  -0.0269   0.5312   0.6056  54.9573 253.1434
   3.000   0.4247   0.01080   0.00148  -0.0202   0.4939   0.6250  58.1790 254.5551
   3.000   0.4247   0.01080   0.00148  -0.0202   0.4940   0.6250  58.1777 254.5548
   3.000   0.4247   0.01080   0.00148  -0.0202   0.4940   0.6250  58.1777 254.5548
   3.000   0.4247   0.01080   0.00148  -0.0202   0.4940   0.6250  58.1777 254.5548
   3.000   0.4247   0.01080   0.00148  -0.0202   0.4940   0.6250  58.1777 254.5548
   4.000   0.4943   0.01127   0.00125  -0.0123   0.4599   0.6427  61.1330 255.8223
   4.000   0.4943   0.01127   0.00125  -0.0123   0.4599   0.6427  61.1331 255.8220
   4.000   0.4943   0.01127   0.00125  -0.0123   0.4599   0.6427  61.1331 255.8219
   4.000   0.4943   0.01127   0.00125  -0.0123   0.4599   0.6427  61.1331 255.8219
   4.000   0.4943   0.01127   0.00125  -0.0123   0.4599   0.6427  61.1331 255.8219
   5.000   0.5695   0.01199   0.00118  -0.0060   0.4305   0.6596  63.6896 257.0365
   5.000   0.5695   0.01199   0.00118  -0.0060   0.4305   0.6596  63.6896 257.0363
   5.000   0.5695   0.01199   0.00118  -0.0060   0.4305   0.6596  63.6896 257.0363
   5.000   0.5695   0.01199   0.00118  -0.0060   0.4305   0.6596  63.6896 257.0363
   5.000   0.5695   0.01199   0.00118  -0.0060   0.4305   0.6596  63.6896 257.0363
   6.000   0.6430   0.01286   0.00117   0.0001   0.4055   0.6779  65.8759 258.3466
   6.000   0.6430   0.01286   0.00117   0.0001   0.4055   0.6779  65.8761 258.3473
   6.000   0.6430   0.01286   0.00117   0.0001   0.4055   0.6779  65.8761 258.3473
   6.000   0.6430   0.01286   0.00117   0.0001   0.4055   0.6779  65.8761 258.3473
   6.000   0.6430   0.01286   0.00117   0.0001   0.4055   0.6779  65.8761 258.3473
   7.000   0.7136   0.01392   0.00122   0.0060   0.3828   0.7043  67.8760 260.2627
   7.000   0.7136   0.01392   0.00122   0.0060   0.3828   0.7043  67.8761 260.2626
   7.000   0.7136   0.01392   0.00122   0.0060   0.3828   0.7043  67.8761 260.2626
   7.000   0.7136   0.01392   0.00122   0.0060   0.3828   0.7043  67.8761 260.2626
   7.000   0.7136   0.01392   0.00122   0.0060   0.3828   0.7043  67.8761 260.2626
   8.000   0.7800   0.01519   0.00135   0.0121   0.3617   0.7466  69.7715 263.3497
   8.000   0.7800   0.01519   0.00135   0.0121   0.3617   0.7466  69.7715 263.3497
   8.000   0.7800   0.01519   0.00135   0.0121   0.3617   0.7466  69.7715 263.3498
   8.000   0.7800   0.01519   0.00135   0.0121   0.3617   0.7466  69.7715 263.3498
   8.000   0.7800   0.01519   0.00135   0.0121   0.3617   0.7466  69.7715 263.3498
   9.000   0.8401   0.01664   0.00155   0.0186   0.3417   0.8272  71.5984 269.5558
   9.000   0.8401   0.01664   0.00155   0.0186   0.3417   0.8272  71.5985 269.5563
   9.000   0.8401   0.01664   0.00155   0.0186   0.3417   0.8272  71.5985 269.5563
   9.000   0.8401   0.01664   0.00155   0.0186   0.3417   0.8272  71.5985 269.5563
   9.000   0.8401   0.01664   0.00155   0.0186   0.3417   0.8272  71.5985 269.5563
  10.000   1.0267   0.01918   0.00372  -0.0017   0.3166   0.9840  73.9516 293.7129
  10.000   1.0267   0.01918   0.00372  -0.0017   0.3166   0.9840  73.9520 293.7163
  10.000   1.0267   0.01918   0.00372  -0.0017   0.3166   0.9840  73.9520 293.7167
  10.000   1.0267   0.01918   0.00372  -0.0017   0.3166   0.9840  73.9520 293.7167
  10.000   1.0267   0.01918   0.00372  -0.0017   0.3166   0.9840  73.9520 293.7167
  11.000   1.0822   0.02211   0.00458   0.0028   0.2960   1.0000  75.9456 300.0000
  11.000   1.0822   0.02211   0.00458   0.0028   0.2960   1.0000  75.9456 300.0000
  11.000   1.0822   0.02211   0.00458   0.0028   0.2960   1.0000  75.9456 300.0000
  11.000   1.0822   0.02211   0.00458   0.0028   0.2960   1.0000  75.9456 300.0000
  11.000   1.0822   0.02211   0.00458   0.0028   0.2960   1.0000  75.9456 300.0000
  12.000   1.1231   0.02553   0.00558   0.0088   0.2749   1.0000  78.0511 300.0000
  12.000   1.1231   0.02553   0.00558   0.0088   0.2749   1.0000  78.0510 300.0000
  12.000   1.1231   0.02553   0.00558   0.0088   0.2749   1.0000  78.0510 300.0000
  12.000   1.1231   0.02553   0.00558   0.0088   0.2749   1.0000  78.0510 300.0000
  12.000   1.1231   0.02553   0.00558   0.0088   0.2749   1.0000  78.0510 300.0000
  13.000   1.1672   0.02938   0.00689   0.0134   0.2569   1.0000  79.9062 300.0000
  13.000   1.1672   0.02938   0.00689   0.0134   0.2569   1.0000  79.9062 300.0000
  13.000   1.1672   0.02938   0.00689   0.0134   0.2569   1.0000  79.9062 300.0000
  13.000   1.1672   0.02938   0.00689   0.0134   0.2569   1.0000  79.9062 300.0000
  13.000   1.1672   0.02938   0.00689   0.0134   0.2569   1.0000  79.9062 300.0000
  14.000   1.2089   0.03389   0.00863   0.0171   0.2393   1.0000  81.7882 300.0000
  14.000   1.2089   0.03389   0.00863   0.0171   0.2393   1.0000  81.7883 300.0000
  14.000   1.2089   0.03389   0.00863   0.0171   0.2393   1.0000  81.7883 300.0000
  14.000   1.2089   0.03389   0.00863   0.0171   0.2393   1.0000  81.7883 300.0000
  14.000   1.2089   0.03389   0.00863   0.0171   0.2393   1.0000  81.7883 300.0000
  15.000   1.2450   0.03926   0.01097   0.0200   0.2220   1.0000  83.7176 300.0000
  15.000   1.2450   0.03926   0.01097   0.0200   0.2220   1.0000  83.7176 300.0000
  15.000   1.2450   0.03926   0.01097   0.0200   0.2220   1.0000  83.7176 300.0000
  15.000   1.2450   0.03926   0.01097   0.0200   0.2220   1.0000  83.7176 300.0000
  15.000   1.2450   0.03926   0.01097   0.0200   0.2220   1.0000  83.7176 300.0000
  16.000   1.2737   0.04570   0.01409   0.0224   0.2045   1.0000  85.7462 300.0000
  16.000   1.2737   0.04570   0.01409   0.0224   0.2045   1.0000  85.7463 300.0000
  16.000   1.2737   0.04570   0.01409   0.0224   0.2045   1.0000  85.7463 300.0000
  16.000   1.2737   0.04570   0.01409   0.0224   0.2045   1.0000  85.7463 300.0000
  16.000   1.2737   0.04570   0.01409   0.0224   0.2045   1.0000  85.7463 300.0000
  17.000   1.2914   0.05357   0.01832   0.0239   0.1866   1.0000  87.9320 300.0000
  17.000   1.2914   0.05357   0.01832   0.0239   0.1866   1.0000  87.9321 300.0000
  17.000   1.2915   0.05357   0.01832   0.0239   0.1866   1.0000  87.9322 300.0000
  17.000   1.2915   0.05357   0.01832   0.0239   0.1866   1.0000  87.9322 300.0000
  17.000   1.2915   0.05357   0.01832   0.0239   0.1866   1.0000  87.9322 300.0000
  18.000   1.2989   0.06298   0.02391   0.0246   0.1675   1.0000  90.4223 300.0000
  18.000   1.2989   0.06299   0.02391   0.0246   0.1675   1.0000  90.4225 300.0000
  18.000   1.2989   0.06299   0.02391   0.0246   0.1675   1.0000  90.4225 300.0000
  18.000   1.2989   0.06299   0.02391   0.0246   0.1675   1.0000  90.4225 300.0000
  18.000   1.2989   0.06299   0.02391   0.0246   0.1675   1.0000  90.4225 300.0000
  19.000   1.2885   0.07480   0.03173   0.0241   0.1475   1.0000  93.2270 300.0000
  19.000   1.2885   0.07480   0.03173   0.0241   0.1475   1.0000  93.2267 300.0000
  19.000   1.2885   0.07480   0.03173   0.0241   0.1475   1.0000  93.2267 300.0000
  19.000   1.2885   0.07480   0.03173   0.0241   0.1475   1.0000  93.2267 300.0000
  19.000   1.2885   0.07480   0.03173   0.0241   0.1475   1.0000  93.2267 300.0000
