  
       XFOIL         Version 6.99
  
 Calculated polar for: RAF 89 AIRFOIL                                  
  
 1 1 Reynolds number fixed          Mach number fixed         
  
 xtrf =   1.000 (top)        1.000 (bottom)  
 Mach =   0.000     Re =     0.375 e 6     Ncrit =   9.000  9.000
  
   alpha    CL        CD       CDp       CM     Top_Xtr  Bot_Xtr  Top_Itr  Bot_Itr
  ------ -------- --------- --------- -------- -------- -------- -------- --------
   0.000   0.1688   0.01196   0.00299  -0.0368   0.6120   0.5698  48.1418 250.4899
   0.000   0.1688   0.01196   0.00299  -0.0368   0.6120   0.5698  48.1418 250.4910
   0.000   0.1688   0.01196   0.00299  -0.0368   0.6120   0.5698  48.1418 250.4910
   0.000   0.1688   0.01196   0.00299  -0.0368   0.6120   0.5698  48.1418 250.4910
   0.000   0.1688   0.01196   0.00299  -0.0368   0.6120   0.5698  48.1418 250.4910
   1.000   0.2588   0.01202   0.00286  -0.0321   0.5846   0.6020  50.4172 252.8801
   1.000   0.2588   0.01202   0.00286  -0.0321   0.5846   0.6020  50.4171 252.8804
   1.000   0.2588   0.01202   0.00286  -0.0321   0.5846   0.6020  50.4171 252.8804
   1.000   0.2588   0.01202   0.00286  -0.0321   0.5846   0.6020  50.4171 252.8804
   1.000   0.2588   0.01202   0.00286  -0.0321   0.5846   0.6020  50.4171 252.8804
   2.000   0.3485   0.01206   0.00260  -0.0274   0.5533   0.6273  53.0680 254.7211
   2.000   0.3485   0.01206   0.00260  -0.0274   0.5533   0.6273  53.0672 254.7212
   2.000   0.3485   0.01206   0.00260  -0.0274   0.5533   0.6273  53.0672 254.7212
   2.000   0.3485   0.01206   0.00260  -0.0274   0.5533   0.6273  53.0672 254.7212
   2.000   0.3485   0.01206   0.00260  -0.0274   0.5533   0.6273  53.0672 254.7212
   3.000   0.4307   0.01221   0.00231  -0.0216   0.5177   0.6492  56.1192 256.2926
   3.000   0.4307   0.01221   0.00231  -0.0216   0.5177   0.6492  56.1191 256.2926
   3.000   0.4307   0.01221   0.00231  -0.0216   0.5177   0.6492  56.1191 256.2926
   3.000   0.4307   0.01221   0.00231  -0.0216   0.5177   0.6492  56.1191 256.2926
   3.000   0.4307   0.01221   0.00231  -0.0216   0.5177   0.6492  56.1191 256.2926
   4.000   0.5028   0.01253   0.00199  -0.0140   0.4834   0.6696  59.0952 257.7529
   4.000   0.5028   0.01253   0.00199  -0.0140   0.4834   0.6696  59.0953 257.7525
   4.000   0.5028   0.01253   0.00199  -0.0140   0.4834   0.6696  59.0953 257.7524
   4.000   0.5028   0.01253   0.00199  -0.0140   0.4834   0.6696  59.0953 257.7524
   4.000   0.5028   0.01253   0.00199  -0.0140   0.4834   0.6696  59.0953 257.7524
   5.000   0.5741   0.01313   0.00181  -0.0069   0.4524   0.6894  61.7834 259.1826
   5.000   0.5741   0.01313   0.00181  -0.0069   0.4524   0.6894  61.7835 259.1823
   5.000   0.5741   0.01313   0.00181  -0.0069   0.4524   0.6894  61.7835 259.1823
   5.000   0.5741   0.01313   0.00181  -0.0069   0.4524   0.6894  61.7835 259.1823
   5.000   0.5741   0.01313   0.00181  -0.0069   0.4524   0.6894  61.7835 259.1823
   6.000   0.6483   0.01401   0.00177  -0.0008   0.4258   0.7122  64.1014 260.8338
   6.000   0.6483   0.01401   0.00177  -0.0008   0.4258   0.7122  64.1014 260.8357
   6.000   0.6483   0.01401   0.00177  -0.0008   0.4258   0.7122  64.1014 260.8357
   6.000   0.6483   0.01401   0.00177  -0.0008   0.4258   0.7122  64.1014 260.8357
   6.000   0.6483   0.01401   0.00177  -0.0008   0.4258   0.7122  64.1014 260.8357
   7.000   0.7183   0.01502   0.00181   0.0055   0.4016   0.7448  66.2168 263.2157
   7.000   0.7183   0.01502   0.00181   0.0055   0.4016   0.7448  66.2168 263.2155
   7.000   0.7183   0.01502   0.00181   0.0055   0.4016   0.7448  66.2168 263.2155
   7.000   0.7183   0.01502   0.00181   0.0055   0.4016   0.7448  66.2168 263.2155
   7.000   0.7183   0.01502   0.00181   0.0055   0.4016   0.7448  66.2168 263.2155
   8.000   0.7848   0.01618   0.00185   0.0118   0.3796   0.7928  68.1640 266.8029
   8.000   0.7848   0.01618   0.00185   0.0118   0.3796   0.7928  68.1645 266.8028
   8.000   0.7848   0.01618   0.00185   0.0118   0.3796   0.7928  68.1645 266.8027
   8.000   0.7848   0.01618   0.00185   0.0118   0.3796   0.7928  68.1645 266.8026
   8.000   0.7848   0.01618   0.00185   0.0118   0.3796   0.7928  68.1645 266.8026
   9.000   0.8708   0.01750   0.00237   0.0135   0.3578   0.9079  70.1242 277.6930
   9.000   0.8708   0.01750   0.00237   0.0135   0.3578   0.9079  70.1244 277.6976
   9.000   0.8708   0.01750   0.00237   0.0135   0.3578   0.9079  70.1245 277.6973
   9.000   0.8708   0.01750   0.00237   0.0135   0.3578   0.9079  70.1245 277.6973
   9.000   0.8708   0.01750   0.00237   0.0135   0.3578   0.9079  70.1245 277.6973
  10.000   1.0478   0.02043   0.00431  -0.0050   0.3318   1.0000  72.5134 300.0000
  10.000   1.0478   0.02043   0.00431  -0.0050   0.3318   1.0000  72.5133 300.0000
  10.000   1.0478   0.02043   0.00431  -0.0050   0.3318   1.0000  72.5133 300.0000
  10.000   1.0478   0.02043   0.00431  -0.0050   0.3318   1.0000  72.5133 300.0000
  10.000   1.0478   0.02043   0.00431  -0.0050   0.3318   1.0000  72.5133 300.0000
  11.000   1.0858   0.02284   0.00462   0.0032   0.3132   1.0000  74.2771 300.0000
  11.000   1.0858   0.02284   0.00462   0.0032   0.3132   1.0000  74.2771 300.0000
  11.000   1.0858   0.02284   0.00462   0.0032   0.3132   1.0000  74.2771 300.0000
  11.000   1.0858   0.02284   0.00462   0.0032   0.3132   1.0000  74.2771 300.0000
  11.000   1.0858   0.02284   0.00462   0.0032   0.3132   1.0000  74.2771 300.0000
  12.000   1.1207   0.02620   0.00551   0.0101   0.2915   1.0000  76.3909 300.0000
  12.000   1.1207   0.02620   0.00551   0.0101   0.2915   1.0000  76.3908 300.0000
  12.000   1.1207   0.02620   0.00551   0.0101   0.2915   1.0000  76.3908 300.0000
  12.000   1.1207   0.02620   0.00551   0.0101   0.2915   1.0000  76.3908 300.0000
  12.000   1.1207   0.02620   0.00551   0.0101   0.2915   1.0000  76.3908 300.0000
  13.000   1.1613   0.03001   0.00672   0.0151   0.2726   1.0000  78.2898 300.0000
  13.000   1.1613   0.03001   0.00672   0.0151   0.2726   1.0000  78.2897 300.0000
  13.000   1.1613   0.03001   0.00672   0.0151   0.2726   1.0000  78.2897 300.0000
  13.000   1.1613   0.03001   0.00672   0.0151   0.2726   1.0000  78.2897 300.0000
  13.000   1.1613   0.03001   0.00672   0.0151   0.2726   1.0000  78.2897 300.0000
  14.000   1.2005   0.03445   0.00835   0.0190   0.2548   1.0000  80.1338 300.0000
  14.000   1.2005   0.03445   0.00835   0.0190   0.2548   1.0000  80.1337 300.0000
  14.000   1.2005   0.03445   0.00835   0.0190   0.2548   1.0000  80.1337 300.0000
  14.000   1.2005   0.03445   0.00835   0.0190   0.2548   1.0000  80.1337 300.0000
  14.000   1.2005   0.03445   0.00835   0.0190   0.2548   1.0000  80.1337 300.0000
  15.000   1.2345   0.03977   0.01061   0.0222   0.2371   1.0000  82.0344 300.0000
  15.000   1.2345   0.03977   0.01061   0.0222   0.2371   1.0000  82.0344 300.0000
  15.000   1.2345   0.03977   0.01061   0.0222   0.2371   1.0000  82.0344 300.0000
  15.000   1.2345   0.03977   0.01061   0.0222   0.2371   1.0000  82.0344 300.0000
  15.000   1.2345   0.03977   0.01061   0.0222   0.2371   1.0000  82.0344 300.0000
  16.000   1.2609   0.04625   0.01375   0.0246   0.2192   1.0000  84.0379 300.0000
  16.000   1.2609   0.04625   0.01375   0.0246   0.2192   1.0000  84.0379 300.0000
  16.000   1.2609   0.04625   0.01375   0.0246   0.2192   1.0000  84.0379 300.0000
  16.000   1.2609   0.04625   0.01375   0.0246   0.2192   1.0000  84.0379 300.0000
  16.000   1.2609   0.04625   0.01375   0.0246   0.2192   1.0000  84.0379 300.0000
  17.000   1.2775   0.05419   0.01811   0.0261   0.2006   1.0000  86.2094 300.0000
  17.000   1.2775   0.05419   0.01811   0.0261   0.2006   1.0000  86.2096 300.0000
  17.000   1.2775   0.05419   0.01811   0.0261   0.2006   1.0000  86.2096 300.0000
  17.000   1.2775   0.05419   0.01811   0.0261   0.2006   1.0000  86.2096 300.0000
  17.000   1.2775   0.05419   0.01811   0.0261   0.2006   1.0000  86.2096 300.0000
  18.000   1.2821   0.06388   0.02398   0.0266   0.1812   1.0000  88.6201 300.0000
  18.000   1.2821   0.06388   0.02398   0.0266   0.1812   1.0000  88.6205 300.0000
  18.000   1.2821   0.06388   0.02398   0.0266   0.1812   1.0000  88.6206 300.0000
  18.000   1.2821   0.06388   0.02398   0.0266   0.1812   1.0000  88.6206 300.0000
  18.000   1.2821   0.06388   0.02398   0.0266   0.1812   1.0000  88.6206 300.0000
  19.000   1.2727   0.07565   0.03186   0.0259   0.1610   1.0000  91.3023 300.0000
  19.000   1.2727   0.07565   0.03186   0.0259   0.1610   1.0000  91.3024 300.0000
  19.000   1.2727   0.07565   0.03186   0.0259   0.1610   1.0000  91.3024 300.0000
  19.000   1.2727   0.07565   0.03186   0.0259   0.1610   1.0000  91.3024 300.0000
  19.000   1.2727   0.07565   0.03186   0.0259   0.1610   1.0000  91.3024 300.0000
