  
       XFOIL         Version 6.99
  
 Calculated polar for: RAF 89 AIRFOIL                                  
  
 1 1 Reynolds number fixed          Mach number fixed         
  
 xtrf =   1.000 (top)        1.000 (bottom)  
 Mach =   0.000     Re =     0.475 e 6     Ncrit =   9.000  9.000
  
   alpha    CL        CD       CDp       CM     Top_Xtr  Bot_Xtr  Top_Itr  Bot_Itr
  ------ -------- --------- --------- -------- -------- -------- -------- --------
   0.000   0.1684   0.01065   0.00217  -0.0366   0.5991   0.5558  49.2067 249.4225
   0.000   0.1684   0.01065   0.00217  -0.0366   0.5991   0.5558  49.2067 249.4224
   0.000   0.1684   0.01065   0.00217  -0.0366   0.5991   0.5558  49.2067 249.4224
   0.000   0.1684   0.01065   0.00217  -0.0366   0.5991   0.5558  49.2067 249.4224
   0.000   0.1684   0.01065   0.00217  -0.0366   0.5991   0.5558  49.2067 249.4224
   1.000   0.2593   0.01078   0.00209  -0.0320   0.5708   0.5879  51.5755 251.8421
   1.000   0.2593   0.01078   0.00209  -0.0320   0.5708   0.5879  51.5757 251.8405
   1.000   0.2593   0.01078   0.00209  -0.0320   0.5708   0.5879  51.5757 251.8404
   1.000   0.2593   0.01078   0.00209  -0.0320   0.5708   0.5879  51.5757 251.8404
   1.000   0.2593   0.01078   0.00209  -0.0320   0.5708   0.5879  51.5757 251.8404
   2.000   0.3470   0.01092   0.00193  -0.0270   0.5375   0.6115  54.4161 253.5766
   2.000   0.3470   0.01092   0.00193  -0.0270   0.5375   0.6115  54.4157 253.5767
   2.000   0.3470   0.01092   0.00193  -0.0270   0.5375   0.6115  54.4157 253.5767
   2.000   0.3470   0.01092   0.00193  -0.0270   0.5375   0.6115  54.4157 253.5767
   2.000   0.3470   0.01092   0.00193  -0.0270   0.5375   0.6115  54.4157 253.5767
   3.000   0.4264   0.01119   0.00168  -0.0206   0.5007   0.6320  57.5890 255.0537
   3.000   0.4264   0.01119   0.00168  -0.0206   0.5007   0.6320  57.5891 255.0537
   3.000   0.4264   0.01119   0.00168  -0.0206   0.5007   0.6320  57.5891 255.0537
   3.000   0.4264   0.01119   0.00168  -0.0206   0.5007   0.6320  57.5891 255.0537
   3.000   0.4264   0.01119   0.00168  -0.0206   0.5007   0.6320  57.5891 255.0537
   4.000   0.4959   0.01157   0.00143  -0.0126   0.4665   0.6499  60.5596 256.3408
   4.000   0.4959   0.01157   0.00143  -0.0126   0.4665   0.6499  60.5596 256.3406
   4.000   0.4959   0.01157   0.00143  -0.0126   0.4665   0.6499  60.5596 256.3406
   4.000   0.4959   0.01157   0.00143  -0.0126   0.4665   0.6499  60.5596 256.3406
   4.000   0.4959   0.01157   0.00143  -0.0126   0.4665   0.6499  60.5596 256.3406
   5.000   0.5697   0.01230   0.00134  -0.0060   0.4371   0.6679  63.1131 257.6294
   5.000   0.5697   0.01230   0.00134  -0.0060   0.4371   0.6679  63.1131 257.6295
   5.000   0.5697   0.01230   0.00134  -0.0060   0.4371   0.6679  63.1131 257.6295
   5.000   0.5697   0.01230   0.00134  -0.0060   0.4371   0.6679  63.1131 257.6295
   5.000   0.5697   0.01230   0.00134  -0.0060   0.4371   0.6679  63.1131 257.6295
   6.000   0.6437   0.01317   0.00132  -0.0001   0.4112   0.6876  65.3764 259.0520
   6.000   0.6437   0.01317   0.00132  -0.0001   0.4112   0.6876  65.3763 259.0519
   6.000   0.6437   0.01317   0.00132  -0.0001   0.4112   0.6876  65.3763 259.0519
   6.000   0.6437   0.01317   0.00132  -0.0001   0.4112   0.6876  65.3763 259.0519
   6.000   0.6437   0.01317   0.00132  -0.0001   0.4112   0.6876  65.3763 259.0519
   7.000   0.7139   0.01422   0.00137   0.0060   0.3881   0.7160  67.4042 261.1121
   7.000   0.7139   0.01422   0.00137   0.0060   0.3881   0.7160  67.4042 261.1116
   7.000   0.7139   0.01422   0.00137   0.0060   0.3881   0.7160  67.4042 261.1117
   7.000   0.7139   0.01422   0.00137   0.0060   0.3881   0.7160  67.4042 261.1117
   7.000   0.7139   0.01422   0.00137   0.0060   0.3881   0.7160  67.4042 261.1117
   8.000   0.7795   0.01548   0.00148   0.0122   0.3669   0.7603  69.3016 264.3568
   8.000   0.7795   0.01548   0.00148   0.0122   0.3669   0.7603  69.3018 264.3578
   8.000   0.7795   0.01548   0.00148   0.0122   0.3669   0.7603  69.3018 264.3577
   8.000   0.7795   0.01548   0.00148   0.0122   0.3669   0.7603  69.3018 264.3577
   8.000   0.7795   0.01548   0.00148   0.0122   0.3669   0.7603  69.3018 264.3577
   9.000   0.8403   0.01687   0.00167   0.0187   0.3468   0.8494  71.1223 271.4691
   9.000   0.8403   0.01687   0.00167   0.0187   0.3468   0.8494  71.1227 271.4707
   9.000   0.8403   0.01687   0.00167   0.0187   0.3468   0.8494  71.1227 271.4704
   9.000   0.8403   0.01687   0.00167   0.0187   0.3468   0.8494  71.1227 271.4703
   9.000   0.8403   0.01687   0.00167   0.0187   0.3468   0.8494  71.1227 271.4703
  10.000   1.0374   0.01956   0.00396  -0.0037   0.3206   0.9936  73.5744 297.2267
  10.000   1.0374   0.01956   0.00396  -0.0037   0.3206   0.9936  73.5744 297.2270
  10.000   1.0374   0.01956   0.00396  -0.0037   0.3206   0.9936  73.5744 297.2270
  10.000   1.0374   0.01956   0.00396  -0.0037   0.3206   0.9936  73.5744 297.2270
  10.000   1.0374   0.01956   0.00396  -0.0037   0.3206   0.9936  73.5744 297.2270
  11.000   1.0817   0.02233   0.00461   0.0031   0.3011   1.0000  75.4435 300.0000
  11.000   1.0817   0.02233   0.00461   0.0031   0.3011   1.0000  75.4434 300.0000
  11.000   1.0817   0.02233   0.00461   0.0031   0.3011   1.0000  75.4434 300.0000
  11.000   1.0817   0.02233   0.00461   0.0031   0.3011   1.0000  75.4434 300.0000
  11.000   1.0817   0.02233   0.00461   0.0031   0.3011   1.0000  75.4434 300.0000
  12.000   1.1207   0.02577   0.00560   0.0093   0.2793   1.0000  77.6035 300.0000
  12.000   1.1207   0.02577   0.00560   0.0093   0.2793   1.0000  77.6035 300.0000
  12.000   1.1207   0.02577   0.00560   0.0093   0.2793   1.0000  77.6035 300.0000
  12.000   1.1207   0.02577   0.00560   0.0093   0.2793   1.0000  77.6035 300.0000
  12.000   1.1207   0.02577   0.00560   0.0093   0.2793   1.0000  77.6035 300.0000
  13.000   1.1642   0.02960   0.00688   0.0140   0.2614   1.0000  79.4412 300.0000
  13.000   1.1642   0.02960   0.00688   0.0140   0.2614   1.0000  79.4412 300.0000
  13.000   1.1642   0.02960   0.00688   0.0140   0.2614   1.0000  79.4412 300.0000
  13.000   1.1642   0.02960   0.00688   0.0140   0.2614   1.0000  79.4412 300.0000
  13.000   1.1642   0.02960   0.00688   0.0140   0.2614   1.0000  79.4412 300.0000
  14.000   1.2045   0.03415   0.00863   0.0177   0.2439   1.0000  81.2939 300.0000
  14.000   1.2045   0.03415   0.00863   0.0177   0.2439   1.0000  81.2940 300.0000
  14.000   1.2045   0.03415   0.00863   0.0177   0.2439   1.0000  81.2940 300.0000
  14.000   1.2045   0.03415   0.00863   0.0177   0.2439   1.0000  81.2940 300.0000
  14.000   1.2045   0.03415   0.00863   0.0177   0.2439   1.0000  81.2940 300.0000
  15.000   1.2397   0.03956   0.01098   0.0208   0.2265   1.0000  83.2055 300.0000
  15.000   1.2397   0.03956   0.01098   0.0208   0.2265   1.0000  83.2056 300.0000
  15.000   1.2397   0.03956   0.01098   0.0208   0.2265   1.0000  83.2056 300.0000
  15.000   1.2397   0.03956   0.01098   0.0208   0.2265   1.0000  83.2056 300.0000
  15.000   1.2397   0.03956   0.01098   0.0208   0.2265   1.0000  83.2056 300.0000
  16.000   1.2680   0.04602   0.01412   0.0231   0.2089   1.0000  85.2291 300.0000
  16.000   1.2680   0.04601   0.01412   0.0231   0.2089   1.0000  85.2288 300.0000
  16.000   1.2680   0.04601   0.01412   0.0231   0.2089   1.0000  85.2288 300.0000
  16.000   1.2680   0.04601   0.01412   0.0231   0.2089   1.0000  85.2288 300.0000
  16.000   1.2680   0.04601   0.01412   0.0231   0.2089   1.0000  85.2288 300.0000
  17.000   1.2867   0.05383   0.01834   0.0246   0.1906   1.0000  87.4323 300.0000
  17.000   1.2867   0.05383   0.01834   0.0246   0.1906   1.0000  87.4325 300.0000
  17.000   1.2867   0.05383   0.01834   0.0246   0.1906   1.0000  87.4326 300.0000
  17.000   1.2867   0.05383   0.01834   0.0246   0.1906   1.0000  87.4326 300.0000
  17.000   1.2867   0.05383   0.01834   0.0246   0.1906   1.0000  87.4326 300.0000
  18.000   1.2914   0.06350   0.02413   0.0252   0.1716   1.0000  89.8640 300.0000
  18.000   1.2914   0.06350   0.02413   0.0252   0.1716   1.0000  89.8644 300.0000
  18.000   1.2914   0.06350   0.02413   0.0252   0.1716   1.0000  89.8644 300.0000
  18.000   1.2914   0.06350   0.02413   0.0252   0.1716   1.0000  89.8644 300.0000
  18.000   1.2914   0.06350   0.02413   0.0252   0.1716   1.0000  89.8644 300.0000
  19.000   1.2825   0.07521   0.03192   0.0246   0.1514   1.0000  92.6530 300.0000
  19.000   1.2825   0.07522   0.03192   0.0246   0.1514   1.0000  92.6534 300.0000
  19.000   1.2825   0.07522   0.03192   0.0246   0.1514   1.0000  92.6535 300.0000
  19.000   1.2825   0.07522   0.03192   0.0246   0.1514   1.0000  92.6535 300.0000
  19.000   1.2825   0.07522   0.03192   0.0246   0.1514   1.0000  92.6535 300.0000
