  
       XFOIL         Version 6.99
  
 Calculated polar for: RAF 89 AIRFOIL                                  
  
 1 1 Reynolds number fixed          Mach number fixed         
  
 xtrf =   1.000 (top)        1.000 (bottom)  
 Mach =   0.000     Re =     0.500 e 6     Ncrit =   9.000  9.000
  
   alpha    CL        CD       CDp       CM     Top_Xtr  Bot_Xtr  Top_Itr  Bot_Itr
  ------ -------- --------- --------- -------- -------- -------- -------- --------
   0.000   0.1678   0.01041   0.00202  -0.0364   0.5960   0.5529  49.4639 249.1943
   0.000   0.1678   0.01041   0.00202  -0.0364   0.5960   0.5529  49.4641 249.1935
   0.000   0.1678   0.01041   0.00202  -0.0364   0.5960   0.5529  49.4641 249.1934
   0.000   0.1678   0.01041   0.00202  -0.0364   0.5960   0.5529  49.4641 249.1934
   0.000   0.1678   0.01041   0.00202  -0.0364   0.5960   0.5529  49.4641 249.1934
   1.000   0.2595   0.01054   0.00196  -0.0320   0.5680   0.5847  51.8173 251.6040
   1.000   0.2595   0.01054   0.00196  -0.0320   0.5680   0.5847  51.8173 251.6040
   1.000   0.2595   0.01054   0.00196  -0.0320   0.5680   0.5847  51.8173 251.6040
   1.000   0.2595   0.01054   0.00196  -0.0320   0.5680   0.5847  51.8173 251.6040
   1.000   0.2595   0.01054   0.00196  -0.0320   0.5680   0.5847  51.8173 251.6040
   2.000   0.3468   0.01071   0.00180  -0.0270   0.5341   0.6083  54.7085 253.3425
   2.000   0.3468   0.01071   0.00180  -0.0270   0.5341   0.6083  54.7079 253.3425
   2.000   0.3468   0.01071   0.00180  -0.0270   0.5341   0.6083  54.7079 253.3425
   2.000   0.3468   0.01071   0.00180  -0.0270   0.5341   0.6083  54.7079 253.3425
   2.000   0.3468   0.01071   0.00180  -0.0270   0.5341   0.6083  54.7079 253.3425
   3.000   0.4254   0.01100   0.00157  -0.0204   0.4973   0.6285  57.8866 254.8034
   3.000   0.4254   0.01100   0.00157  -0.0204   0.4973   0.6285  57.8867 254.8031
   3.000   0.4254   0.01100   0.00157  -0.0204   0.4973   0.6285  57.8867 254.8031
   3.000   0.4254   0.01100   0.00157  -0.0204   0.4973   0.6285  57.8867 254.8031
   3.000   0.4254   0.01100   0.00157  -0.0204   0.4973   0.6285  57.8867 254.8031
   4.000   0.4946   0.01142   0.00132  -0.0123   0.4631   0.6462  60.8567 256.0737
   4.000   0.4946   0.01142   0.00132  -0.0123   0.4631   0.6462  60.8568 256.0737
   4.000   0.4946   0.01142   0.00132  -0.0123   0.4631   0.6462  60.8568 256.0737
   4.000   0.4946   0.01142   0.00132  -0.0123   0.4631   0.6462  60.8568 256.0737
   4.000   0.4946   0.01142   0.00132  -0.0123   0.4631   0.6462  60.8568 256.0737
   5.000   0.5697   0.01212   0.00126  -0.0060   0.4336   0.6634  63.4174 257.3107
   5.000   0.5697   0.01212   0.00126  -0.0060   0.4336   0.6634  63.4174 257.3106
   5.000   0.5697   0.01212   0.00126  -0.0060   0.4336   0.6634  63.4174 257.3106
   5.000   0.5697   0.01212   0.00126  -0.0060   0.4336   0.6634  63.4174 257.3106
   5.000   0.5697   0.01212   0.00126  -0.0060   0.4336   0.6634  63.4174 257.3106
   6.000   0.6434   0.01300   0.00125  -0.0000   0.4081   0.6826  65.6445 258.6890
   6.000   0.6434   0.01300   0.00125  -0.0000   0.4081   0.6826  65.6445 258.6892
   6.000   0.6434   0.01300   0.00125  -0.0000   0.4081   0.6826  65.6445 258.6892
   6.000   0.6434   0.01300   0.00125  -0.0000   0.4081   0.6826  65.6445 258.6892
   6.000   0.6434   0.01300   0.00125  -0.0000   0.4081   0.6826  65.6445 258.6892
   7.000   0.7138   0.01405   0.00129   0.0060   0.3853   0.7100  67.6573 260.6765
   7.000   0.7138   0.01405   0.00129   0.0060   0.3853   0.7100  67.6573 260.6764
   7.000   0.7138   0.01405   0.00129   0.0060   0.3853   0.7100  67.6573 260.6763
   7.000   0.7138   0.01405   0.00129   0.0060   0.3853   0.7100  67.6573 260.6763
   7.000   0.7138   0.01405   0.00129   0.0060   0.3853   0.7100  67.6573 260.6763
   8.000   0.7798   0.01533   0.00142   0.0121   0.3641   0.7536  69.5523 263.8630
   8.000   0.7798   0.01533   0.00142   0.0121   0.3641   0.7536  69.5523 263.8628
   8.000   0.7798   0.01533   0.00142   0.0121   0.3641   0.7536  69.5523 263.8628
   8.000   0.7798   0.01533   0.00142   0.0121   0.3641   0.7536  69.5523 263.8628
   8.000   0.7798   0.01533   0.00142   0.0121   0.3641   0.7536  69.5523 263.8628
   9.000   0.8399   0.01675   0.00161   0.0187   0.3441   0.8376  71.3717 270.4377
   9.000   0.8399   0.01675   0.00161   0.0187   0.3441   0.8376  71.3716 270.4368
   9.000   0.8399   0.01675   0.00161   0.0187   0.3441   0.8376  71.3715 270.4369
   9.000   0.8399   0.01675   0.00161   0.0187   0.3441   0.8376  71.3715 270.4369
   9.000   0.8399   0.01675   0.00161   0.0187   0.3441   0.8376  71.3715 270.4369
  10.000   1.0321   0.01935   0.00384  -0.0028   0.3184   0.9893  73.7764 295.5880
  10.000   1.0321   0.01935   0.00384  -0.0028   0.3184   0.9893  73.7764 295.5881
  10.000   1.0321   0.01935   0.00384  -0.0028   0.3184   0.9893  73.7764 295.5881
  10.000   1.0321   0.01935   0.00384  -0.0028   0.3184   0.9893  73.7764 295.5881
  10.000   1.0321   0.01935   0.00384  -0.0028   0.3184   0.9893  73.7764 295.5881
  11.000   1.0821   0.02221   0.00460   0.0029   0.2984   1.0000  75.7118 300.0000
  11.000   1.0821   0.02221   0.00460   0.0029   0.2984   1.0000  75.7118 300.0000
  11.000   1.0821   0.02221   0.00460   0.0029   0.2984   1.0000  75.7118 300.0000
  11.000   1.0821   0.02221   0.00460   0.0029   0.2984   1.0000  75.7118 300.0000
  11.000   1.0821   0.02221   0.00460   0.0029   0.2984   1.0000  75.7118 300.0000
  12.000   1.1217   0.02566   0.00559   0.0091   0.2770   1.0000  77.8386 300.0000
  12.000   1.1217   0.02566   0.00559   0.0091   0.2770   1.0000  77.8386 300.0000
  12.000   1.1217   0.02566   0.00559   0.0091   0.2770   1.0000  77.8386 300.0000
  12.000   1.1217   0.02566   0.00559   0.0091   0.2770   1.0000  77.8386 300.0000
  12.000   1.1217   0.02566   0.00559   0.0091   0.2770   1.0000  77.8386 300.0000
  13.000   1.1659   0.02948   0.00689   0.0136   0.2590   1.0000  79.6910 300.0000
  13.000   1.1659   0.02948   0.00689   0.0136   0.2590   1.0000  79.6909 300.0000
  13.000   1.1659   0.02948   0.00689   0.0136   0.2590   1.0000  79.6909 300.0000
  13.000   1.1659   0.02948   0.00689   0.0136   0.2590   1.0000  79.6909 300.0000
  13.000   1.1659   0.02948   0.00689   0.0136   0.2590   1.0000  79.6909 300.0000
  14.000   1.2070   0.03401   0.00864   0.0174   0.2415   1.0000  81.5575 300.0000
  14.000   1.2070   0.03401   0.00864   0.0174   0.2415   1.0000  81.5575 300.0000
  14.000   1.2070   0.03401   0.00864   0.0174   0.2415   1.0000  81.5575 300.0000
  14.000   1.2070   0.03401   0.00864   0.0174   0.2415   1.0000  81.5575 300.0000
  14.000   1.2070   0.03401   0.00864   0.0174   0.2415   1.0000  81.5575 300.0000
  15.000   1.2426   0.03940   0.01098   0.0204   0.2241   1.0000  83.4763 300.0000
  15.000   1.2426   0.03940   0.01098   0.0204   0.2241   1.0000  83.4763 300.0000
  15.000   1.2426   0.03940   0.01098   0.0204   0.2241   1.0000  83.4763 300.0000
  15.000   1.2426   0.03940   0.01098   0.0204   0.2241   1.0000  83.4763 300.0000
  15.000   1.2426   0.03940   0.01098   0.0204   0.2241   1.0000  83.4763 300.0000
  16.000   1.2711   0.04584   0.01410   0.0227   0.2066   1.0000  85.5024 300.0000
  16.000   1.2711   0.04584   0.01410   0.0227   0.2066   1.0000  85.5025 300.0000
  16.000   1.2711   0.04584   0.01410   0.0227   0.2066   1.0000  85.5025 300.0000
  16.000   1.2711   0.04584   0.01410   0.0227   0.2066   1.0000  85.5025 300.0000
  16.000   1.2711   0.04584   0.01410   0.0227   0.2066   1.0000  85.5025 300.0000
  17.000   1.2894   0.05368   0.01832   0.0242   0.1885   1.0000  87.7009 300.0000
  17.000   1.2894   0.05368   0.01832   0.0242   0.1885   1.0000  87.7010 300.0000
  17.000   1.2894   0.05368   0.01832   0.0242   0.1885   1.0000  87.7010 300.0000
  17.000   1.2894   0.05368   0.01832   0.0242   0.1885   1.0000  87.7010 300.0000
  17.000   1.2894   0.05368   0.01832   0.0242   0.1885   1.0000  87.7010 300.0000
  18.000   1.2946   0.06329   0.02406   0.0249   0.1696   1.0000  90.1305 300.0000
  18.000   1.2946   0.06329   0.02406   0.0249   0.1696   1.0000  90.1307 300.0000
  18.000   1.2946   0.06329   0.02406   0.0249   0.1696   1.0000  90.1307 300.0000
  18.000   1.2946   0.06329   0.02406   0.0249   0.1696   1.0000  90.1307 300.0000
  18.000   1.2946   0.06329   0.02406   0.0249   0.1696   1.0000  90.1307 300.0000
  19.000   1.2844   0.07512   0.03193   0.0244   0.1495   1.0000  92.9301 300.0000
  19.000   1.2844   0.07513   0.03193   0.0244   0.1495   1.0000  92.9303 300.0000
  19.000   1.2844   0.07513   0.03193   0.0244   0.1495   1.0000  92.9304 300.0000
  19.000   1.2844   0.07513   0.03193   0.0244   0.1495   1.0000  92.9304 300.0000
  19.000   1.2844   0.07513   0.03193   0.0244   0.1495   1.0000  92.9304 300.0000
