  
       XFOIL         Version 6.99
  
 Calculated polar for: RAF 89 AIRFOIL                                  
  
 1 1 Reynolds number fixed          Mach number fixed         
  
 xtrf =   1.000 (top)        1.000 (bottom)  
 Mach =   0.000     Re =     0.550 e 6     Ncrit =   9.000  9.000
  
   alpha    CL        CD       CDp       CM     Top_Xtr  Bot_Xtr  Top_Itr  Bot_Itr
  ------ -------- --------- --------- -------- -------- -------- -------- --------
   0.000   0.1675   0.00999   0.00177  -0.0363   0.5911   0.5472  49.8750 248.7503
   0.000   0.1675   0.00999   0.00177  -0.0363   0.5911   0.5472  49.8751 248.7489
   0.000   0.1675   0.00999   0.00177  -0.0363   0.5911   0.5472  49.8751 248.7489
   0.000   0.1675   0.00999   0.00177  -0.0363   0.5911   0.5472  49.8751 248.7489
   0.000   0.1675   0.00999   0.00177  -0.0363   0.5911   0.5472  49.8751 248.7489
   1.000   0.2594   0.01013   0.00173  -0.0320   0.5624   0.5794  52.2930 251.2134
   1.000   0.2594   0.01013   0.00173  -0.0320   0.5624   0.5794  52.2931 251.2133
   1.000   0.2594   0.01013   0.00173  -0.0320   0.5624   0.5794  52.2931 251.2133
   1.000   0.2594   0.01013   0.00173  -0.0320   0.5624   0.5794  52.2931 251.2133
   1.000   0.2594   0.01013   0.00173  -0.0320   0.5624   0.5794  52.2931 251.2133
   2.000   0.3462   0.01036   0.00158  -0.0268   0.5280   0.6031  55.2327 252.9615
   2.000   0.3462   0.01036   0.00158  -0.0268   0.5280   0.6031  55.2333 252.9614
   2.000   0.3462   0.01036   0.00158  -0.0268   0.5280   0.6031  55.2333 252.9614
   2.000   0.3462   0.01036   0.00158  -0.0268   0.5280   0.6031  55.2333 252.9614
   2.000   0.3462   0.01036   0.00158  -0.0268   0.5280   0.6031  55.2333 252.9614
   3.000   0.4242   0.01063   0.00140  -0.0201   0.4905   0.6220  58.4811 254.3330
   3.000   0.4242   0.01063   0.00140  -0.0201   0.4905   0.6220  58.4811 254.3330
   3.000   0.4242   0.01063   0.00140  -0.0201   0.4905   0.6220  58.4811 254.3330
   3.000   0.4242   0.01063   0.00140  -0.0201   0.4905   0.6220  58.4811 254.3330
   3.000   0.4242   0.01063   0.00140  -0.0201   0.4905   0.6220  58.4811 254.3330
   4.000   0.4946   0.01110   0.00120  -0.0123   0.4566   0.6392  61.4229 255.5722
   4.000   0.4946   0.01110   0.00120  -0.0123   0.4566   0.6392  61.4230 255.5721
   4.000   0.4946   0.01110   0.00120  -0.0123   0.4566   0.6392  61.4230 255.5721
   4.000   0.4946   0.01110   0.00120  -0.0123   0.4566   0.6392  61.4230 255.5721
   4.000   0.4946   0.01110   0.00120  -0.0123   0.4566   0.6392  61.4230 255.5721
   5.000   0.5690   0.01186   0.00113  -0.0059   0.4278   0.6560  63.9249 256.7741
   5.000   0.5690   0.01186   0.00113  -0.0059   0.4278   0.6560  63.9251 256.7738
   5.000   0.5690   0.01186   0.00113  -0.0059   0.4278   0.6560  63.9251 256.7738
   5.000   0.5690   0.01186   0.00113  -0.0059   0.4278   0.6560  63.9251 256.7738
   5.000   0.5690   0.01186   0.00113  -0.0059   0.4278   0.6560  63.9251 256.7738
   6.000   0.6434   0.01274   0.00111  -0.0000   0.4030   0.6738  66.0943 258.0542
   6.000   0.6434   0.01274   0.00111  -0.0000   0.4030   0.6738  66.0943 258.0539
   6.000   0.6434   0.01274   0.00111  -0.0000   0.4030   0.6738  66.0944 258.0539
   6.000   0.6434   0.01274   0.00111  -0.0000   0.4030   0.6738  66.0944 258.0539
   6.000   0.6434   0.01274   0.00111  -0.0000   0.4030   0.6738  66.0944 258.0539
   7.000   0.7141   0.01379   0.00116   0.0059   0.3805   0.6994  68.0820 259.9065
   7.000   0.7141   0.01379   0.00116   0.0059   0.3805   0.6994  68.0820 259.9064
   7.000   0.7141   0.01379   0.00116   0.0059   0.3805   0.6994  68.0820 259.9064
   7.000   0.7141   0.01379   0.00116   0.0059   0.3805   0.6994  68.0820 259.9064
   7.000   0.7141   0.01379   0.00116   0.0059   0.3805   0.6994  68.0820 259.9064
   8.000   0.7801   0.01509   0.00128   0.0120   0.3595   0.7405  69.9643 262.9002
   8.000   0.7801   0.01509   0.00128   0.0120   0.3595   0.7405  69.9644 262.9006
   8.000   0.7801   0.01509   0.00128   0.0120   0.3595   0.7405  69.9644 262.9005
   8.000   0.7801   0.01509   0.00128   0.0120   0.3595   0.7405  69.9644 262.9005
   8.000   0.7801   0.01509   0.00128   0.0120   0.3595   0.7405  69.9644 262.9005
   9.000   0.8405   0.01655   0.00149   0.0185   0.3395   0.8179  71.7989 268.7942
   9.000   0.8405   0.01655   0.00149   0.0185   0.3395   0.8179  71.7989 268.7942
   9.000   0.8405   0.01655   0.00149   0.0185   0.3395   0.8179  71.7989 268.7942
   9.000   0.8405   0.01655   0.00149   0.0185   0.3395   0.8179  71.7989 268.7942
   9.000   0.8405   0.01655   0.00149   0.0185   0.3395   0.8179  71.7989 268.7942
  10.000   1.0216   0.01896   0.00360  -0.0007   0.3147   0.9778  74.1306 291.7129
  10.000   1.0216   0.01896   0.00360  -0.0007   0.3147   0.9778  74.1306 291.7134
  10.000   1.0216   0.01896   0.00360  -0.0007   0.3147   0.9778  74.1306 291.7135
  10.000   1.0216   0.01896   0.00360  -0.0007   0.3147   0.9778  74.1306 291.7135
  10.000   1.0216   0.01896   0.00360  -0.0007   0.3147   0.9778  74.1306 291.7135
  11.000   1.0844   0.02194   0.00455   0.0025   0.2934   1.0000  76.2022 300.0000
  11.000   1.0844   0.02194   0.00455   0.0025   0.2934   1.0000  76.2022 300.0000
  11.000   1.0844   0.02194   0.00455   0.0025   0.2934   1.0000  76.2022 300.0000
  11.000   1.0844   0.02194   0.00455   0.0025   0.2934   1.0000  76.2022 300.0000
  11.000   1.0844   0.02194   0.00455   0.0025   0.2934   1.0000  76.2022 300.0000
  12.000   1.1267   0.02531   0.00554   0.0084   0.2726   1.0000  78.2891 300.0000
  12.000   1.1267   0.02531   0.00554   0.0084   0.2726   1.0000  78.2890 300.0000
  12.000   1.1267   0.02531   0.00554   0.0084   0.2726   1.0000  78.2890 300.0000
  12.000   1.1267   0.02531   0.00554   0.0084   0.2726   1.0000  78.2890 300.0000
  12.000   1.1267   0.02531   0.00554   0.0084   0.2726   1.0000  78.2890 300.0000
  13.000   1.1698   0.02921   0.00686   0.0130   0.2549   1.0000  80.1194 300.0000
  13.000   1.1698   0.02921   0.00686   0.0130   0.2549   1.0000  80.1194 300.0000
  13.000   1.1698   0.02921   0.00686   0.0130   0.2549   1.0000  80.1194 300.0000
  13.000   1.1698   0.02921   0.00686   0.0130   0.2549   1.0000  80.1194 300.0000
  13.000   1.1698   0.02921   0.00686   0.0130   0.2549   1.0000  80.1194 300.0000
  15.000   1.2467   0.03917   0.01098   0.0198   0.2201   1.0000  83.9269 300.0000
  15.000   1.2467   0.03917   0.01098   0.0198   0.2201   1.0000  83.9269 300.0000
  15.000   1.2467   0.03917   0.01098   0.0198   0.2201   1.0000  83.9269 300.0000
  15.000   1.2467   0.03917   0.01098   0.0198   0.2201   1.0000  83.9269 300.0000
  15.000   1.2467   0.03917   0.01098   0.0198   0.2201   1.0000  83.9269 300.0000
  16.000   1.2754   0.04561   0.01409   0.0221   0.2027   1.0000  85.9571 300.0000
  16.000   1.2754   0.04561   0.01409   0.0221   0.2027   1.0000  85.9574 300.0000
  16.000   1.2754   0.04561   0.01409   0.0221   0.2027   1.0000  85.9574 300.0000
  16.000   1.2754   0.04561   0.01409   0.0221   0.2027   1.0000  85.9574 300.0000
  16.000   1.2754   0.04561   0.01409   0.0221   0.2027   1.0000  85.9574 300.0000
  17.000   1.2955   0.05330   0.01820   0.0236   0.1847   1.0000  88.1724 300.0000
  17.000   1.2955   0.05330   0.01820   0.0236   0.1847   1.0000  88.1724 300.0000
  17.000   1.2955   0.05330   0.01820   0.0236   0.1847   1.0000  88.1724 300.0000
  17.000   1.2955   0.05330   0.01820   0.0236   0.1847   1.0000  88.1724 300.0000
  17.000   1.2955   0.05330   0.01820   0.0236   0.1847   1.0000  88.1724 300.0000
  18.000   1.3022   0.06276   0.02380   0.0243   0.1655   1.0000  90.6898 300.0000
  18.000   1.3022   0.06276   0.02380   0.0243   0.1655   1.0000  90.6899 300.0000
  18.000   1.3022   0.06276   0.02380   0.0243   0.1655   1.0000  90.6900 300.0000
  18.000   1.3022   0.06276   0.02380   0.0243   0.1655   1.0000  90.6900 300.0000
  18.000   1.3022   0.06276   0.02380   0.0243   0.1655   1.0000  90.6900 300.0000
  19.000   1.2923   0.07450   0.03155   0.0239   0.1455   1.0000  93.5282 300.0000
  19.000   1.2924   0.07450   0.03155   0.0239   0.1454   1.0000  93.5286 300.0000
  19.000   1.2924   0.07450   0.03155   0.0239   0.1454   1.0000  93.5287 300.0000
  19.000   1.2924   0.07450   0.03155   0.0239   0.1454   1.0000  93.5287 300.0000
  19.000   1.2924   0.07450   0.03155   0.0239   0.1454   1.0000  93.5287 300.0000
