  
       XFOIL         Version 6.99
  
 Calculated polar for: RAF 89 AIRFOIL                                  
  
 1 1 Reynolds number fixed          Mach number fixed         
  
 xtrf =   1.000 (top)        1.000 (bottom)  
 Mach =   0.000     Re =     0.300 e 6     Ncrit =   9.000  9.000
  
   alpha    CL        CD       CDp       CM     Top_Xtr  Bot_Xtr  Top_Itr  Bot_Itr
  ------ -------- --------- --------- -------- -------- -------- -------- --------
   0.000   0.1661   0.01352   0.00409  -0.0366   0.6241   0.5829  47.1543 251.4709
   0.000   0.1661   0.01352   0.00409  -0.0366   0.6241   0.5829  47.1543 251.4707
   0.000   0.1661   0.01352   0.00409  -0.0366   0.6241   0.5829  47.1543 251.4707
   0.000   0.1661   0.01352   0.00409  -0.0366   0.6241   0.5829  47.1543 251.4707
   0.000   0.1661   0.01352   0.00409  -0.0366   0.6241   0.5829  47.1543 251.4707
   1.000   0.2565   0.01348   0.00387  -0.0319   0.5974   0.6166  49.3525 253.9485
   1.000   0.2565   0.01348   0.00387  -0.0319   0.5974   0.6166  49.3524 253.9472
   1.000   0.2565   0.01348   0.00387  -0.0319   0.5974   0.6166  49.3524 253.9471
   1.000   0.2565   0.01348   0.00387  -0.0319   0.5974   0.6166  49.3524 253.9471
   1.000   0.2565   0.01348   0.00387  -0.0319   0.5974   0.6166  49.3524 253.9471
   2.000   0.3479   0.01340   0.00350  -0.0275   0.5672   0.6442  51.8868 255.9330
   2.000   0.3479   0.01340   0.00350  -0.0275   0.5672   0.6442  51.8868 255.9329
   2.000   0.3479   0.01340   0.00350  -0.0275   0.5672   0.6442  51.8868 255.9329
   2.000   0.3479   0.01340   0.00350  -0.0275   0.5672   0.6442  51.8868 255.9329
   2.000   0.3479   0.01340   0.00350  -0.0275   0.5672   0.6442  51.8868 255.9329
   3.000   0.4332   0.01344   0.00317  -0.0222   0.5330   0.6680  54.8010 257.6344
   3.000   0.4332   0.01344   0.00317  -0.0222   0.5330   0.6680  54.8022 257.6351
   3.000   0.4333   0.01344   0.00317  -0.0222   0.5330   0.6680  54.8022 257.6351
   3.000   0.4333   0.01344   0.00317  -0.0222   0.5330   0.6680  54.8022 257.6351
   3.000   0.4333   0.01344   0.00317  -0.0222   0.5330   0.6680  54.8022 257.6351
   4.000   0.5121   0.01371   0.00284  -0.0159   0.4989   0.6901  57.7495 259.2294
   4.000   0.5121   0.01371   0.00284  -0.0159   0.4989   0.6901  57.7495 259.2294
   4.000   0.5121   0.01371   0.00284  -0.0159   0.4989   0.6901  57.7495 259.2294
   4.000   0.5121   0.01371   0.00284  -0.0159   0.4989   0.6901  57.7495 259.2294
   4.000   0.5121   0.01371   0.00284  -0.0159   0.4989   0.6901  57.7495 259.2294
   5.000   0.5820   0.01417   0.00254  -0.0083   0.4678   0.7124  60.4445 260.8489
   5.000   0.5820   0.01417   0.00254  -0.0083   0.4678   0.7124  60.4444 260.8492
   5.000   0.5820   0.01417   0.00254  -0.0083   0.4678   0.7124  60.4444 260.8492
   5.000   0.5820   0.01417   0.00254  -0.0083   0.4678   0.7124  60.4444 260.8492
   5.000   0.5820   0.01417   0.00254  -0.0083   0.4678   0.7124  60.4444 260.8492
   6.000   0.6568   0.01497   0.00243  -0.0022   0.4401   0.7373  62.8573 262.6660
   6.000   0.6568   0.01497   0.00243  -0.0022   0.4401   0.7373  62.8573 262.6662
   6.000   0.6568   0.01497   0.00243  -0.0022   0.4401   0.7373  62.8573 262.6662
   6.000   0.6568   0.01497   0.00243  -0.0022   0.4401   0.7373  62.8573 262.6662
   6.000   0.6568   0.01497   0.00243  -0.0022   0.4401   0.7373  62.8573 262.6662
   7.000   0.7309   0.01593   0.00241   0.0037   0.4153   0.7735  65.0176 265.3375
   7.000   0.7309   0.01593   0.00241   0.0037   0.4153   0.7735  65.0176 265.3375
   7.000   0.7309   0.01593   0.00241   0.0037   0.4153   0.7735  65.0176 265.3374
   7.000   0.7309   0.01593   0.00241   0.0037   0.4153   0.7735  65.0176 265.3374
   7.000   0.7309   0.01593   0.00241   0.0037   0.4153   0.7735  65.0176 265.3374
   8.000   0.7998   0.01695   0.00239   0.0098   0.3923   0.8244  67.0359 269.3199
   8.000   0.7998   0.01695   0.00239   0.0098   0.3923   0.8244  67.0359 269.3197
   8.000   0.7998   0.01695   0.00239   0.0098   0.3923   0.8244  67.0359 269.3197
   8.000   0.7998   0.01695   0.00239   0.0098   0.3923   0.8244  67.0359 269.3197
   8.000   0.7998   0.01695   0.00239   0.0098   0.3923   0.8244  67.0359 269.3197
   9.000   0.9217   0.01857   0.00335   0.0044   0.3678   0.9384  69.2189 282.3926
   9.000   0.9217   0.01857   0.00335   0.0044   0.3678   0.9385  69.2189 282.3967
   9.000   0.9217   0.01857   0.00335   0.0044   0.3678   0.9385  69.2189 282.3966
   9.000   0.9217   0.01857   0.00335   0.0044   0.3678   0.9385  69.2189 282.3966
   9.000   0.9217   0.01857   0.00335   0.0044   0.3678   0.9385  69.2189 282.3966
  10.000   1.0656   0.02122   0.00467  -0.0072   0.3430   1.0000  71.4789 300.0000
  10.000   1.0656   0.02122   0.00467  -0.0072   0.3430   1.0000  71.4786 300.0000
  10.000   1.0656   0.02122   0.00467  -0.0072   0.3430   1.0000  71.4786 300.0000
  10.000   1.0656   0.02122   0.00467  -0.0072   0.3430   1.0000  71.4786 300.0000
  10.000   1.0656   0.02122   0.00467  -0.0072   0.3430   1.0000  71.4786 300.0000
  11.000   1.1015   0.02337   0.00475   0.0018   0.3243   1.0000  73.2221 300.0000
  11.000   1.1015   0.02337   0.00475   0.0018   0.3243   1.0000  73.2221 300.0000
  11.000   1.1015   0.02337   0.00475   0.0018   0.3243   1.0000  73.2221 300.0000
  11.000   1.1015   0.02337   0.00475   0.0018   0.3243   1.0000  73.2221 300.0000
  11.000   1.1015   0.02337   0.00475   0.0018   0.3243   1.0000  73.2221 300.0000
  12.000   1.1360   0.02638   0.00534   0.0092   0.3037   1.0000  75.1906 300.0000
  12.000   1.1360   0.02638   0.00534   0.0092   0.3037   1.0000  75.1905 300.0000
  12.000   1.1360   0.02638   0.00534   0.0092   0.3037   1.0000  75.1905 300.0000
  12.000   1.1360   0.02638   0.00534   0.0092   0.3037   1.0000  75.1905 300.0000
  12.000   1.1360   0.02638   0.00534   0.0092   0.3037   1.0000  75.1905 300.0000
  13.000   1.1700   0.03015   0.00644   0.0151   0.2834   1.0000  77.1920 300.0000
  13.000   1.1700   0.03015   0.00644   0.0151   0.2834   1.0000  77.1920 300.0000
  13.000   1.1700   0.03015   0.00644   0.0151   0.2834   1.0000  77.1920 300.0000
  13.000   1.1700   0.03015   0.00644   0.0151   0.2834   1.0000  77.1920 300.0000
  13.000   1.1700   0.03015   0.00644   0.0151   0.2834   1.0000  77.1920 300.0000
  14.000   1.2087   0.03432   0.00781   0.0195   0.2653   1.0000  79.0372 300.0000
  14.000   1.2087   0.03432   0.00781   0.0195   0.2653   1.0000  79.0371 300.0000
  14.000   1.2087   0.03432   0.00781   0.0195   0.2653   1.0000  79.0371 300.0000
  14.000   1.2087   0.03432   0.00781   0.0195   0.2653   1.0000  79.0371 300.0000
  14.000   1.2087   0.03432   0.00781   0.0195   0.2653   1.0000  79.0371 300.0000
  15.000   1.2395   0.03957   0.00999   0.0231   0.2471   1.0000  80.9498 300.0000
  15.000   1.2395   0.03957   0.00999   0.0231   0.2471   1.0000  80.9498 300.0000
  15.000   1.2395   0.03957   0.00999   0.0231   0.2471   1.0000  80.9498 300.0000
  15.000   1.2395   0.03957   0.00999   0.0231   0.2471   1.0000  80.9498 300.0000
  15.000   1.2395   0.03957   0.00999   0.0231   0.2471   1.0000  80.9498 300.0000
  16.000   1.2635   0.04596   0.01303   0.0258   0.2288   1.0000  82.9454 300.0000
  16.000   1.2635   0.04596   0.01303   0.0258   0.2288   1.0000  82.9454 300.0000
  16.000   1.2635   0.04596   0.01303   0.0258   0.2288   1.0000  82.9454 300.0000
  16.000   1.2635   0.04596   0.01303   0.0258   0.2288   1.0000  82.9454 300.0000
  16.000   1.2635   0.04596   0.01303   0.0258   0.2288   1.0000  82.9454 300.0000
  17.000   1.2780   0.05381   0.01725   0.0275   0.2102   1.0000  85.0780 300.0000
  17.000   1.2780   0.05381   0.01726   0.0275   0.2102   1.0000  85.0781 300.0000
  17.000   1.2780   0.05381   0.01726   0.0275   0.2102   1.0000  85.0781 300.0000
  17.000   1.2780   0.05381   0.01726   0.0275   0.2102   1.0000  85.0781 300.0000
  17.000   1.2780   0.05381   0.01726   0.0275   0.2102   1.0000  85.0781 300.0000
  18.000   1.2784   0.06378   0.02341   0.0280   0.1903   1.0000  87.4701 300.0000
  18.000   1.2784   0.06378   0.02341   0.0280   0.1903   1.0000  87.4700 300.0000
  18.000   1.2784   0.06378   0.02341   0.0280   0.1903   1.0000  87.4699 300.0000
  18.000   1.2784   0.06378   0.02341   0.0280   0.1903   1.0000  87.4699 300.0000
  18.000   1.2784   0.06378   0.02341   0.0280   0.1903   1.0000  87.4699 300.0000
  19.000   1.2708   0.07523   0.03096   0.0273   0.1702   1.0000  90.0589 300.0000
  19.000   1.2708   0.07523   0.03096   0.0273   0.1702   1.0000  90.0585 300.0000
  19.000   1.2708   0.07523   0.03096   0.0273   0.1702   1.0000  90.0585 300.0000
  19.000   1.2708   0.07523   0.03096   0.0273   0.1702   1.0000  90.0585 300.0000
  19.000   1.2708   0.07523   0.03096   0.0273   0.1702   1.0000  90.0585 300.0000
