  
       XFOIL         Version 6.99
  
 Calculated polar for: NREL's S818 Airfoil                             
  
 1 1 Reynolds number fixed          Mach number fixed         
  
 xtrf =   1.000 (top)        1.000 (bottom)  
 Mach =   0.000     Re =     0.500 e 6     Ncrit =   9.000  9.000
  
   alpha    CL        CD       CDp       CM     Top_Xtr  Bot_Xtr  Top_Itr  Bot_Itr
  ------ -------- --------- --------- -------- -------- -------- -------- --------
   0.000   0.4326   0.01354   0.00354  -0.1331   0.4894   0.3682  64.8474 222.0432
   0.000   0.4326   0.01354   0.00354  -0.1331   0.4894   0.3682  64.8474 222.0433
   0.000   0.4326   0.01354   0.00354  -0.1331   0.4894   0.3682  64.8474 222.0433
   0.000   0.4326   0.01354   0.00354  -0.1331   0.4894   0.3682  64.8474 222.0433
   0.000   0.4326   0.01354   0.00354  -0.1331   0.4894   0.3682  64.8474 222.0433
   1.000   0.5477   0.01360   0.00350  -0.1344   0.4707   0.3714  66.6950 222.3878
   1.000   0.5477   0.01360   0.00350  -0.1344   0.4707   0.3714  66.6948 222.3876
   1.000   0.5477   0.01360   0.00350  -0.1344   0.4707   0.3714  66.6948 222.3876
   1.000   0.5477   0.01360   0.00350  -0.1344   0.4707   0.3714  66.6948 222.3876
   1.000   0.5477   0.01360   0.00350  -0.1344   0.4707   0.3714  66.6948 222.3876
   2.000   0.6660   0.01384   0.00338  -0.1365   0.4570   0.3757  68.0484 222.8562
   2.000   0.6660   0.01384   0.00338  -0.1365   0.4570   0.3757  68.0483 222.8563
   2.000   0.6660   0.01384   0.00338  -0.1365   0.4570   0.3757  68.0483 222.8563
   2.000   0.6660   0.01384   0.00338  -0.1365   0.4570   0.3757  68.0483 222.8563
   2.000   0.6660   0.01384   0.00338  -0.1365   0.4570   0.3757  68.0483 222.8563
   3.000   0.7839   0.01405   0.00341  -0.1383   0.4455   0.3800  69.1853 223.3171
   3.000   0.7839   0.01405   0.00341  -0.1383   0.4455   0.3799  69.1869 223.3169
   3.000   0.7839   0.01405   0.00341  -0.1383   0.4455   0.3799  69.1869 223.3169
   3.000   0.7839   0.01405   0.00341  -0.1383   0.4455   0.3799  69.1869 223.3169
   3.000   0.7839   0.01405   0.00341  -0.1383   0.4455   0.3799  69.1869 223.3169
   4.000   0.9033   0.01449   0.00347  -0.1405   0.4364   0.3857  70.0990 223.9338
   4.000   0.9033   0.01449   0.00347  -0.1405   0.4364   0.3857  70.0990 223.9338
   4.000   0.9033   0.01449   0.00347  -0.1405   0.4364   0.3857  70.0990 223.9338
   4.000   0.9033   0.01449   0.00347  -0.1405   0.4364   0.3857  70.0990 223.9338
   4.000   0.9033   0.01449   0.00347  -0.1405   0.4364   0.3857  70.0990 223.9338
   5.000   1.0219   0.01490   0.00366  -0.1424   0.4282   0.3912  70.9123 224.5205
   5.000   1.0219   0.01490   0.00366  -0.1424   0.4282   0.3912  70.9123 224.5205
   5.000   1.0219   0.01490   0.00366  -0.1424   0.4282   0.3912  70.9123 224.5205
   5.000   1.0219   0.01490   0.00366  -0.1424   0.4282   0.3912  70.9123 224.5205
   5.000   1.0219   0.01490   0.00366  -0.1424   0.4282   0.3912  70.9123 224.5205
   6.000   1.1395   0.01542   0.00388  -0.1441   0.4206   0.3979  71.6781 225.2222
   6.000   1.1395   0.01542   0.00388  -0.1441   0.4206   0.3979  71.6781 225.2221
   6.000   1.1395   0.01542   0.00388  -0.1441   0.4206   0.3979  71.6781 225.2221
   6.000   1.1395   0.01542   0.00388  -0.1441   0.4206   0.3979  71.6781 225.2221
   6.000   1.1395   0.01542   0.00388  -0.1441   0.4206   0.3979  71.6781 225.2221
   7.000   1.2438   0.01586   0.00377  -0.1431   0.4051   0.4057  73.2346 226.0328
   7.000   1.2438   0.01586   0.00377  -0.1431   0.4052   0.4057  73.2341 226.0327
   7.000   1.2438   0.01586   0.00377  -0.1431   0.4052   0.4057  73.2341 226.0327
   7.000   1.2438   0.01586   0.00377  -0.1431   0.4052   0.4057  73.2341 226.0327
   7.000   1.2438   0.01586   0.00377  -0.1431   0.4052   0.4057  73.2341 226.0327
   8.000   1.3368   0.01625   0.00355  -0.1400   0.3874   0.4136  75.0317 226.8573
   8.000   1.3368   0.01625   0.00355  -0.1400   0.3874   0.4136  75.0317 226.8575
   8.000   1.3368   0.01625   0.00355  -0.1400   0.3874   0.4136  75.0317 226.8574
   8.000   1.3368   0.01625   0.00355  -0.1400   0.3874   0.4136  75.0317 226.8574
   8.000   1.3368   0.01625   0.00355  -0.1400   0.3874   0.4136  75.0317 226.8574
   9.000   1.4231   0.01682   0.00350  -0.1358   0.3693   0.4226  76.8965 227.7790
   9.000   1.4231   0.01682   0.00350  -0.1358   0.3693   0.4226  76.8965 227.7793
   9.000   1.4231   0.01682   0.00350  -0.1358   0.3693   0.4226  76.8965 227.7793
   9.000   1.4231   0.01682   0.00350  -0.1358   0.3693   0.4226  76.8965 227.7793
   9.000   1.4231   0.01682   0.00350  -0.1358   0.3693   0.4226  76.8965 227.7793
  10.000   1.5052   0.01768   0.00356  -0.1312   0.3437   0.4330  79.5725 228.8340
  10.000   1.5052   0.01768   0.00356  -0.1312   0.3437   0.4330  79.5724 228.8334
  10.000   1.5052   0.01768   0.00356  -0.1312   0.3437   0.4330  79.5724 228.8334
  10.000   1.5052   0.01768   0.00356  -0.1312   0.3437   0.4330  79.5724 228.8334
  10.000   1.5052   0.01768   0.00356  -0.1312   0.3437   0.4330  79.5724 228.8334
  11.000   1.5648   0.01972   0.00400  -0.1238   0.2710   0.4442  87.5895 229.9597
  11.000   1.5648   0.01972   0.00400  -0.1238   0.2710   0.4442  87.5897 229.9598
  11.000   1.5648   0.01972   0.00400  -0.1238   0.2710   0.4442  87.5897 229.9598
  11.000   1.5648   0.01972   0.00400  -0.1238   0.2710   0.4442  87.5897 229.9598
  11.000   1.5648   0.01972   0.00400  -0.1238   0.2710   0.4442  87.5897 229.9598
  12.000   1.5393   0.02765   0.00843  -0.1082   0.1527   0.4530 101.0821 230.8370
  12.000   1.5393   0.02765   0.00843  -0.1082   0.1527   0.4530 101.0820 230.8370
  12.000   1.5393   0.02765   0.00843  -0.1082   0.1527   0.4530 101.0820 230.8370
  12.000   1.5393   0.02765   0.00843  -0.1082   0.1527   0.4530 101.0820 230.8370
  12.000   1.5393   0.02765   0.00843  -0.1082   0.1527   0.4530 101.0820 230.8370
  13.000   1.5198   0.03799   0.01524  -0.0998   0.0997   0.4629 107.7660 231.8248
  13.000   1.5198   0.03799   0.01524  -0.0998   0.0997   0.4629 107.7667 231.8223
  13.000   1.5198   0.03799   0.01524  -0.0998   0.0997   0.4629 107.7667 231.8221
  13.000   1.5198   0.03799   0.01524  -0.0998   0.0997   0.4629 107.7667 231.8221
  13.000   1.5198   0.03799   0.01524  -0.0998   0.0997   0.4629 107.7667 231.8221
  14.000   1.4965   0.05190   0.02531  -0.0972   0.0736   0.4741 111.6824 232.9279
  14.000   1.4965   0.05190   0.02531  -0.0972   0.0736   0.4741 111.6815 232.9302
  14.000   1.4965   0.05190   0.02531  -0.0972   0.0736   0.4741 111.6814 232.9307
  14.000   1.4965   0.05190   0.02531  -0.0972   0.0736   0.4741 111.6814 232.9307
  14.000   1.4965   0.05190   0.02531  -0.0972   0.0736   0.4741 111.6814 232.9308
  15.000   1.4677   0.06840   0.03805  -0.0978   0.0581   0.4858 114.4966 234.0823
  15.000   1.4677   0.06840   0.03805  -0.0978   0.0581   0.4858 114.4968 234.0812
  15.000   1.4677   0.06840   0.03805  -0.0978   0.0581   0.4858 114.4969 234.0810
  15.000   1.4677   0.06840   0.03805  -0.0978   0.0581   0.4858 114.4969 234.0810
  15.000   1.4677   0.06840   0.03805  -0.0978   0.0581   0.4858 114.4969 234.0810
  16.000   1.4430   0.08543   0.05192  -0.1002   0.0474   0.4994 116.8248 235.4122
  16.000   1.4430   0.08542   0.05192  -0.1002   0.0474   0.4994 116.8245 235.4138
  16.000   1.4430   0.08542   0.05192  -0.1002   0.0474   0.4994 116.8244 235.4142
  16.000   1.4430   0.08542   0.05192  -0.1002   0.0474   0.4994 116.8244 235.4143
  16.000   1.4430   0.08542   0.05192  -0.1002   0.0474   0.4994 116.8244 235.4143
  17.000   1.4292   0.10163   0.06602  -0.1036   0.0394   0.5168 118.8835 237.1260
  17.000   1.4292   0.10163   0.06602  -0.1036   0.0394   0.5168 118.8835 237.1265
  17.000   1.4292   0.10163   0.06602  -0.1036   0.0394   0.5168 118.8834 237.1266
  17.000   1.4292   0.10163   0.06602  -0.1036   0.0394   0.5168 118.8834 237.1266
  17.000   1.4292   0.10163   0.06602  -0.1036   0.0394   0.5168 118.8834 237.1266
  18.000   1.4263   0.11672   0.08045  -0.1080   0.0331   0.5384 120.7788 239.2497
  18.000   1.4263   0.11671   0.08045  -0.1080   0.0331   0.5385 120.7785 239.2539
  18.000   1.4263   0.11671   0.08045  -0.1080   0.0331   0.5385 120.7784 239.2548
  18.000   1.4263   0.11671   0.08045  -0.1080   0.0331   0.5385 120.7784 239.2550
  18.000   1.4263   0.11671   0.08045  -0.1080   0.0331   0.5385 120.7784 239.2551
