  
       XFOIL         Version 6.99
  
 Calculated polar for: GOE 798 AIRFOIL                                 
  
 1 1 Reynolds number fixed          Mach number fixed         
  
 xtrf =   1.000 (top)        1.000 (bottom)  
 Mach =   0.000     Re =     0.275 e 6     Ncrit =   9.000  9.000
  
   alpha    CL        CD       CDp       CM     Top_Xtr  Bot_Xtr  Top_Itr  Bot_Itr
  ------ -------- --------- --------- -------- -------- -------- -------- --------
   0.000   0.6427   0.01596   0.00503  -0.1386   0.6657   0.1880  49.4295 219.0410
   0.000   0.6427   0.01596   0.00503  -0.1386   0.6657   0.1880  49.4295 219.0408
   0.000   0.6427   0.01596   0.00503  -0.1386   0.6657   0.1880  49.4295 219.0408
   0.000   0.6427   0.01596   0.00503  -0.1386   0.6657   0.1880  49.4295 219.0408
   0.000   0.6427   0.01596   0.00503  -0.1386   0.6657   0.1880  49.4295 219.0408
   1.000   0.7466   0.01524   0.00474  -0.1377   0.6506   0.3260  50.7106 230.3352
   1.000   0.7466   0.01524   0.00474  -0.1377   0.6506   0.3260  50.7106 230.3351
   1.000   0.7466   0.01524   0.00474  -0.1377   0.6506   0.3260  50.7106 230.3351
   1.000   0.7466   0.01524   0.00474  -0.1377   0.6506   0.3260  50.7106 230.3351
   1.000   0.7466   0.01524   0.00474  -0.1377   0.6506   0.3260  50.7106 230.3351
   2.000   0.8921   0.01405   0.00509  -0.1439   0.6346   0.9810  52.0816 292.1515
   2.000   0.8921   0.01405   0.00509  -0.1439   0.6346   0.9810  52.0816 292.1512
   2.000   0.8921   0.01405   0.00509  -0.1439   0.6346   0.9810  52.0816 292.1513
   2.000   0.8921   0.01405   0.00509  -0.1439   0.6346   0.9810  52.0816 292.1513
   2.000   0.8921   0.01405   0.00509  -0.1439   0.6346   0.9810  52.0816 292.1513
   3.000   1.0272   0.01432   0.00480  -0.1496   0.6146   1.0000  53.8242 300.0000
   3.000   1.0272   0.01432   0.00480  -0.1496   0.6146   1.0000  53.8242 300.0000
   3.000   1.0272   0.01432   0.00480  -0.1496   0.6146   1.0000  53.8242 300.0000
   3.000   1.0272   0.01432   0.00480  -0.1496   0.6146   1.0000  53.8242 300.0000
   3.000   1.0272   0.01432   0.00480  -0.1496   0.6146   1.0000  53.8242 300.0000
   4.000   1.0997   0.01459   0.00430  -0.1421   0.5925   1.0000  55.7748 300.0000
   4.000   1.0997   0.01459   0.00430  -0.1421   0.5925   1.0000  55.7748 300.0000
   4.000   1.0997   0.01459   0.00430  -0.1421   0.5925   1.0000  55.7748 300.0000
   4.000   1.0997   0.01459   0.00430  -0.1421   0.5925   1.0000  55.7748 300.0000
   4.000   1.0997   0.01459   0.00430  -0.1421   0.5925   1.0000  55.7748 300.0000
   5.000   1.1609   0.01494   0.00367  -0.1324   0.5656   1.0000  58.1821 300.0000
   5.000   1.1609   0.01494   0.00367  -0.1324   0.5656   1.0000  58.1822 300.0000
   5.000   1.1609   0.01494   0.00367  -0.1324   0.5656   1.0000  58.1822 300.0000
   5.000   1.1609   0.01494   0.00367  -0.1324   0.5656   1.0000  58.1822 300.0000
   5.000   1.1609   0.01494   0.00367  -0.1324   0.5656   1.0000  58.1822 300.0000
   6.000   1.1967   0.01569   0.00309  -0.1180   0.5295   1.0000  61.4730 300.0000
   6.000   1.1967   0.01569   0.00309  -0.1180   0.5295   1.0000  61.4730 300.0000
   6.000   1.1967   0.01569   0.00309  -0.1180   0.5295   1.0000  61.4730 300.0000
   6.000   1.1967   0.01569   0.00309  -0.1180   0.5295   1.0000  61.4730 300.0000
   6.000   1.1967   0.01569   0.00309  -0.1180   0.5295   1.0000  61.4730 300.0000
   7.000   1.2358   0.01743   0.00296  -0.1060   0.4816   1.0000  65.8831 300.0000
   7.000   1.2358   0.01743   0.00296  -0.1060   0.4816   1.0000  65.8831 300.0000
   7.000   1.2358   0.01743   0.00296  -0.1060   0.4816   1.0000  65.8831 300.0000
   7.000   1.2358   0.01743   0.00296  -0.1060   0.4816   1.0000  65.8831 300.0000
   7.000   1.2358   0.01743   0.00296  -0.1060   0.4816   1.0000  65.8831 300.0000
   8.000   1.2800   0.02012   0.00346  -0.0967   0.4372   1.0000  70.0009 300.0000
   8.000   1.2800   0.02012   0.00346  -0.0967   0.4371   1.0000  70.0010 300.0000
   8.000   1.2800   0.02012   0.00346  -0.0967   0.4371   1.0000  70.0010 300.0000
   8.000   1.2800   0.02012   0.00346  -0.0967   0.4371   1.0000  70.0010 300.0000
   8.000   1.2800   0.02012   0.00346  -0.0967   0.4371   1.0000  70.0010 300.0000
   9.000   1.3371   0.02294   0.00426  -0.0904   0.4080   1.0000  72.6958 300.0000
   9.000   1.3371   0.02294   0.00426  -0.0904   0.4080   1.0000  72.6959 300.0000
   9.000   1.3371   0.02294   0.00426  -0.0904   0.4080   1.0000  72.6959 300.0000
   9.000   1.3371   0.02294   0.00426  -0.0904   0.4080   1.0000  72.6959 300.0000
   9.000   1.3371   0.02294   0.00426  -0.0904   0.4080   1.0000  72.6959 300.0000
  10.000   1.4026   0.02566   0.00500  -0.0859   0.3877   1.0000  74.5750 300.0000
  10.000   1.4026   0.02566   0.00500  -0.0859   0.3877   1.0000  74.5750 300.0000
  10.000   1.4026   0.02566   0.00500  -0.0859   0.3877   1.0000  74.5750 300.0000
  10.000   1.4026   0.02566   0.00500  -0.0859   0.3877   1.0000  74.5750 300.0000
  10.000   1.4026   0.02566   0.00500  -0.0859   0.3877   1.0000  74.5750 300.0000
  11.000   1.4715   0.02835   0.00559  -0.0823   0.3706   1.0000  76.1556 300.0000
  11.000   1.4715   0.02835   0.00559  -0.0823   0.3706   1.0000  76.1556 300.0000
  11.000   1.4715   0.02835   0.00559  -0.0823   0.3706   1.0000  76.1556 300.0000
  11.000   1.4715   0.02835   0.00559  -0.0823   0.3706   1.0000  76.1556 300.0000
  11.000   1.4715   0.02835   0.00559  -0.0823   0.3706   1.0000  76.1556 300.0000
  12.000   1.5346   0.03142   0.00647  -0.0785   0.3557   1.0000  77.5408 300.0000
  12.000   1.5346   0.03141   0.00647  -0.0785   0.3557   1.0000  77.5407 300.0000
  12.000   1.5346   0.03141   0.00647  -0.0785   0.3557   1.0000  77.5407 300.0000
  12.000   1.5346   0.03141   0.00647  -0.0785   0.3557   1.0000  77.5407 300.0000
  12.000   1.5346   0.03141   0.00647  -0.0785   0.3557   1.0000  77.5407 300.0000
  13.000   1.5988   0.03453   0.00717  -0.0753   0.3414   1.0000  78.8673 300.0000
  13.000   1.5988   0.03453   0.00717  -0.0753   0.3414   1.0000  78.8674 300.0000
  13.000   1.5988   0.03453   0.00717  -0.0753   0.3414   1.0000  78.8674 300.0000
  13.000   1.5988   0.03453   0.00717  -0.0753   0.3414   1.0000  78.8674 300.0000
  13.000   1.5988   0.03453   0.00717  -0.0753   0.3414   1.0000  78.8674 300.0000
  14.000   1.6462   0.03876   0.00857  -0.0710   0.3262   1.0000  80.2902 300.0000
  14.000   1.6462   0.03876   0.00857  -0.0710   0.3262   1.0000  80.2902 300.0000
  14.000   1.6462   0.03876   0.00857  -0.0710   0.3262   1.0000  80.2902 300.0000
  14.000   1.6462   0.03876   0.00857  -0.0710   0.3262   1.0000  80.2902 300.0000
  14.000   1.6462   0.03876   0.00857  -0.0710   0.3262   1.0000  80.2902 300.0000
  15.000   1.6835   0.04386   0.01040  -0.0667   0.3093   1.0000  81.8922 300.0000
  15.000   1.6835   0.04386   0.01040  -0.0667   0.3093   1.0000  81.8923 300.0000
  15.000   1.6835   0.04386   0.01040  -0.0667   0.3093   1.0000  81.8924 300.0000
  15.000   1.6835   0.04386   0.01040  -0.0667   0.3093   1.0000  81.8924 300.0000
  15.000   1.6835   0.04386   0.01040  -0.0667   0.3093   1.0000  81.8924 300.0000
  16.000   1.6952   0.05149   0.01411  -0.0618   0.2893   1.0000  83.8341 300.0000
  16.000   1.6952   0.05149   0.01411  -0.0618   0.2893   1.0000  83.8341 300.0000
  16.000   1.6952   0.05149   0.01411  -0.0618   0.2893   1.0000  83.8341 300.0000
  16.000   1.6952   0.05149   0.01411  -0.0618   0.2893   1.0000  83.8341 300.0000
  16.000   1.6952   0.05149   0.01411  -0.0618   0.2893   1.0000  83.8341 300.0000
  17.000   1.6856   0.06205   0.02023  -0.0576   0.2638   1.0000  86.4034 300.0000
  17.000   1.6856   0.06205   0.02023  -0.0576   0.2638   1.0000  86.4033 300.0000
  17.000   1.6856   0.06205   0.02023  -0.0576   0.2638   1.0000  86.4033 300.0000
  17.000   1.6856   0.06205   0.02023  -0.0576   0.2638   1.0000  86.4033 300.0000
  17.000   1.6856   0.06205   0.02023  -0.0576   0.2638   1.0000  86.4033 300.0000
  18.000   1.6678   0.07450   0.02820  -0.0548   0.2339   1.0000  89.6105 300.0000
  18.000   1.6678   0.07451   0.02820  -0.0548   0.2339   1.0000  89.6107 300.0000
  18.000   1.6678   0.07451   0.02820  -0.0548   0.2339   1.0000  89.6107 300.0000
  18.000   1.6678   0.07451   0.02820  -0.0548   0.2339   1.0000  89.6107 300.0000
  18.000   1.6678   0.07451   0.02820  -0.0548   0.2339   1.0000  89.6107 300.0000
  19.000   1.6566   0.08668   0.03643  -0.0532   0.2088   1.0000  92.4811 300.0000
  19.000   1.6566   0.08668   0.03643  -0.0532   0.2088   1.0000  92.4812 300.0000
  19.000   1.6566   0.08668   0.03643  -0.0532   0.2088   1.0000  92.4813 300.0000
  19.000   1.6566   0.08668   0.03643  -0.0532   0.2088   1.0000  92.4813 300.0000
  19.000   1.6566   0.08668   0.03643  -0.0532   0.2088   1.0000  92.4813 300.0000
