  
       XFOIL         Version 6.99
  
 Calculated polar for: GOE 798 AIRFOIL                                 
  
 1 1 Reynolds number fixed          Mach number fixed         
  
 xtrf =   1.000 (top)        1.000 (bottom)  
 Mach =   0.000     Re =     0.350 e 6     Ncrit =   9.000  9.000
  
   alpha    CL        CD       CDp       CM     Top_Xtr  Bot_Xtr  Top_Itr  Bot_Itr
  ------ -------- --------- --------- -------- -------- -------- -------- --------
   0.000   0.6474   0.01417   0.00374  -0.1386   0.6516   0.1716  50.6265 217.3439
   0.000   0.6474   0.01417   0.00374  -0.1386   0.6516   0.1716  50.6265 217.3438
   0.000   0.6474   0.01417   0.00374  -0.1386   0.6516   0.1716  50.6265 217.3438
   0.000   0.6474   0.01417   0.00374  -0.1386   0.6516   0.1716  50.6265 217.3438
   0.000   0.6474   0.01417   0.00374  -0.1386   0.6516   0.1716  50.6265 217.3438
   1.000   0.7549   0.01367   0.00342  -0.1382   0.6372   0.2586  51.8646 225.2032
   1.000   0.7549   0.01367   0.00342  -0.1382   0.6372   0.2586  51.8646 225.2030
   1.000   0.7549   0.01367   0.00342  -0.1382   0.6372   0.2586  51.8646 225.2030
   1.000   0.7549   0.01367   0.00342  -0.1382   0.6372   0.2586  51.8646 225.2030
   1.000   0.7549   0.01367   0.00342  -0.1382   0.6372   0.2586  51.8646 225.2030
   2.000   0.8572   0.01215   0.00369  -0.1361   0.6215   0.9329  53.2273 279.9275
   2.000   0.8572   0.01215   0.00369  -0.1361   0.6215   0.9329  53.2273 279.9275
   2.000   0.8572   0.01215   0.00369  -0.1361   0.6215   0.9329  53.2273 279.9275
   2.000   0.8572   0.01215   0.00369  -0.1361   0.6215   0.9329  53.2273 279.9275
   2.000   0.8572   0.01215   0.00369  -0.1361   0.6215   0.9329  53.2273 279.9275
   3.000   1.0349   0.01261   0.00368  -0.1505   0.6018   1.0000  54.9563 300.0000
   3.000   1.0349   0.01261   0.00368  -0.1505   0.6018   1.0000  54.9563 300.0000
   3.000   1.0349   0.01261   0.00368  -0.1505   0.6018   1.0000  54.9563 300.0000
   3.000   1.0349   0.01261   0.00368  -0.1505   0.6018   1.0000  54.9563 300.0000
   3.000   1.0349   0.01261   0.00368  -0.1505   0.6018   1.0000  54.9563 300.0000
   4.000   1.1037   0.01291   0.00324  -0.1423   0.5796   1.0000  56.9275 300.0000
   4.000   1.1037   0.01291   0.00324  -0.1423   0.5796   1.0000  56.9275 300.0000
   4.000   1.1037   0.01291   0.00324  -0.1423   0.5796   1.0000  56.9275 300.0000
   4.000   1.1037   0.01291   0.00324  -0.1423   0.5796   1.0000  56.9275 300.0000
   4.000   1.1037   0.01291   0.00324  -0.1423   0.5796   1.0000  56.9275 300.0000
   5.000   1.1538   0.01336   0.00274  -0.1303   0.5509   1.0000  59.5159 300.0000
   5.000   1.1538   0.01336   0.00274  -0.1303   0.5509   1.0000  59.5159 300.0000
   5.000   1.1538   0.01336   0.00274  -0.1303   0.5509   1.0000  59.5159 300.0000
   5.000   1.1538   0.01336   0.00274  -0.1303   0.5509   1.0000  59.5159 300.0000
   5.000   1.1538   0.01336   0.00274  -0.1303   0.5509   1.0000  59.5159 300.0000
   6.000   1.1919   0.01431   0.00231  -0.1166   0.5132   1.0000  62.9699 300.0000
   6.000   1.1919   0.01431   0.00231  -0.1166   0.5132   1.0000  62.9700 300.0000
   6.000   1.1919   0.01431   0.00231  -0.1166   0.5132   1.0000  62.9700 300.0000
   6.000   1.1919   0.01431   0.00231  -0.1166   0.5132   1.0000  62.9700 300.0000
   6.000   1.1919   0.01431   0.00231  -0.1166   0.5132   1.0000  62.9700 300.0000
   7.000   1.2276   0.01653   0.00254  -0.1045   0.4581   1.0000  68.0617 300.0000
   7.000   1.2276   0.01653   0.00254  -0.1045   0.4581   1.0000  68.0617 300.0000
   7.000   1.2276   0.01653   0.00254  -0.1045   0.4581   1.0000  68.0617 300.0000
   7.000   1.2276   0.01653   0.00254  -0.1045   0.4581   1.0000  68.0617 300.0000
   7.000   1.2276   0.01653   0.00254  -0.1045   0.4581   1.0000  68.0617 300.0000
   8.000   1.2703   0.01959   0.00340  -0.0953   0.4145   1.0000  72.0976 300.0000
   8.000   1.2703   0.01959   0.00340  -0.0953   0.4145   1.0000  72.0976 300.0000
   8.000   1.2703   0.01959   0.00340  -0.0953   0.4145   1.0000  72.0976 300.0000
   8.000   1.2703   0.01959   0.00340  -0.0953   0.4145   1.0000  72.0976 300.0000
   8.000   1.2703   0.01959   0.00340  -0.0953   0.4145   1.0000  72.0976 300.0000
   9.000   1.3270   0.02257   0.00436  -0.0893   0.3883   1.0000  74.5212 300.0000
   9.000   1.3270   0.02257   0.00436  -0.0893   0.3883   1.0000  74.5211 300.0000
   9.000   1.3270   0.02257   0.00436  -0.0893   0.3883   1.0000  74.5211 300.0000
   9.000   1.3270   0.02257   0.00436  -0.0893   0.3883   1.0000  74.5211 300.0000
   9.000   1.3270   0.02257   0.00436  -0.0893   0.3883   1.0000  74.5211 300.0000
  10.000   1.3910   0.02542   0.00518  -0.0848   0.3705   1.0000  76.1650 300.0000
  10.000   1.3911   0.02542   0.00518  -0.0848   0.3705   1.0000  76.1650 300.0000
  10.000   1.3911   0.02542   0.00518  -0.0848   0.3705   1.0000  76.1650 300.0000
  10.000   1.3911   0.02542   0.00518  -0.0848   0.3705   1.0000  76.1650 300.0000
  10.000   1.3911   0.02542   0.00518  -0.0848   0.3705   1.0000  76.1650 300.0000
  11.000   1.4544   0.02846   0.00612  -0.0808   0.3547   1.0000  77.6270 300.0000
  11.000   1.4544   0.02846   0.00612  -0.0808   0.3547   1.0000  77.6271 300.0000
  11.000   1.4544   0.02846   0.00612  -0.0808   0.3547   1.0000  77.6271 300.0000
  11.000   1.4544   0.02846   0.00612  -0.0808   0.3547   1.0000  77.6271 300.0000
  11.000   1.4544   0.02846   0.00612  -0.0808   0.3547   1.0000  77.6271 300.0000
  12.000   1.5205   0.03145   0.00688  -0.0776   0.3415   1.0000  78.8641 300.0000
  12.000   1.5205   0.03145   0.00688  -0.0776   0.3415   1.0000  78.8640 300.0000
  12.000   1.5205   0.03145   0.00688  -0.0776   0.3415   1.0000  78.8640 300.0000
  12.000   1.5205   0.03145   0.00688  -0.0776   0.3415   1.0000  78.8640 300.0000
  12.000   1.5205   0.03145   0.00688  -0.0776   0.3415   1.0000  78.8640 300.0000
  13.000   1.5830   0.03477   0.00775  -0.0744   0.3284   1.0000  80.0821 300.0000
  13.000   1.5830   0.03477   0.00775  -0.0744   0.3284   1.0000  80.0820 300.0000
  13.000   1.5830   0.03477   0.00775  -0.0744   0.3284   1.0000  80.0820 300.0000
  13.000   1.5830   0.03477   0.00775  -0.0744   0.3284   1.0000  80.0820 300.0000
  13.000   1.5830   0.03477   0.00775  -0.0744   0.3284   1.0000  80.0820 300.0000
  14.000   1.6295   0.03938   0.00951  -0.0706   0.3142   1.0000  81.4315 300.0000
  14.000   1.6295   0.03938   0.00951  -0.0706   0.3142   1.0000  81.4315 300.0000
  14.000   1.6295   0.03938   0.00951  -0.0706   0.3142   1.0000  81.4315 300.0000
  14.000   1.6295   0.03938   0.00951  -0.0706   0.3142   1.0000  81.4315 300.0000
  14.000   1.6295   0.03938   0.00951  -0.0706   0.3142   1.0000  81.4315 300.0000
  15.000   1.6702   0.04462   0.01148  -0.0670   0.2985   1.0000  82.9365 300.0000
  15.000   1.6702   0.04462   0.01148  -0.0670   0.2985   1.0000  82.9366 300.0000
  15.000   1.6702   0.04462   0.01148  -0.0670   0.2985   1.0000  82.9366 300.0000
  15.000   1.6702   0.04462   0.01148  -0.0670   0.2985   1.0000  82.9366 300.0000
  15.000   1.6702   0.04462   0.01148  -0.0670   0.2985   1.0000  82.9366 300.0000
  16.000   1.6872   0.05243   0.01542  -0.0631   0.2790   1.0000  84.8580 300.0000
  16.000   1.6872   0.05242   0.01542  -0.0631   0.2790   1.0000  84.8579 300.0000
  16.000   1.6872   0.05242   0.01542  -0.0631   0.2790   1.0000  84.8578 300.0000
  16.000   1.6872   0.05242   0.01542  -0.0631   0.2790   1.0000  84.8578 300.0000
  16.000   1.6872   0.05242   0.01542  -0.0631   0.2790   1.0000  84.8578 300.0000
  17.000   1.6857   0.06278   0.02141  -0.0596   0.2522   1.0000  87.6229 300.0000
  17.000   1.6857   0.06278   0.02141  -0.0596   0.2522   1.0000  87.6231 300.0000
  17.000   1.6857   0.06278   0.02141  -0.0596   0.2522   1.0000  87.6232 300.0000
  17.000   1.6857   0.06278   0.02141  -0.0596   0.2522   1.0000  87.6232 300.0000
  17.000   1.6857   0.06278   0.02141  -0.0596   0.2522   1.0000  87.6232 300.0000
  18.000   1.6681   0.07543   0.02947  -0.0568   0.2188   1.0000  91.3105 300.0000
  18.000   1.6682   0.07543   0.02947  -0.0568   0.2188   1.0000  91.3112 300.0000
  18.000   1.6682   0.07543   0.02947  -0.0568   0.2188   1.0000  91.3114 300.0000
  18.000   1.6682   0.07543   0.02947  -0.0568   0.2188   1.0000  91.3114 300.0000
  18.000   1.6682   0.07543   0.02947  -0.0568   0.2188   1.0000  91.3114 300.0000
  19.000   1.6522   0.08813   0.03819  -0.0550   0.1934   1.0000  94.3109 300.0000
  19.000   1.6522   0.08813   0.03819  -0.0550   0.1934   1.0000  94.3114 300.0000
  19.000   1.6522   0.08813   0.03819  -0.0550   0.1934   1.0000  94.3115 300.0000
  19.000   1.6522   0.08813   0.03819  -0.0550   0.1934   1.0000  94.3115 300.0000
  19.000   1.6522   0.08813   0.03819  -0.0550   0.1934   1.0000  94.3115 300.0000
