  
       XFOIL         Version 6.99
  
 Calculated polar for: GOE 798 AIRFOIL                                 
  
 1 1 Reynolds number fixed          Mach number fixed         
  
 xtrf =   1.000 (top)        1.000 (bottom)  
 Mach =   0.000     Re =     0.375 e 6     Ncrit =   9.000  9.000
  
   alpha    CL        CD       CDp       CM     Top_Xtr  Bot_Xtr  Top_Itr  Bot_Itr
  ------ -------- --------- --------- -------- -------- -------- -------- --------
   0.000   0.6497   0.01375   0.00340  -0.1388   0.6482   0.1676  50.9140 216.9141
   0.000   0.6497   0.01375   0.00340  -0.1388   0.6482   0.1676  50.9140 216.9138
   0.000   0.6497   0.01375   0.00340  -0.1388   0.6482   0.1676  50.9140 216.9138
   0.000   0.6497   0.01375   0.00340  -0.1388   0.6482   0.1676  50.9140 216.9138
   0.000   0.6497   0.01375   0.00340  -0.1388   0.6482   0.1676  50.9140 216.9138
   1.000   0.7552   0.01332   0.00315  -0.1380   0.6335   0.2406  52.1815 223.7479
   1.000   0.7552   0.01332   0.00315  -0.1380   0.6335   0.2406  52.1815 223.7477
   1.000   0.7552   0.01332   0.00315  -0.1380   0.6335   0.2406  52.1815 223.7477
   1.000   0.7552   0.01332   0.00315  -0.1380   0.6335   0.2406  52.1815 223.7477
   1.000   0.7552   0.01332   0.00315  -0.1380   0.6335   0.2406  52.1815 223.7477
   2.000   0.8419   0.01167   0.00329  -0.1330   0.6175   0.8776  53.5686 272.1071
   2.000   0.8419   0.01167   0.00329  -0.1330   0.6175   0.8776  53.5686 272.1063
   2.000   0.8419   0.01167   0.00329  -0.1330   0.6175   0.8776  53.5686 272.1063
   2.000   0.8419   0.01167   0.00329  -0.1330   0.6175   0.8776  53.5686 272.1063
   2.000   0.8419   0.01167   0.00329  -0.1330   0.6175   0.8776  53.5686 272.1063
   3.000   1.0332   0.01222   0.00349  -0.1501   0.5976   1.0000  55.3206 300.0000
   3.000   1.0332   0.01222   0.00349  -0.1501   0.5976   1.0000  55.3206 300.0000
   3.000   1.0332   0.01222   0.00349  -0.1501   0.5976   1.0000  55.3206 300.0000
   3.000   1.0332   0.01222   0.00349  -0.1501   0.5976   1.0000  55.3206 300.0000
   3.000   1.0332   0.01222   0.00349  -0.1501   0.5976   1.0000  55.3206 300.0000
   4.000   1.1017   0.01253   0.00305  -0.1418   0.5755   1.0000  57.2986 300.0000
   4.000   1.1017   0.01253   0.00305  -0.1418   0.5755   1.0000  57.2984 300.0000
   4.000   1.1017   0.01253   0.00305  -0.1418   0.5755   1.0000  57.2983 300.0000
   4.000   1.1017   0.01253   0.00305  -0.1418   0.5755   1.0000  57.2983 300.0000
   4.000   1.1017   0.01253   0.00305  -0.1418   0.5755   1.0000  57.2983 300.0000
   5.000   1.1512   0.01298   0.00251  -0.1296   0.5470   1.0000  59.8709 300.0000
   5.000   1.1512   0.01298   0.00251  -0.1296   0.5470   1.0000  59.8709 300.0000
   5.000   1.1512   0.01298   0.00251  -0.1296   0.5470   1.0000  59.8709 300.0000
   5.000   1.1512   0.01298   0.00251  -0.1296   0.5470   1.0000  59.8709 300.0000
   5.000   1.1512   0.01298   0.00251  -0.1296   0.5470   1.0000  59.8709 300.0000
   6.000   1.1899   0.01400   0.00218  -0.1161   0.5075   1.0000  63.4975 300.0000
   6.000   1.1899   0.01400   0.00218  -0.1161   0.5075   1.0000  63.4976 300.0000
   6.000   1.1899   0.01400   0.00218  -0.1161   0.5075   1.0000  63.4976 300.0000
   6.000   1.1899   0.01400   0.00218  -0.1161   0.5075   1.0000  63.4976 300.0000
   6.000   1.1899   0.01400   0.00218  -0.1161   0.5075   1.0000  63.4976 300.0000
   7.000   1.2258   0.01634   0.00248  -0.1042   0.4505   1.0000  68.7623 300.0000
   7.000   1.2258   0.01634   0.00248  -0.1042   0.4505   1.0000  68.7623 300.0000
   7.000   1.2258   0.01634   0.00248  -0.1042   0.4505   1.0000  68.7623 300.0000
   7.000   1.2258   0.01634   0.00248  -0.1042   0.4505   1.0000  68.7623 300.0000
   7.000   1.2258   0.01634   0.00248  -0.1042   0.4505   1.0000  68.7623 300.0000
   8.000   1.2692   0.01945   0.00341  -0.0952   0.4080   1.0000  72.6947 300.0000
   8.000   1.2692   0.01945   0.00341  -0.0952   0.4080   1.0000  72.6946 300.0000
   8.000   1.2692   0.01945   0.00341  -0.0952   0.4080   1.0000  72.6946 300.0000
   8.000   1.2692   0.01945   0.00341  -0.0952   0.4080   1.0000  72.6946 300.0000
   8.000   1.2692   0.01945   0.00341  -0.0952   0.4080   1.0000  72.6946 300.0000
  10.000   1.3884   0.02541   0.00533  -0.0846   0.3656   1.0000  76.6190 300.0000
  10.000   1.3884   0.02541   0.00533  -0.0846   0.3656   1.0000  76.6190 300.0000
  10.000   1.3884   0.02541   0.00533  -0.0846   0.3656   1.0000  76.6190 300.0000
  10.000   1.3884   0.02541   0.00533  -0.0846   0.3656   1.0000  76.6190 300.0000
  10.000   1.3884   0.02541   0.00533  -0.0846   0.3656   1.0000  76.6190 300.0000
  12.000   1.5175   0.03154   0.00709  -0.0775   0.3377   1.0000  79.2128 300.0000
  12.000   1.5175   0.03154   0.00709  -0.0775   0.3377   1.0000  79.2128 300.0000
  12.000   1.5175   0.03154   0.00709  -0.0775   0.3377   1.0000  79.2128 300.0000
  12.000   1.5175   0.03154   0.00709  -0.0775   0.3377   1.0000  79.2128 300.0000
  12.000   1.5175   0.03154   0.00709  -0.0775   0.3377   1.0000  79.2128 300.0000
  13.000   1.5758   0.03521   0.00828  -0.0742   0.3247   1.0000  80.4324 300.0000
  13.000   1.5758   0.03521   0.00828  -0.0742   0.3247   1.0000  80.4325 300.0000
  13.000   1.5758   0.03521   0.00828  -0.0742   0.3247   1.0000  80.4325 300.0000
  13.000   1.5758   0.03521   0.00828  -0.0742   0.3247   1.0000  80.4325 300.0000
  13.000   1.5758   0.03521   0.00828  -0.0742   0.3247   1.0000  80.4325 300.0000
  14.000   1.6264   0.03958   0.00980  -0.0707   0.3109   1.0000  81.7410 300.0000
  14.000   1.6264   0.03958   0.00980  -0.0707   0.3109   1.0000  81.7410 300.0000
  14.000   1.6264   0.03958   0.00980  -0.0707   0.3109   1.0000  81.7410 300.0000
  14.000   1.6264   0.03958   0.00980  -0.0707   0.3109   1.0000  81.7410 300.0000
  14.000   1.6264   0.03958   0.00980  -0.0707   0.3109   1.0000  81.7410 300.0000
  15.000   1.6655   0.04509   0.01204  -0.0672   0.2954   1.0000  83.2355 300.0000
  15.000   1.6655   0.04509   0.01204  -0.0672   0.2954   1.0000  83.2355 300.0000
  15.000   1.6655   0.04509   0.01204  -0.0672   0.2954   1.0000  83.2355 300.0000
  15.000   1.6655   0.04509   0.01204  -0.0672   0.2954   1.0000  83.2355 300.0000
  15.000   1.6655   0.04509   0.01204  -0.0672   0.2954   1.0000  83.2355 300.0000
  16.000   1.6867   0.05262   0.01573  -0.0636   0.2762   1.0000  85.1423 300.0000
  16.000   1.6867   0.05262   0.01573  -0.0635   0.2762   1.0000  85.1421 300.0000
  16.000   1.6867   0.05262   0.01573  -0.0635   0.2762   1.0000  85.1421 300.0000
  16.000   1.6867   0.05262   0.01573  -0.0635   0.2762   1.0000  85.1421 300.0000
  16.000   1.6867   0.05262   0.01573  -0.0635   0.2762   1.0000  85.1421 300.0000
  17.000   1.6867   0.06290   0.02162  -0.0602   0.2490   1.0000  87.9590 300.0000
  17.000   1.6867   0.06290   0.02162  -0.0602   0.2490   1.0000  87.9591 300.0000
  17.000   1.6867   0.06290   0.02162  -0.0602   0.2490   1.0000  87.9592 300.0000
  17.000   1.6867   0.06290   0.02162  -0.0602   0.2490   1.0000  87.9592 300.0000
  17.000   1.6867   0.06290   0.02162  -0.0602   0.2490   1.0000  87.9592 300.0000
  18.000   1.6680   0.07570   0.02983  -0.0573   0.2140   1.0000  91.8734 300.0000
  18.000   1.6680   0.07570   0.02983  -0.0573   0.2140   1.0000  91.8738 300.0000
  18.000   1.6680   0.07570   0.02983  -0.0573   0.2139   1.0000  91.8739 300.0000
  18.000   1.6680   0.07570   0.02983  -0.0573   0.2139   1.0000  91.8739 300.0000
  18.000   1.6680   0.07570   0.02983  -0.0573   0.2139   1.0000  91.8739 300.0000
  19.000   1.6504   0.08856   0.03871  -0.0555   0.1891   1.0000  94.8361 300.0000
  19.000   1.6504   0.08856   0.03871  -0.0555   0.1891   1.0000  94.8362 300.0000
  19.000   1.6504   0.08856   0.03871  -0.0555   0.1891   1.0000  94.8363 300.0000
  19.000   1.6504   0.08856   0.03871  -0.0555   0.1891   1.0000  94.8363 300.0000
  19.000   1.6504   0.08856   0.03871  -0.0555   0.1891   1.0000  94.8363 300.0000
