  
       XFOIL         Version 6.99
  
 Calculated polar for: GOE 798 AIRFOIL                                 
  
 1 1 Reynolds number fixed          Mach number fixed         
  
 xtrf =   1.000 (top)        1.000 (bottom)  
 Mach =   0.000     Re =     0.475 e 6     Ncrit =   9.000  9.000
  
   alpha    CL        CD       CDp       CM     Top_Xtr  Bot_Xtr  Top_Itr  Bot_Itr
  ------ -------- --------- --------- -------- -------- -------- -------- --------
   0.000   0.6490   0.01250   0.00261  -0.1381   0.6357   0.1543  51.9937 215.3972
   0.000   0.6490   0.01250   0.00261  -0.1381   0.6357   0.1543  51.9937 215.3972
   0.000   0.6490   0.01250   0.00261  -0.1381   0.6357   0.1543  51.9937 215.3972
   0.000   0.6490   0.01250   0.00261  -0.1381   0.6357   0.1543  51.9937 215.3972
   0.000   0.6490   0.01250   0.00261  -0.1381   0.6357   0.1543  51.9937 215.3972
   1.000   0.7549   0.01222   0.00237  -0.1373   0.6211   0.1925  53.2587 219.4750
   1.000   0.7549   0.01222   0.00237  -0.1373   0.6211   0.1925  53.2587 219.4750
   1.000   0.7549   0.01222   0.00237  -0.1373   0.6211   0.1925  53.2587 219.4750
   1.000   0.7549   0.01222   0.00237  -0.1373   0.6211   0.1925  53.2587 219.4750
   1.000   0.7549   0.01222   0.00237  -0.1373   0.6211   0.1925  53.2587 219.4750
   2.000   0.8493   0.01098   0.00228  -0.1348   0.6049   0.6396  54.6818 252.9274
   2.000   0.8493   0.01098   0.00228  -0.1348   0.6049   0.6396  54.6818 252.9270
   2.000   0.8493   0.01098   0.00228  -0.1348   0.6049   0.6396  54.6818 252.9270
   2.000   0.8493   0.01098   0.00228  -0.1348   0.6049   0.6396  54.6818 252.9270
   2.000   0.8493   0.01098   0.00228  -0.1348   0.6049   0.6396  54.6818 252.9270
   3.000   1.0077   0.01099   0.00276  -0.1443   0.5854   0.9951  56.4070 297.6368
   3.000   1.0077   0.01099   0.00276  -0.1443   0.5854   0.9951  56.4069 297.6471
   3.000   1.0077   0.01099   0.00276  -0.1443   0.5854   0.9951  56.4069 297.6471
   3.000   1.0077   0.01099   0.00276  -0.1443   0.5854   0.9951  56.4069 297.6471
   3.000   1.0077   0.01099   0.00276  -0.1443   0.5854   0.9951  56.4069 297.6471
   4.000   1.0983   0.01137   0.00245  -0.1407   0.5616   1.0000  58.5440 300.0000
   4.000   1.0983   0.01137   0.00245  -0.1407   0.5616   1.0000  58.5440 300.0000
   4.000   1.0983   0.01137   0.00245  -0.1407   0.5616   1.0000  58.5440 300.0000
   4.000   1.0983   0.01137   0.00245  -0.1407   0.5616   1.0000  58.5440 300.0000
   4.000   1.0983   0.01137   0.00245  -0.1407   0.5616   1.0000  58.5440 300.0000
   5.000   1.1392   0.01189   0.00195  -0.1268   0.5322   1.0000  61.2184 300.0000
   5.000   1.1392   0.01189   0.00195  -0.1268   0.5322   1.0000  61.2184 300.0000
   5.000   1.1392   0.01189   0.00195  -0.1268   0.5322   1.0000  61.2184 300.0000
   5.000   1.1392   0.01189   0.00195  -0.1268   0.5322   1.0000  61.2184 300.0000
   5.000   1.1392   0.01189   0.00195  -0.1268   0.5322   1.0000  61.2184 300.0000
   6.000   1.1846   0.01317   0.00180  -0.1150   0.4861   1.0000  65.4687 300.0000
   6.000   1.1846   0.01317   0.00180  -0.1150   0.4861   1.0000  65.4689 300.0000
   6.000   1.1846   0.01317   0.00180  -0.1150   0.4861   1.0000  65.4689 300.0000
   6.000   1.1846   0.01317   0.00180  -0.1150   0.4861   1.0000  65.4689 300.0000
   6.000   1.1846   0.01317   0.00180  -0.1150   0.4861   1.0000  65.4689 300.0000
   7.000   1.2209   0.01587   0.00240  -0.1034   0.4255   1.0000  71.0804 300.0000
   7.000   1.2209   0.01587   0.00240  -0.1034   0.4255   1.0000  71.0805 300.0000
   7.000   1.2209   0.01587   0.00240  -0.1034   0.4255   1.0000  71.0805 300.0000
   7.000   1.2209   0.01587   0.00240  -0.1034   0.4255   1.0000  71.0805 300.0000
   7.000   1.2209   0.01587   0.00240  -0.1034   0.4255   1.0000  71.0805 300.0000
   8.000   1.2691   0.01896   0.00343  -0.0954   0.3880   1.0000  74.5466 300.0000
   8.000   1.2691   0.01896   0.00343  -0.0954   0.3880   1.0000  74.5466 300.0000
   8.000   1.2691   0.01896   0.00343  -0.0954   0.3880   1.0000  74.5466 300.0000
   8.000   1.2691   0.01896   0.00343  -0.0954   0.3880   1.0000  74.5466 300.0000
   8.000   1.2691   0.01896   0.00343  -0.0954   0.3880   1.0000  74.5466 300.0000
   9.000   1.3263   0.02203   0.00451  -0.0897   0.3662   1.0000  76.5676 300.0000
   9.000   1.3263   0.02203   0.00451  -0.0897   0.3662   1.0000  76.5676 300.0000
   9.000   1.3263   0.02203   0.00451  -0.0897   0.3662   1.0000  76.5676 300.0000
   9.000   1.3263   0.02203   0.00451  -0.0897   0.3662   1.0000  76.5676 300.0000
   9.000   1.3263   0.02203   0.00451  -0.0897   0.3662   1.0000  76.5676 300.0000
  10.000   1.3870   0.02516   0.00556  -0.0850   0.3510   1.0000  77.9774 300.0000
  10.000   1.3870   0.02516   0.00556  -0.0850   0.3510   1.0000  77.9773 300.0000
  10.000   1.3870   0.02516   0.00556  -0.0850   0.3510   1.0000  77.9773 300.0000
  10.000   1.3870   0.02516   0.00556  -0.0850   0.3510   1.0000  77.9773 300.0000
  10.000   1.3870   0.02516   0.00556  -0.0850   0.3510   1.0000  77.9773 300.0000
  11.000   1.4503   0.02836   0.00665  -0.0813   0.3374   1.0000  79.2413 300.0000
  11.000   1.4503   0.02836   0.00665  -0.0813   0.3374   1.0000  79.2414 300.0000
  11.000   1.4503   0.02836   0.00665  -0.0813   0.3374   1.0000  79.2414 300.0000
  11.000   1.4503   0.02836   0.00665  -0.0813   0.3374   1.0000  79.2414 300.0000
  11.000   1.4503   0.02836   0.00665  -0.0813   0.3374   1.0000  79.2414 300.0000
  12.000   1.5125   0.03179   0.00779  -0.0780   0.3254   1.0000  80.3709 300.0000
  12.000   1.5125   0.03178   0.00779  -0.0780   0.3254   1.0000  80.3708 300.0000
  12.000   1.5125   0.03178   0.00779  -0.0780   0.3254   1.0000  80.3708 300.0000
  12.000   1.5125   0.03178   0.00779  -0.0780   0.3254   1.0000  80.3708 300.0000
  12.000   1.5125   0.03178   0.00779  -0.0780   0.3254   1.0000  80.3708 300.0000
  13.000   1.5707   0.03563   0.00910  -0.0749   0.3134   1.0000  81.5065 300.0000
  13.000   1.5707   0.03563   0.00910  -0.0749   0.3134   1.0000  81.5066 300.0000
  13.000   1.5707   0.03563   0.00910  -0.0749   0.3134   1.0000  81.5066 300.0000
  13.000   1.5707   0.03563   0.00910  -0.0749   0.3134   1.0000  81.5066 300.0000
  13.000   1.5707   0.03563   0.00910  -0.0749   0.3134   1.0000  81.5066 300.0000
  14.000   1.6217   0.04018   0.01078  -0.0717   0.3004   1.0000  82.7514 300.0000
  14.000   1.6217   0.04018   0.01078  -0.0717   0.3004   1.0000  82.7513 300.0000
  14.000   1.6217   0.04018   0.01078  -0.0717   0.3004   1.0000  82.7513 300.0000
  14.000   1.6217   0.04018   0.01078  -0.0717   0.3004   1.0000  82.7513 300.0000
  14.000   1.6217   0.04018   0.01078  -0.0717   0.3004   1.0000  82.7513 300.0000
  15.000   1.6626   0.04580   0.01313  -0.0686   0.2854   1.0000  84.2176 300.0000
  15.000   1.6627   0.04580   0.01313  -0.0686   0.2854   1.0000  84.2179 300.0000
  15.000   1.6627   0.04580   0.01313  -0.0686   0.2854   1.0000  84.2179 300.0000
  15.000   1.6627   0.04580   0.01313  -0.0686   0.2854   1.0000  84.2179 300.0000
  15.000   1.6627   0.04580   0.01313  -0.0686   0.2854   1.0000  84.2179 300.0000
  16.000   1.6889   0.05315   0.01672  -0.0654   0.2657   1.0000  86.2129 300.0000
  16.000   1.6889   0.05316   0.01672  -0.0654   0.2657   1.0000  86.2132 300.0000
  16.000   1.6889   0.05316   0.01672  -0.0654   0.2657   1.0000  86.2133 300.0000
  16.000   1.6889   0.05316   0.01672  -0.0654   0.2657   1.0000  86.2133 300.0000
  16.000   1.6889   0.05316   0.01672  -0.0654   0.2657   1.0000  86.2133 300.0000
  17.000   1.6933   0.06312   0.02231  -0.0622   0.2340   1.0000  89.6025 300.0000
  17.000   1.6933   0.06312   0.02231  -0.0622   0.2340   1.0000  89.6030 300.0000
  17.000   1.6933   0.06312   0.02231  -0.0622   0.2340   1.0000  89.6031 300.0000
  17.000   1.6933   0.06312   0.02231  -0.0622   0.2340   1.0000  89.6032 300.0000
  17.000   1.6933   0.06312   0.02231  -0.0622   0.2340   1.0000  89.6032 300.0000
  18.000   1.6672   0.07651   0.03094  -0.0587   0.1961   1.0000  93.9827 300.0000
  18.000   1.6672   0.07652   0.03094  -0.0587   0.1961   1.0000  93.9832 300.0000
  18.000   1.6672   0.07652   0.03094  -0.0587   0.1961   1.0000  93.9832 300.0000
  18.000   1.6672   0.07652   0.03094  -0.0587   0.1961   1.0000  93.9832 300.0000
  18.000   1.6672   0.07652   0.03094  -0.0587   0.1961   1.0000  93.9832 300.0000
  19.000   1.6521   0.08907   0.03962  -0.0568   0.1758   1.0000  96.4870 300.0000
  19.000   1.6520   0.08906   0.03962  -0.0568   0.1758   1.0000  96.4865 300.0000
  19.000   1.6520   0.08906   0.03962  -0.0568   0.1758   1.0000  96.4864 300.0000
  19.000   1.6520   0.08906   0.03962  -0.0568   0.1758   1.0000  96.4864 300.0000
  19.000   1.6520   0.08906   0.03962  -0.0568   0.1758   1.0000  96.4864 300.0000
