  
       XFOIL         Version 6.99
  
 Calculated polar for: EPPLER 858 AIRFOIL                              
  
 1 1 Reynolds number fixed          Mach number fixed         
  
 xtrf =   1.000 (top)        1.000 (bottom)  
 Mach =   0.000     Re =     0.375 e 6     Ncrit =   9.000  9.000
  
   alpha    CL        CD       CDp       CM     Top_Xtr  Bot_Xtr  Top_Itr  Bot_Itr
  ------ -------- --------- --------- -------- -------- -------- -------- --------
   0.000   0.5717   0.01402   0.00268  -0.1129   0.4352   0.4782  68.5631 239.1776
   0.000   0.5717   0.01402   0.00268  -0.1129   0.4352   0.4782  68.5631 239.1776
   0.000   0.5717   0.01402   0.00268  -0.1129   0.4352   0.4782  68.5631 239.1776
   0.000   0.5717   0.01402   0.00268  -0.1129   0.4352   0.4782  68.5631 239.1776
   0.000   0.5717   0.01402   0.00268  -0.1129   0.4352   0.4782  68.5631 239.1776
   1.000   0.6773   0.01440   0.00270  -0.1118   0.4205   0.4937  69.8038 240.2814
   1.000   0.6773   0.01440   0.00270  -0.1118   0.4205   0.4937  69.8041 240.2822
   1.000   0.6773   0.01440   0.00270  -0.1118   0.4205   0.4937  69.8041 240.2822
   1.000   0.6773   0.01440   0.00270  -0.1118   0.4205   0.4937  69.8041 240.2822
   1.000   0.6773   0.01440   0.00270  -0.1118   0.4205   0.4937  69.8041 240.2822
   2.000   0.7822   0.01488   0.00276  -0.1108   0.4076   0.5103  70.9059 241.4685
   2.000   0.7822   0.01488   0.00276  -0.1108   0.4076   0.5104  70.9059 241.4688
   2.000   0.7822   0.01488   0.00276  -0.1108   0.4076   0.5104  70.9059 241.4688
   2.000   0.7822   0.01488   0.00276  -0.1108   0.4076   0.5104  70.9059 241.4688
   2.000   0.7822   0.01488   0.00276  -0.1108   0.4076   0.5104  70.9059 241.4688
   3.000   0.8852   0.01541   0.00287  -0.1095   0.3962   0.5292  71.8950 242.8036
   3.000   0.8852   0.01541   0.00287  -0.1095   0.3962   0.5292  71.8950 242.8037
   3.000   0.8852   0.01541   0.00287  -0.1095   0.3962   0.5292  71.8950 242.8037
   3.000   0.8852   0.01541   0.00287  -0.1095   0.3962   0.5292  71.8950 242.8037
   3.000   0.8852   0.01541   0.00287  -0.1095   0.3962   0.5292  71.8950 242.8037
   4.000   0.9856   0.01600   0.00305  -0.1080   0.3860   0.5501  72.7976 244.2925
   4.000   0.9856   0.01600   0.00305  -0.1080   0.3860   0.5501  72.7975 244.2931
   4.000   0.9856   0.01600   0.00305  -0.1080   0.3860   0.5501  72.7975 244.2932
   4.000   0.9856   0.01600   0.00305  -0.1080   0.3860   0.5501  72.7975 244.2932
   4.000   0.9856   0.01600   0.00305  -0.1080   0.3860   0.5501  72.7975 244.2932
   5.000   1.0853   0.01674   0.00331  -0.1065   0.3766   0.5763  73.6369 246.1605
   5.000   1.0853   0.01674   0.00331  -0.1065   0.3766   0.5763  73.6369 246.1603
   5.000   1.0853   0.01674   0.00331  -0.1065   0.3766   0.5763  73.6369 246.1603
   5.000   1.0853   0.01674   0.00331  -0.1065   0.3766   0.5763  73.6369 246.1603
   5.000   1.0853   0.01674   0.00331  -0.1065   0.3766   0.5763  73.6369 246.1603
   6.000   1.1836   0.01759   0.00362  -0.1050   0.3680   0.6107  74.4136 248.6405
   6.000   1.1836   0.01759   0.00362  -0.1050   0.3680   0.6107  74.4136 248.6419
   6.000   1.1836   0.01759   0.00362  -0.1050   0.3680   0.6107  74.4136 248.6419
   6.000   1.1836   0.01759   0.00362  -0.1050   0.3680   0.6107  74.4136 248.6419
   6.000   1.1836   0.01759   0.00362  -0.1050   0.3680   0.6107  74.4136 248.6419
   7.000   1.2820   0.01850   0.00392  -0.1037   0.3601   0.6640  75.1389 252.5512
   7.000   1.2820   0.01850   0.00392  -0.1037   0.3601   0.6641  75.1389 252.5554
   7.000   1.2820   0.01850   0.00392  -0.1037   0.3601   0.6641  75.1389 252.5555
   7.000   1.2820   0.01850   0.00392  -0.1037   0.3601   0.6641  75.1389 252.5555
   7.000   1.2820   0.01850   0.00392  -0.1037   0.3601   0.6641  75.1389 252.5555
   8.000   1.3687   0.01924   0.00427  -0.1003   0.3524   0.7908  75.8532 262.4425
   8.000   1.3687   0.01924   0.00427  -0.1003   0.3524   0.7908  75.8532 262.4461
   8.000   1.3687   0.01924   0.00427  -0.1003   0.3524   0.7908  75.8532 262.4463
   8.000   1.3687   0.01924   0.00427  -0.1003   0.3524   0.7908  75.8532 262.4463
   8.000   1.3687   0.01924   0.00427  -0.1003   0.3524   0.7908  75.8532 262.4463
   9.000   1.4521   0.02029   0.00462  -0.0967   0.3449   1.0000  76.5557 300.0000
   9.000   1.4521   0.02029   0.00462  -0.0967   0.3449   1.0000  76.5557 300.0000
   9.000   1.4521   0.02029   0.00462  -0.0967   0.3449   1.0000  76.5557 300.0000
   9.000   1.4521   0.02029   0.00462  -0.0967   0.3449   1.0000  76.5557 300.0000
   9.000   1.4521   0.02029   0.00462  -0.0967   0.3449   1.0000  76.5557 300.0000
  10.000   1.5406   0.02183   0.00493  -0.0947   0.3381   1.0000  77.2090 300.0000
  10.000   1.5406   0.02183   0.00493  -0.0947   0.3381   1.0000  77.2090 300.0000
  10.000   1.5406   0.02183   0.00493  -0.0947   0.3381   1.0000  77.2090 300.0000
  10.000   1.5406   0.02183   0.00493  -0.0947   0.3381   1.0000  77.2090 300.0000
  10.000   1.5406   0.02183   0.00493  -0.0947   0.3381   1.0000  77.2090 300.0000
  11.000   1.6222   0.02344   0.00519  -0.0919   0.3311   1.0000  77.8820 300.0000
  11.000   1.6222   0.02344   0.00519  -0.0919   0.3311   1.0000  77.8820 300.0000
  11.000   1.6222   0.02344   0.00519  -0.0919   0.3311   1.0000  77.8820 300.0000
  11.000   1.6222   0.02344   0.00519  -0.0919   0.3311   1.0000  77.8820 300.0000
  11.000   1.6222   0.02344   0.00519  -0.0919   0.3311   1.0000  77.8820 300.0000
  12.000   1.6811   0.02570   0.00582  -0.0862   0.3240   1.0000  78.5769 300.0000
  12.000   1.6811   0.02570   0.00582  -0.0862   0.3240   1.0000  78.5769 300.0000
  12.000   1.6811   0.02570   0.00582  -0.0862   0.3240   1.0000  78.5769 300.0000
  12.000   1.6811   0.02570   0.00582  -0.0862   0.3240   1.0000  78.5769 300.0000
  12.000   1.6811   0.02570   0.00582  -0.0862   0.3240   1.0000  78.5769 300.0000
  13.000   1.7487   0.02803   0.00627  -0.0826   0.3172   1.0000  79.2422 300.0000
  13.000   1.7487   0.02803   0.00627  -0.0826   0.3172   1.0000  79.2421 300.0000
  13.000   1.7487   0.02803   0.00627  -0.0826   0.3172   1.0000  79.2421 300.0000
  13.000   1.7487   0.02803   0.00627  -0.0826   0.3172   1.0000  79.2421 300.0000
  13.000   1.7487   0.02803   0.00627  -0.0826   0.3172   1.0000  79.2421 300.0000
  14.000   1.8169   0.03036   0.00650  -0.0795   0.3102   1.0000  79.9483 300.0000
  14.000   1.8169   0.03036   0.00650  -0.0795   0.3102   1.0000  79.9483 300.0000
  14.000   1.8169   0.03036   0.00650  -0.0795   0.3102   1.0000  79.9483 300.0000
  14.000   1.8169   0.03036   0.00650  -0.0795   0.3102   1.0000  79.9483 300.0000
  14.000   1.8169   0.03036   0.00650  -0.0795   0.3102   1.0000  79.9483 300.0000
  15.000   1.8346   0.03487   0.00797  -0.0723   0.3020   1.0000  80.7808 300.0000
  15.000   1.8346   0.03487   0.00797  -0.0723   0.3020   1.0000  80.7808 300.0000
  15.000   1.8346   0.03487   0.00797  -0.0723   0.3020   1.0000  80.7808 300.0000
  15.000   1.8346   0.03487   0.00797  -0.0723   0.3020   1.0000  80.7808 300.0000
  15.000   1.8346   0.03487   0.00797  -0.0723   0.3020   1.0000  80.7808 300.0000
  16.000   1.8487   0.04053   0.00996  -0.0670   0.2930   1.0000  81.7173 300.0000
  16.000   1.8487   0.04053   0.00996  -0.0670   0.2930   1.0000  81.7173 300.0000
  16.000   1.8487   0.04053   0.00996  -0.0670   0.2930   1.0000  81.7173 300.0000
  16.000   1.8487   0.04053   0.00996  -0.0670   0.2930   1.0000  81.7173 300.0000
  16.000   1.8487   0.04053   0.00996  -0.0670   0.2930   1.0000  81.7173 300.0000
  17.000   1.8543   0.04786   0.01301  -0.0634   0.2834   1.0000  82.7353 300.0000
  17.000   1.8543   0.04786   0.01301  -0.0634   0.2834   1.0000  82.7353 300.0000
  17.000   1.8543   0.04786   0.01301  -0.0634   0.2834   1.0000  82.7353 300.0000
  17.000   1.8543   0.04786   0.01301  -0.0634   0.2834   1.0000  82.7353 300.0000
  17.000   1.8543   0.04786   0.01301  -0.0634   0.2834   1.0000  82.7353 300.0000
  18.000   1.8553   0.05665   0.01706  -0.0615   0.2730   1.0000  83.8609 300.0000
  18.000   1.8553   0.05666   0.01706  -0.0615   0.2730   1.0000  83.8609 300.0000
  18.000   1.8554   0.05666   0.01706  -0.0615   0.2730   1.0000  83.8609 300.0000
  18.000   1.8554   0.05666   0.01706  -0.0615   0.2730   1.0000  83.8609 300.0000
  18.000   1.8554   0.05666   0.01706  -0.0615   0.2730   1.0000  83.8609 300.0000
  19.000   1.8081   0.07174   0.02629  -0.0614   0.2602   1.0000  85.2741 300.0000
  19.000   1.8080   0.07174   0.02629  -0.0614   0.2602   1.0000  85.2742 300.0000
  19.000   1.8080   0.07174   0.02629  -0.0614   0.2602   1.0000  85.2742 300.0000
  19.000   1.8080   0.07174   0.02629  -0.0614   0.2602   1.0000  85.2742 300.0000
  19.000   1.8080   0.07174   0.02629  -0.0614   0.2602   1.0000  85.2742 300.0000
