  
       XFOIL         Version 6.99
  
 Calculated polar for: EPPLER 858 AIRFOIL                              
  
 1 1 Reynolds number fixed          Mach number fixed         
  
 xtrf =   1.000 (top)        1.000 (bottom)  
 Mach =   0.000     Re =     0.500 e 6     Ncrit =   9.000  9.000
  
   alpha    CL        CD       CDp       CM     Top_Xtr  Bot_Xtr  Top_Itr  Bot_Itr
  ------ -------- --------- --------- -------- -------- -------- -------- --------
   0.000   0.5662   0.01252   0.00176  -0.1117   0.4205   0.4621  69.8043 238.0062
   0.000   0.5662   0.01252   0.00176  -0.1117   0.4205   0.4621  69.8047 238.0062
   0.000   0.5662   0.01252   0.00176  -0.1117   0.4205   0.4621  69.8047 238.0062
   0.000   0.5662   0.01252   0.00176  -0.1117   0.4205   0.4621  69.8047 238.0062
   0.000   0.5662   0.01252   0.00176  -0.1117   0.4205   0.4621  69.8047 238.0062
   1.000   0.6698   0.01290   0.00178  -0.1102   0.4065   0.4766  70.9972 239.0579
   1.000   0.6698   0.01290   0.00178  -0.1102   0.4065   0.4766  70.9972 239.0579
   1.000   0.6698   0.01290   0.00178  -0.1102   0.4065   0.4766  70.9972 239.0579
   1.000   0.6698   0.01290   0.00178  -0.1102   0.4065   0.4766  70.9972 239.0579
   1.000   0.6698   0.01290   0.00178  -0.1102   0.4065   0.4766  70.9972 239.0579
   2.000   0.7724   0.01331   0.00185  -0.1087   0.3943   0.4920  72.0656 240.1652
   2.000   0.7724   0.01331   0.00185  -0.1087   0.3943   0.4920  72.0654 240.1648
   2.000   0.7724   0.01331   0.00185  -0.1087   0.3943   0.4920  72.0654 240.1648
   2.000   0.7724   0.01331   0.00185  -0.1087   0.3943   0.4920  72.0654 240.1648
   2.000   0.7724   0.01331   0.00185  -0.1087   0.3943   0.4920  72.0654 240.1648
   3.000   0.8748   0.01385   0.00197  -0.1073   0.3833   0.5091  73.0345 241.3772
   3.000   0.8748   0.01385   0.00197  -0.1073   0.3833   0.5090  73.0344 241.3751
   3.000   0.8748   0.01385   0.00197  -0.1073   0.3833   0.5090  73.0344 241.3752
   3.000   0.8748   0.01385   0.00197  -0.1073   0.3833   0.5090  73.0344 241.3752
   3.000   0.8748   0.01385   0.00197  -0.1073   0.3833   0.5090  73.0344 241.3752
   4.000   0.9753   0.01445   0.00211  -0.1057   0.3736   0.5289  73.9087 242.7866
   4.000   0.9753   0.01445   0.00211  -0.1057   0.3736   0.5289  73.9087 242.7867
   4.000   0.9753   0.01445   0.00211  -0.1057   0.3736   0.5289  73.9087 242.7867
   4.000   0.9753   0.01445   0.00211  -0.1057   0.3736   0.5289  73.9087 242.7867
   4.000   0.9753   0.01445   0.00211  -0.1057   0.3736   0.5289  73.9087 242.7867
   5.000   1.0733   0.01510   0.00231  -0.1038   0.3647   0.5523  74.7175 244.4506
   5.000   1.0733   0.01510   0.00231  -0.1038   0.3647   0.5523  74.7175 244.4486
   5.000   1.0733   0.01510   0.00231  -0.1038   0.3647   0.5523  74.7175 244.4485
   5.000   1.0733   0.01510   0.00231  -0.1038   0.3647   0.5523  74.7175 244.4485
   5.000   1.0733   0.01510   0.00231  -0.1038   0.3647   0.5523  74.7175 244.4485
   6.000   1.1693   0.01589   0.00254  -0.1018   0.3565   0.5832  75.4723 246.6586
   6.000   1.1693   0.01589   0.00254  -0.1018   0.3565   0.5832  75.4723 246.6587
   6.000   1.1693   0.01589   0.00254  -0.1018   0.3565   0.5832  75.4723 246.6587
   6.000   1.1693   0.01589   0.00254  -0.1018   0.3565   0.5832  75.4723 246.6587
   6.000   1.1693   0.01589   0.00254  -0.1018   0.3565   0.5832  75.4723 246.6587
   7.000   1.2634   0.01677   0.00277  -0.0998   0.3490   0.6290  76.1750 249.9742
   7.000   1.2634   0.01677   0.00277  -0.0998   0.3490   0.6290  76.1750 249.9750
   7.000   1.2634   0.01677   0.00277  -0.0998   0.3490   0.6290  76.1750 249.9750
   7.000   1.2634   0.01677   0.00277  -0.0998   0.3490   0.6290  76.1750 249.9750
   7.000   1.2634   0.01677   0.00277  -0.0998   0.3490   0.6290  76.1750 249.9750
   8.000   1.3510   0.01760   0.00303  -0.0968   0.3416   0.7161  76.8712 256.4804
   8.000   1.3510   0.01760   0.00303  -0.0968   0.3416   0.7161  76.8712 256.4803
   8.000   1.3510   0.01760   0.00303  -0.0968   0.3416   0.7161  76.8712 256.4803
   8.000   1.3510   0.01760   0.00303  -0.0968   0.3416   0.7161  76.8712 256.4803
   8.000   1.3510   0.01760   0.00303  -0.0968   0.3416   0.7161  76.8712 256.4803
   9.000   1.4320   0.01832   0.00334  -0.0928   0.3345   1.0000  77.5498 300.0000
   9.000   1.4320   0.01832   0.00334  -0.0928   0.3345   1.0000  77.5498 300.0000
   9.000   1.4320   0.01832   0.00334  -0.0928   0.3345   1.0000  77.5498 300.0000
   9.000   1.4320   0.01832   0.00334  -0.0928   0.3345   1.0000  77.5498 300.0000
   9.000   1.4320   0.01832   0.00334  -0.0928   0.3345   1.0000  77.5498 300.0000
  10.000   1.5171   0.01981   0.00356  -0.0903   0.3279   1.0000  78.1883 300.0000
  10.000   1.5171   0.01981   0.00356  -0.0903   0.3279   1.0000  78.1883 300.0000
  10.000   1.5171   0.01981   0.00356  -0.0903   0.3279   1.0000  78.1883 300.0000
  10.000   1.5171   0.01981   0.00356  -0.0903   0.3279   1.0000  78.1883 300.0000
  10.000   1.5171   0.01981   0.00356  -0.0903   0.3279   1.0000  78.1883 300.0000
  11.000   1.5937   0.02148   0.00382  -0.0869   0.3212   1.0000  78.8488 300.0000
  11.000   1.5937   0.02148   0.00382  -0.0869   0.3212   1.0000  78.8488 300.0000
  11.000   1.5937   0.02148   0.00382  -0.0869   0.3212   1.0000  78.8488 300.0000
  11.000   1.5937   0.02148   0.00382  -0.0869   0.3212   1.0000  78.8488 300.0000
  11.000   1.5937   0.02148   0.00382  -0.0869   0.3212   1.0000  78.8488 300.0000
  12.000   1.6602   0.02365   0.00434  -0.0828   0.3144   1.0000  79.5241 300.0000
  12.000   1.6602   0.02365   0.00434  -0.0828   0.3144   1.0000  79.5241 300.0000
  12.000   1.6602   0.02365   0.00434  -0.0828   0.3144   1.0000  79.5241 300.0000
  12.000   1.6602   0.02365   0.00434  -0.0828   0.3144   1.0000  79.5241 300.0000
  12.000   1.6602   0.02365   0.00434  -0.0828   0.3144   1.0000  79.5241 300.0000
  13.000   1.7284   0.02600   0.00476  -0.0796   0.3079   1.0000  80.1784 300.0000
  13.000   1.7284   0.02600   0.00476  -0.0796   0.3079   1.0000  80.1784 300.0000
  13.000   1.7284   0.02600   0.00476  -0.0796   0.3079   1.0000  80.1784 300.0000
  13.000   1.7284   0.02600   0.00476  -0.0796   0.3079   1.0000  80.1784 300.0000
  13.000   1.7284   0.02600   0.00476  -0.0796   0.3079   1.0000  80.1784 300.0000
  14.000   1.7854   0.02888   0.00536  -0.0758   0.3009   1.0000  80.8970 300.0000
  14.000   1.7854   0.02888   0.00536  -0.0758   0.3009   1.0000  80.8970 300.0000
  14.000   1.7854   0.02888   0.00536  -0.0758   0.3009   1.0000  80.8970 300.0000
  14.000   1.7854   0.02888   0.00536  -0.0758   0.3009   1.0000  80.8970 300.0000
  14.000   1.7854   0.02888   0.00536  -0.0758   0.3009   1.0000  80.8970 300.0000
  15.000   1.8195   0.03329   0.00680  -0.0711   0.2927   1.0000  81.7467 300.0000
  15.000   1.8195   0.03329   0.00680  -0.0711   0.2927   1.0000  81.7467 300.0000
  15.000   1.8195   0.03329   0.00680  -0.0711   0.2927   1.0000  81.7467 300.0000
  15.000   1.8195   0.03329   0.00680  -0.0711   0.2927   1.0000  81.7467 300.0000
  15.000   1.8195   0.03329   0.00680  -0.0711   0.2927   1.0000  81.7467 300.0000
  16.000   1.8449   0.03899   0.00890  -0.0673   0.2837   1.0000  82.6967 300.0000
  16.000   1.8449   0.03899   0.00890  -0.0673   0.2837   1.0000  82.6967 300.0000
  16.000   1.8449   0.03899   0.00890  -0.0673   0.2837   1.0000  82.6967 300.0000
  16.000   1.8449   0.03899   0.00890  -0.0673   0.2837   1.0000  82.6967 300.0000
  16.000   1.8449   0.03899   0.00890  -0.0673   0.2837   1.0000  82.6967 300.0000
  17.000   1.8603   0.04627   0.01199  -0.0647   0.2742   1.0000  83.7230 300.0000
  17.000   1.8603   0.04627   0.01199  -0.0647   0.2742   1.0000  83.7230 300.0000
  17.000   1.8603   0.04627   0.01199  -0.0647   0.2742   1.0000  83.7230 300.0000
  17.000   1.8603   0.04627   0.01199  -0.0647   0.2742   1.0000  83.7230 300.0000
  17.000   1.8603   0.04627   0.01199  -0.0647   0.2742   1.0000  83.7230 300.0000
  18.000   1.8654   0.05532   0.01626  -0.0634   0.2639   1.0000  84.8636 300.0000
  18.000   1.8654   0.05532   0.01626  -0.0634   0.2639   1.0000  84.8636 300.0000
  18.000   1.8654   0.05532   0.01626  -0.0634   0.2639   1.0000  84.8635 300.0000
  18.000   1.8654   0.05532   0.01626  -0.0634   0.2639   1.0000  84.8635 300.0000
  18.000   1.8654   0.05532   0.01626  -0.0634   0.2639   1.0000  84.8635 300.0000
  19.000   1.8457   0.06783   0.02330  -0.0633   0.2518   1.0000  86.2322 300.0000
  19.000   1.8457   0.06783   0.02330  -0.0633   0.2518   1.0000  86.2321 300.0000
  19.000   1.8457   0.06783   0.02330  -0.0633   0.2518   1.0000  86.2321 300.0000
  19.000   1.8457   0.06783   0.02330  -0.0633   0.2518   1.0000  86.2321 300.0000
  19.000   1.8457   0.06783   0.02330  -0.0633   0.2518   1.0000  86.2321 300.0000
