  
       XFOIL         Version 6.99
  
 Calculated polar for: EPPLER 858 AIRFOIL                              
  
 1 1 Reynolds number fixed          Mach number fixed         
  
 xtrf =   1.000 (top)        1.000 (bottom)  
 Mach =   0.000     Re =     0.275 e 6     Ncrit =   9.000  9.000
  
   alpha    CL        CD       CDp       CM     Top_Xtr  Bot_Xtr  Top_Itr  Bot_Itr
  ------ -------- --------- --------- -------- -------- -------- -------- --------
   0.000   0.5820   0.01618   0.00407  -0.1149   0.4534   0.4989  67.0476 240.6527
   0.000   0.5820   0.01618   0.00407  -0.1149   0.4534   0.4989  67.0478 240.6531
   0.000   0.5820   0.01618   0.00407  -0.1149   0.4534   0.4989  67.0478 240.6531
   0.000   0.5820   0.01618   0.00407  -0.1149   0.4534   0.4989  67.0478 240.6531
   0.000   0.5820   0.01618   0.00407  -0.1149   0.4534   0.4989  67.0478 240.6531
   1.000   0.6879   0.01655   0.00411  -0.1140   0.4374   0.5160  68.3781 241.8710
   1.000   0.6879   0.01655   0.00411  -0.1140   0.4374   0.5160  68.3781 241.8697
   1.000   0.6879   0.01655   0.00411  -0.1140   0.4374   0.5160  68.3781 241.8697
   1.000   0.6879   0.01655   0.00411  -0.1140   0.4374   0.5160  68.3781 241.8697
   1.000   0.6879   0.01655   0.00411  -0.1140   0.4374   0.5160  68.3781 241.8697
   2.000   0.7945   0.01704   0.00424  -0.1134   0.4237   0.5339  69.5295 243.1372
   2.000   0.7945   0.01704   0.00424  -0.1134   0.4237   0.5339  69.5295 243.1363
   2.000   0.7945   0.01704   0.00424  -0.1134   0.4237   0.5339  69.5295 243.1363
   2.000   0.7945   0.01704   0.00424  -0.1134   0.4237   0.5339  69.5295 243.1363
   2.000   0.7945   0.01704   0.00424  -0.1134   0.4237   0.5339  69.5295 243.1363
   3.000   0.9004   0.01766   0.00447  -0.1129   0.4117   0.5538  70.5513 244.5566
   3.000   0.9004   0.01766   0.00447  -0.1129   0.4117   0.5538  70.5513 244.5566
   3.000   0.9004   0.01766   0.00447  -0.1129   0.4117   0.5538  70.5513 244.5566
   3.000   0.9004   0.01766   0.00447  -0.1129   0.4117   0.5538  70.5513 244.5566
   3.000   0.9004   0.01766   0.00447  -0.1129   0.4117   0.5538  70.5513 244.5566
   4.000   1.0051   0.01841   0.00477  -0.1122   0.4010   0.5774  71.4805 246.2377
   4.000   1.0051   0.01841   0.00477  -0.1122   0.4010   0.5774  71.4805 246.2382
   4.000   1.0051   0.01841   0.00477  -0.1122   0.4010   0.5774  71.4805 246.2381
   4.000   1.0051   0.01841   0.00477  -0.1122   0.4010   0.5774  71.4805 246.2381
   4.000   1.0051   0.01841   0.00477  -0.1122   0.4010   0.5774  71.4805 246.2381
   5.000   1.1083   0.01927   0.00515  -0.1115   0.3912   0.6063  72.3353 248.3256
   5.000   1.1083   0.01927   0.00515  -0.1115   0.3912   0.6063  72.3353 248.3257
   5.000   1.1083   0.01927   0.00515  -0.1115   0.3912   0.6063  72.3353 248.3257
   5.000   1.1083   0.01927   0.00515  -0.1115   0.3912   0.6063  72.3353 248.3257
   5.000   1.1083   0.01927   0.00515  -0.1115   0.3912   0.6063  72.3353 248.3257
   6.000   1.2123   0.02023   0.00554  -0.1111   0.3823   0.6461  73.1298 251.2297
   6.000   1.2123   0.02023   0.00554  -0.1111   0.3823   0.6461  73.1299 251.2280
   6.000   1.2123   0.02023   0.00554  -0.1111   0.3823   0.6461  73.1299 251.2281
   6.000   1.2123   0.02023   0.00554  -0.1111   0.3823   0.6461  73.1299 251.2281
   6.000   1.2123   0.02023   0.00554  -0.1111   0.3823   0.6461  73.1299 251.2281
   7.000   1.3092   0.02116   0.00599  -0.1095   0.3736   0.7105  73.9052 256.0507
   7.000   1.3092   0.02116   0.00599  -0.1095   0.3736   0.7105  73.9052 256.0507
   7.000   1.3092   0.02116   0.00599  -0.1095   0.3736   0.7105  73.9052 256.0507
   7.000   1.3092   0.02116   0.00599  -0.1095   0.3736   0.7105  73.9052 256.0507
   7.000   1.3092   0.02116   0.00599  -0.1095   0.3736   0.7105  73.9052 256.0507
   8.000   1.3871   0.02187   0.00654  -0.1042   0.3654   1.0000  74.6555 300.0000
   8.000   1.3871   0.02187   0.00654  -0.1042   0.3654   1.0000  74.6555 300.0000
   8.000   1.3871   0.02187   0.00654  -0.1042   0.3654   1.0000  74.6555 300.0000
   8.000   1.3871   0.02187   0.00654  -0.1042   0.3654   1.0000  74.6555 300.0000
   8.000   1.3871   0.02187   0.00654  -0.1042   0.3654   1.0000  74.6555 300.0000
   9.000   1.4772   0.02357   0.00709  -0.1023   0.3577   1.0000  75.3616 300.0000
   9.000   1.4772   0.02357   0.00709  -0.1023   0.3577   1.0000  75.3616 300.0000
   9.000   1.4772   0.02357   0.00709  -0.1023   0.3577   1.0000  75.3616 300.0000
   9.000   1.4772   0.02357   0.00709  -0.1023   0.3577   1.0000  75.3616 300.0000
   9.000   1.4772   0.02357   0.00709  -0.1023   0.3577   1.0000  75.3616 300.0000
  10.000   1.5808   0.02524   0.00747  -0.1029   0.3505   1.0000  76.0298 300.0000
  10.000   1.5808   0.02524   0.00747  -0.1029   0.3505   1.0000  76.0298 300.0000
  10.000   1.5808   0.02524   0.00747  -0.1029   0.3505   1.0000  76.0298 300.0000
  10.000   1.5808   0.02524   0.00747  -0.1029   0.3505   1.0000  76.0298 300.0000
  10.000   1.5808   0.02524   0.00747  -0.1029   0.3505   1.0000  76.0298 300.0000
  11.000   1.6318   0.02738   0.00827  -0.0949   0.3428   1.0000  76.7544 300.0000
  11.000   1.6318   0.02738   0.00827  -0.0949   0.3428   1.0000  76.7544 300.0000
  11.000   1.6318   0.02738   0.00827  -0.0949   0.3428   1.0000  76.7544 300.0000
  11.000   1.6318   0.02738   0.00827  -0.0949   0.3428   1.0000  76.7544 300.0000
  11.000   1.6318   0.02738   0.00827  -0.0949   0.3428   1.0000  76.7544 300.0000
  12.000   1.6877   0.03000   0.00918  -0.0888   0.3355   1.0000  77.4564 300.0000
  12.000   1.6877   0.03000   0.00918  -0.0888   0.3355   1.0000  77.4564 300.0000
  12.000   1.6877   0.03000   0.00918  -0.0888   0.3355   1.0000  77.4564 300.0000
  12.000   1.6877   0.03000   0.00918  -0.0888   0.3355   1.0000  77.4564 300.0000
  12.000   1.6877   0.03000   0.00918  -0.0888   0.3355   1.0000  77.4564 300.0000
  13.000   1.7624   0.03233   0.00963  -0.0860   0.3286   1.0000  78.1211 300.0000
  13.000   1.7624   0.03233   0.00963  -0.0860   0.3286   1.0000  78.1212 300.0000
  13.000   1.7624   0.03233   0.00963  -0.0860   0.3286   1.0000  78.1212 300.0000
  13.000   1.7624   0.03233   0.00963  -0.0860   0.3286   1.0000  78.1212 300.0000
  13.000   1.7624   0.03233   0.00963  -0.0860   0.3286   1.0000  78.1212 300.0000
  14.000   1.7956   0.03579   0.01063  -0.0786   0.3209   1.0000  78.8730 300.0000
  14.000   1.7956   0.03579   0.01063  -0.0786   0.3209   1.0000  78.8731 300.0000
  14.000   1.7956   0.03579   0.01063  -0.0786   0.3209   1.0000  78.8731 300.0000
  14.000   1.7956   0.03579   0.01063  -0.0786   0.3209   1.0000  78.8731 300.0000
  14.000   1.7956   0.03579   0.01063  -0.0786   0.3209   1.0000  78.8731 300.0000
  15.000   1.7890   0.04173   0.01309  -0.0696   0.3123   1.0000  79.7313 300.0000
  15.000   1.7890   0.04173   0.01309  -0.0696   0.3123   1.0000  79.7313 300.0000
  15.000   1.7890   0.04173   0.01309  -0.0696   0.3123   1.0000  79.7313 300.0000
  15.000   1.7890   0.04173   0.01309  -0.0696   0.3123   1.0000  79.7313 300.0000
  15.000   1.7890   0.04173   0.01309  -0.0696   0.3123   1.0000  79.7313 300.0000
  16.000   1.7689   0.04996   0.01699  -0.0631   0.3027   1.0000  80.7086 300.0000
  16.000   1.7689   0.04996   0.01699  -0.0631   0.3027   1.0000  80.7086 300.0000
  16.000   1.7689   0.04996   0.01699  -0.0631   0.3027   1.0000  80.7086 300.0000
  16.000   1.7689   0.04996   0.01699  -0.0631   0.3027   1.0000  80.7086 300.0000
  16.000   1.7689   0.04996   0.01699  -0.0631   0.3027   1.0000  80.7086 300.0000
  17.000   1.7394   0.06077   0.02288  -0.0596   0.2920   1.0000  81.8229 300.0000
  17.000   1.7394   0.06077   0.02288  -0.0596   0.2920   1.0000  81.8229 300.0000
  17.000   1.7394   0.06077   0.02288  -0.0596   0.2920   1.0000  81.8229 300.0000
  17.000   1.7394   0.06077   0.02288  -0.0596   0.2920   1.0000  81.8229 300.0000
  17.000   1.7394   0.06077   0.02288  -0.0596   0.2920   1.0000  81.8229 300.0000
