  
       XFOIL         Version 6.99
  
 Calculated polar for: EPPLER 858 AIRFOIL                              
  
 1 1 Reynolds number fixed          Mach number fixed         
  
 xtrf =   1.000 (top)        1.000 (bottom)  
 Mach =   0.000     Re =     0.525 e 6     Ncrit =   9.000  9.000
  
   alpha    CL        CD       CDp       CM     Top_Xtr  Bot_Xtr  Top_Itr  Bot_Itr
  ------ -------- --------- --------- -------- -------- -------- -------- --------
   1.000   0.6694   0.01263   0.00168  -0.1101   0.4043   0.4739  71.1929 238.8680
   1.000   0.6694   0.01263   0.00168  -0.1101   0.4043   0.4739  71.1929 238.8680
   1.000   0.6694   0.01263   0.00168  -0.1101   0.4043   0.4739  71.1929 238.8680
   1.000   0.6694   0.01263   0.00168  -0.1101   0.4043   0.4739  71.1929 238.8680
   1.000   0.6694   0.01263   0.00168  -0.1101   0.4043   0.4739  71.1929 238.8680
   2.000   0.7722   0.01307   0.00173  -0.1086   0.3921   0.4893  72.2593 239.9717
   2.000   0.7722   0.01307   0.00173  -0.1086   0.3921   0.4893  72.2593 239.9739
   2.000   0.7722   0.01307   0.00173  -0.1086   0.3921   0.4893  72.2593 239.9739
   2.000   0.7722   0.01307   0.00173  -0.1086   0.3921   0.4893  72.2593 239.9739
   2.000   0.7722   0.01307   0.00173  -0.1086   0.3921   0.4893  72.2593 239.9739
   3.000   0.8743   0.01359   0.00186  -0.1071   0.3813   0.5061  73.2181 241.1689
   3.000   0.8743   0.01359   0.00186  -0.1071   0.3813   0.5061  73.2181 241.1688
   3.000   0.8743   0.01359   0.00186  -0.1071   0.3813   0.5061  73.2181 241.1688
   3.000   0.8743   0.01359   0.00186  -0.1071   0.3813   0.5061  73.2181 241.1688
   3.000   0.8743   0.01359   0.00186  -0.1071   0.3813   0.5061  73.2181 241.1688
   4.000   0.9751   0.01423   0.00201  -0.1056   0.3716   0.5254  74.0841 242.5388
   4.000   0.9751   0.01423   0.00201  -0.1056   0.3716   0.5254  74.0841 242.5387
   4.000   0.9751   0.01423   0.00201  -0.1056   0.3716   0.5254  74.0841 242.5387
   4.000   0.9751   0.01423   0.00201  -0.1056   0.3716   0.5254  74.0841 242.5387
   4.000   0.9751   0.01423   0.00201  -0.1056   0.3716   0.5254  74.0841 242.5387
   5.000   1.0731   0.01489   0.00217  -0.1037   0.3629   0.5488  74.8858 244.1954
   5.000   1.0731   0.01489   0.00217  -0.1037   0.3629   0.5488  74.8858 244.1958
   5.000   1.0731   0.01489   0.00217  -0.1037   0.3629   0.5488  74.8858 244.1959
   5.000   1.0731   0.01489   0.00217  -0.1037   0.3629   0.5488  74.8858 244.1959
   5.000   1.0731   0.01489   0.00217  -0.1037   0.3629   0.5488  74.8858 244.1959
   6.000   1.1681   0.01562   0.00239  -0.1015   0.3547   0.5789  75.6441 246.3454
   6.000   1.1681   0.01562   0.00239  -0.1015   0.3547   0.5789  75.6441 246.3457
   6.000   1.1681   0.01562   0.00239  -0.1015   0.3547   0.5789  75.6441 246.3457
   6.000   1.1681   0.01562   0.00239  -0.1015   0.3547   0.5789  75.6441 246.3457
   6.000   1.1681   0.01562   0.00239  -0.1015   0.3547   0.5789  75.6441 246.3457
   7.000   1.2607   0.01649   0.00264  -0.0992   0.3471   0.6234  76.3502 249.5617
   7.000   1.2607   0.01649   0.00264  -0.0992   0.3471   0.6234  76.3502 249.5616
   7.000   1.2607   0.01649   0.00264  -0.0992   0.3471   0.6234  76.3502 249.5617
   7.000   1.2607   0.01649   0.00264  -0.0992   0.3471   0.6234  76.3502 249.5617
   7.000   1.2607   0.01649   0.00264  -0.0992   0.3471   0.6234  76.3502 249.5617
   8.000   1.3519   0.01740   0.00287  -0.0969   0.3399   0.7070  77.0337 255.7808
   8.000   1.3519   0.01740   0.00287  -0.0969   0.3399   0.7070  77.0337 255.7829
   8.000   1.3519   0.01740   0.00287  -0.0969   0.3399   0.7070  77.0337 255.7828
   8.000   1.3519   0.01740   0.00287  -0.0969   0.3399   0.7070  77.0337 255.7828
   8.000   1.3519   0.01740   0.00287  -0.0969   0.3399   0.7070  77.0337 255.7828
   9.000   1.4302   0.01803   0.00316  -0.0924   0.3329   1.0000  77.7075 300.0000
   9.000   1.4302   0.01803   0.00316  -0.0924   0.3329   1.0000  77.7075 300.0000
   9.000   1.4302   0.01803   0.00316  -0.0924   0.3329   1.0000  77.7075 300.0000
   9.000   1.4302   0.01803   0.00316  -0.0924   0.3329   1.0000  77.7075 300.0000
   9.000   1.4302   0.01803   0.00316  -0.0924   0.3329   1.0000  77.7075 300.0000
  10.000   1.5123   0.01955   0.00343  -0.0895   0.3262   1.0000  78.3569 300.0000
  10.000   1.5123   0.01955   0.00343  -0.0895   0.3262   1.0000  78.3569 300.0000
  10.000   1.5123   0.01955   0.00343  -0.0895   0.3262   1.0000  78.3569 300.0000
  10.000   1.5123   0.01955   0.00343  -0.0895   0.3262   1.0000  78.3569 300.0000
  10.000   1.5123   0.01955   0.00343  -0.0895   0.3262   1.0000  78.3569 300.0000
  11.000   1.5971   0.02116   0.00358  -0.0874   0.3196   1.0000  79.0055 300.0000
  11.000   1.5971   0.02116   0.00358  -0.0874   0.3196   1.0000  79.0055 300.0000
  11.000   1.5971   0.02116   0.00358  -0.0874   0.3196   1.0000  79.0055 300.0000
  11.000   1.5971   0.02116   0.00358  -0.0874   0.3196   1.0000  79.0055 300.0000
  11.000   1.5971   0.02116   0.00358  -0.0874   0.3196   1.0000  79.0055 300.0000
  12.000   1.6581   0.02336   0.00415  -0.0825   0.3129   1.0000  79.6772 300.0000
  12.000   1.6581   0.02336   0.00415  -0.0825   0.3129   1.0000  79.6772 300.0000
  12.000   1.6581   0.02336   0.00415  -0.0825   0.3129   1.0000  79.6772 300.0000
  12.000   1.6581   0.02336   0.00415  -0.0825   0.3129   1.0000  79.6772 300.0000
  12.000   1.6581   0.02336   0.00415  -0.0825   0.3129   1.0000  79.6772 300.0000
  13.000   1.7214   0.02592   0.00473  -0.0788   0.3063   1.0000  80.3443 300.0000
  13.000   1.7214   0.02592   0.00473  -0.0788   0.3063   1.0000  80.3443 300.0000
  13.000   1.7214   0.02592   0.00473  -0.0788   0.3063   1.0000  80.3443 300.0000
  13.000   1.7214   0.02592   0.00473  -0.0788   0.3063   1.0000  80.3443 300.0000
  13.000   1.7214   0.02592   0.00473  -0.0788   0.3063   1.0000  80.3443 300.0000
  14.000   1.7860   0.02859   0.00516  -0.0758   0.2994   1.0000  81.0461 300.0000
  14.000   1.7860   0.02859   0.00516  -0.0758   0.2994   1.0000  81.0462 300.0000
  14.000   1.7860   0.02859   0.00516  -0.0758   0.2994   1.0000  81.0462 300.0000
  14.000   1.7860   0.02859   0.00516  -0.0758   0.2994   1.0000  81.0462 300.0000
  14.000   1.7860   0.02859   0.00516  -0.0758   0.2994   1.0000  81.0462 300.0000
  15.000   1.8218   0.03289   0.00651  -0.0713   0.2913   1.0000  81.8906 300.0000
  15.000   1.8218   0.03289   0.00651  -0.0713   0.2913   1.0000  81.8906 300.0000
  15.000   1.8218   0.03289   0.00651  -0.0713   0.2913   1.0000  81.8905 300.0000
  15.000   1.8218   0.03289   0.00651  -0.0713   0.2913   1.0000  81.8905 300.0000
  15.000   1.8218   0.03289   0.00651  -0.0713   0.2913   1.0000  81.8905 300.0000
  16.000   1.8473   0.03863   0.00865  -0.0676   0.2823   1.0000  82.8437 300.0000
  16.000   1.8473   0.03863   0.00865  -0.0676   0.2823   1.0000  82.8437 300.0000
  16.000   1.8473   0.03863   0.00865  -0.0676   0.2823   1.0000  82.8438 300.0000
  16.000   1.8473   0.03863   0.00865  -0.0676   0.2823   1.0000  82.8438 300.0000
  16.000   1.8473   0.03863   0.00865  -0.0676   0.2823   1.0000  82.8438 300.0000
  17.000   1.8644   0.04585   0.01169  -0.0651   0.2729   1.0000  83.8701 300.0000
  17.000   1.8643   0.04584   0.01169  -0.0651   0.2729   1.0000  83.8701 300.0000
  17.000   1.8643   0.04584   0.01169  -0.0651   0.2729   1.0000  83.8701 300.0000
  17.000   1.8643   0.04584   0.01169  -0.0651   0.2729   1.0000  83.8701 300.0000
  17.000   1.8643   0.04584   0.01169  -0.0651   0.2729   1.0000  83.8701 300.0000
  18.000   1.8756   0.05427   0.01547  -0.0637   0.2626   1.0000  85.0057 300.0000
  18.000   1.8756   0.05426   0.01547  -0.0637   0.2626   1.0000  85.0056 300.0000
  18.000   1.8756   0.05426   0.01547  -0.0637   0.2626   1.0000  85.0056 300.0000
  18.000   1.8756   0.05426   0.01547  -0.0637   0.2626   1.0000  85.0056 300.0000
  18.000   1.8756   0.05426   0.01547  -0.0637   0.2626   1.0000  85.0056 300.0000
  19.000   1.8433   0.06824   0.02370  -0.0637   0.2500   1.0000  86.4355 300.0000
  19.000   1.8433   0.06824   0.02370  -0.0637   0.2500   1.0000  86.4355 300.0000
  19.000   1.8433   0.06824   0.02370  -0.0637   0.2500   1.0000  86.4355 300.0000
  19.000   1.8433   0.06824   0.02370  -0.0637   0.2500   1.0000  86.4355 300.0000
  19.000   1.8433   0.06824   0.02370  -0.0637   0.2500   1.0000  86.4355 300.0000
