  
       XFOIL         Version 6.99
  
 Calculated polar for: EPPLER 858 AIRFOIL                              
  
 1 1 Reynolds number fixed          Mach number fixed         
  
 xtrf =   1.000 (top)        1.000 (bottom)  
 Mach =   0.000     Re =     0.300 e 6     Ncrit =   9.000  9.000
  
   alpha    CL        CD       CDp       CM     Top_Xtr  Bot_Xtr  Top_Itr  Bot_Itr
  ------ -------- --------- --------- -------- -------- -------- -------- --------
   0.000   0.5776   0.01547   0.00363  -0.1140   0.4477   0.4927  67.5165 240.2115
   0.000   0.5776   0.01547   0.00363  -0.1140   0.4477   0.4927  67.5165 240.2117
   0.000   0.5776   0.01547   0.00363  -0.1140   0.4477   0.4927  67.5165 240.2117
   0.000   0.5776   0.01547   0.00363  -0.1140   0.4477   0.4927  67.5165 240.2117
   0.000   0.5776   0.01547   0.00363  -0.1140   0.4477   0.4927  67.5165 240.2117
   1.000   0.6847   0.01586   0.00365  -0.1134   0.4324   0.5090  68.7926 241.3696
   1.000   0.6847   0.01586   0.00365  -0.1134   0.4324   0.5090  68.7931 241.3698
   1.000   0.6847   0.01586   0.00365  -0.1134   0.4324   0.5090  68.7931 241.3697
   1.000   0.6847   0.01586   0.00365  -0.1134   0.4324   0.5090  68.7931 241.3697
   1.000   0.6847   0.01586   0.00365  -0.1134   0.4324   0.5090  68.7931 241.3697
   2.000   0.7927   0.01639   0.00375  -0.1130   0.4192   0.5269  69.9137 242.6420
   2.000   0.7927   0.01639   0.00375  -0.1130   0.4192   0.5269  69.9137 242.6419
   2.000   0.7927   0.01639   0.00375  -0.1130   0.4192   0.5269  69.9137 242.6419
   2.000   0.7927   0.01639   0.00375  -0.1130   0.4192   0.5269  69.9137 242.6419
   2.000   0.7927   0.01639   0.00375  -0.1130   0.4192   0.5269  69.9137 242.6419
   3.000   0.8994   0.01700   0.00391  -0.1126   0.4074   0.5470  70.9247 244.0686
   3.000   0.8994   0.01700   0.00391  -0.1126   0.4074   0.5469  70.9249 244.0668
   3.000   0.8994   0.01700   0.00391  -0.1126   0.4074   0.5469  70.9249 244.0669
   3.000   0.8994   0.01700   0.00391  -0.1126   0.4074   0.5469  70.9249 244.0669
   3.000   0.8994   0.01700   0.00391  -0.1126   0.4074   0.5469  70.9249 244.0669
   4.000   1.0029   0.01768   0.00419  -0.1117   0.3967   0.5696  71.8556 245.6801
   4.000   1.0029   0.01768   0.00419  -0.1117   0.3967   0.5696  71.8556 245.6799
   4.000   1.0029   0.01768   0.00419  -0.1117   0.3967   0.5696  71.8556 245.6799
   4.000   1.0029   0.01768   0.00419  -0.1117   0.3967   0.5696  71.8556 245.6799
   4.000   1.0029   0.01768   0.00419  -0.1117   0.3967   0.5696  71.8556 245.6799
   5.000   1.1038   0.01847   0.00454  -0.1105   0.3868   0.5977  72.7243 247.6971
   5.000   1.1038   0.01847   0.00454  -0.1105   0.3868   0.5977  72.7243 247.6977
   5.000   1.1038   0.01847   0.00454  -0.1105   0.3868   0.5977  72.7243 247.6977
   5.000   1.1038   0.01847   0.00454  -0.1105   0.3868   0.5977  72.7243 247.6977
   5.000   1.1038   0.01847   0.00454  -0.1105   0.3868   0.5977  72.7243 247.6977
   6.000   1.2013   0.01936   0.00494  -0.1088   0.3778   0.6352  73.5314 250.4264
   6.000   1.2013   0.01936   0.00494  -0.1088   0.3778   0.6352  73.5314 250.4264
   6.000   1.2013   0.01936   0.00494  -0.1088   0.3778   0.6352  73.5314 250.4264
   6.000   1.2013   0.01936   0.00494  -0.1088   0.3778   0.6352  73.5314 250.4264
   6.000   1.2013   0.01936   0.00494  -0.1088   0.3778   0.6352  73.5314 250.4264
   7.000   1.2977   0.02032   0.00536  -0.1072   0.3696   0.6961  74.2739 254.9560
   7.000   1.2977   0.02032   0.00536  -0.1072   0.3696   0.6962  74.2739 254.9584
   7.000   1.2977   0.02032   0.00536  -0.1072   0.3696   0.6962  74.2739 254.9583
   7.000   1.2977   0.02032   0.00536  -0.1072   0.3696   0.6962  74.2739 254.9583
   7.000   1.2977   0.02032   0.00536  -0.1072   0.3696   0.6962  74.2739 254.9583
   8.000   1.3963   0.02090   0.00567  -0.1055   0.3618   1.0000  74.9783 300.0000
   8.000   1.3963   0.02090   0.00567  -0.1055   0.3618   1.0000  74.9783 300.0000
   8.000   1.3963   0.02090   0.00567  -0.1055   0.3618   1.0000  74.9783 300.0000
   8.000   1.3963   0.02090   0.00567  -0.1055   0.3618   1.0000  74.9783 300.0000
   8.000   1.3963   0.02090   0.00567  -0.1055   0.3618   1.0000  74.9783 300.0000
   9.000   1.4720   0.02243   0.00620  -0.1009   0.3539   1.0000  75.7139 300.0000
   9.000   1.4720   0.02243   0.00620  -0.1009   0.3539   1.0000  75.7139 300.0000
   9.000   1.4720   0.02243   0.00620  -0.1009   0.3539   1.0000  75.7139 300.0000
   9.000   1.4720   0.02243   0.00620  -0.1009   0.3539   1.0000  75.7139 300.0000
   9.000   1.4720   0.02243   0.00620  -0.1009   0.3539   1.0000  75.7139 300.0000
  10.000   1.5532   0.02423   0.00678  -0.0977   0.3466   1.0000  76.4026 300.0000
  10.000   1.5532   0.02423   0.00678  -0.0977   0.3466   1.0000  76.4026 300.0000
  10.000   1.5532   0.02423   0.00678  -0.0977   0.3466   1.0000  76.4026 300.0000
  10.000   1.5532   0.02423   0.00678  -0.0977   0.3466   1.0000  76.4026 300.0000
  10.000   1.5532   0.02423   0.00678  -0.0977   0.3466   1.0000  76.4026 300.0000
  11.000   1.6496   0.02594   0.00709  -0.0972   0.3397   1.0000  77.0565 300.0000
  11.000   1.6496   0.02594   0.00709  -0.0972   0.3397   1.0000  77.0565 300.0000
  11.000   1.6496   0.02594   0.00709  -0.0972   0.3397   1.0000  77.0565 300.0000
  11.000   1.6496   0.02594   0.00709  -0.0972   0.3397   1.0000  77.0565 300.0000
  11.000   1.6496   0.02594   0.00709  -0.0972   0.3397   1.0000  77.0565 300.0000
  12.000   1.6973   0.02828   0.00783  -0.0895   0.3322   1.0000  77.7728 300.0000
  12.000   1.6973   0.02828   0.00783  -0.0895   0.3322   1.0000  77.7728 300.0000
  12.000   1.6973   0.02828   0.00783  -0.0895   0.3322   1.0000  77.7728 300.0000
  12.000   1.6973   0.02828   0.00783  -0.0895   0.3322   1.0000  77.7728 300.0000
  12.000   1.6973   0.02828   0.00783  -0.0895   0.3322   1.0000  77.7728 300.0000
  13.000   1.7440   0.03125   0.00877  -0.0830   0.3249   1.0000  78.4853 300.0000
  13.000   1.7440   0.03125   0.00877  -0.0830   0.3249   1.0000  78.4853 300.0000
  13.000   1.7440   0.03125   0.00877  -0.0830   0.3249   1.0000  78.4853 300.0000
  13.000   1.7440   0.03125   0.00877  -0.0830   0.3249   1.0000  78.4853 300.0000
  13.000   1.7440   0.03125   0.00877  -0.0830   0.3249   1.0000  78.4853 300.0000
  14.000   1.8029   0.03409   0.00934  -0.0790   0.3178   1.0000  79.1822 300.0000
  14.000   1.8029   0.03409   0.00934  -0.0790   0.3178   1.0000  79.1822 300.0000
  14.000   1.8029   0.03409   0.00934  -0.0790   0.3178   1.0000  79.1822 300.0000
  14.000   1.8029   0.03409   0.00934  -0.0790   0.3178   1.0000  79.1822 300.0000
  14.000   1.8029   0.03409   0.00934  -0.0790   0.3178   1.0000  79.1822 300.0000
  15.000   1.8578   0.03703   0.00970  -0.0751   0.3100   1.0000  79.9658 300.0000
  15.000   1.8578   0.03703   0.00970  -0.0751   0.3100   1.0000  79.9659 300.0000
  15.000   1.8578   0.03703   0.00970  -0.0751   0.3100   1.0000  79.9659 300.0000
  15.000   1.8578   0.03703   0.00970  -0.0751   0.3100   1.0000  79.9659 300.0000
  15.000   1.8578   0.03703   0.00970  -0.0751   0.3100   1.0000  79.9659 300.0000
  16.000   1.3320   0.09772   0.05955  -0.0629   0.2785   1.0000  83.2595 300.0000
  16.000   1.3320   0.09771   0.05955  -0.0629   0.2785   1.0000  83.2595 300.0000
  16.000   1.3320   0.09771   0.05955  -0.0629   0.2785   1.0000  83.2595 300.0000
  16.000   1.3320   0.09771   0.05955  -0.0629   0.2785   1.0000  83.2595 300.0000
  16.000   1.3320   0.09771   0.05955  -0.0629   0.2785   1.0000  83.2595 300.0000
  17.000   1.8442   0.05077   0.01514  -0.0626   0.2910   1.0000  81.9259 300.0000
  17.000   1.8442   0.05077   0.01514  -0.0626   0.2910   1.0000  81.9259 300.0000
  17.000   1.8442   0.05077   0.01514  -0.0626   0.2910   1.0000  81.9259 300.0000
  17.000   1.8442   0.05077   0.01514  -0.0626   0.2910   1.0000  81.9259 300.0000
  17.000   1.8442   0.05077   0.01514  -0.0626   0.2910   1.0000  81.9259 300.0000
  18.000   1.6741   0.07693   0.03377  -0.0598   0.2753   1.0000  83.6066 300.0000
  18.000   1.6742   0.07693   0.03377  -0.0598   0.2753   1.0000  83.6064 300.0000
  18.000   1.6742   0.07693   0.03377  -0.0598   0.2753   1.0000  83.6063 300.0000
  18.000   1.6742   0.07693   0.03377  -0.0598   0.2753   1.0000  83.6062 300.0000
  18.000   1.6742   0.07693   0.03377  -0.0598   0.2753   1.0000  83.6062 300.0000
  19.000   1.6865   0.08634   0.03915  -0.0612   0.2635   1.0000  84.9065 300.0000
  19.000   1.6865   0.08635   0.03915  -0.0612   0.2635   1.0000  84.9065 300.0000
  19.000   1.6865   0.08635   0.03915  -0.0612   0.2635   1.0000  84.9064 300.0000
  19.000   1.6865   0.08635   0.03915  -0.0612   0.2635   1.0000  84.9064 300.0000
  19.000   1.6865   0.08635   0.03915  -0.0612   0.2635   1.0000  84.9064 300.0000
