  
       XFOIL         Version 6.99
  
 Calculated polar for: GOE 383 AIRFOIL                                 
  
 1 1 Reynolds number fixed          Mach number fixed         
  
 xtrf =   1.000 (top)        1.000 (bottom)  
 Mach =   0.000     Re =     0.500 e 6     Ncrit =   9.000  9.000
  
   alpha    CL        CD       CDp       CM     Top_Xtr  Bot_Xtr  Top_Itr  Bot_Itr
  ------ -------- --------- --------- -------- -------- -------- -------- --------
   0.000   0.4848   0.00981   0.00217  -0.0801   0.5510   0.6955  60.1317 254.8506
   0.000   0.4848   0.00981   0.00217  -0.0801   0.5510   0.6955  60.1316 254.8500
   0.000   0.4848   0.00981   0.00217  -0.0801   0.5510   0.6955  60.1316 254.8500
   0.000   0.4848   0.00981   0.00217  -0.0801   0.5510   0.6955  60.1316 254.8500
   0.000   0.4848   0.00981   0.00217  -0.0801   0.5510   0.6955  60.1316 254.8500
   1.000   0.5892   0.00969   0.00219  -0.0781   0.5270   0.8122  62.1218 263.1574
   1.000   0.5892   0.00969   0.00219  -0.0781   0.5271   0.8122  62.1199 263.1559
   1.000   0.5892   0.00969   0.00219  -0.0781   0.5271   0.8122  62.1199 263.1558
   1.000   0.5892   0.00969   0.00219  -0.0781   0.5271   0.8122  62.1199 263.1558
   1.000   0.5892   0.00969   0.00219  -0.0781   0.5271   0.8122  62.1199 263.1558
   2.000   0.6910   0.00986   0.00225  -0.0754   0.4984   0.8966  64.5944 271.4357
   2.000   0.6910   0.00986   0.00225  -0.0754   0.4984   0.8966  64.5944 271.4358
   2.000   0.6910   0.00986   0.00225  -0.0754   0.4984   0.8966  64.5944 271.4358
   2.000   0.6910   0.00986   0.00225  -0.0754   0.4984   0.8966  64.5944 271.4358
   2.000   0.6910   0.00986   0.00225  -0.0754   0.4984   0.8966  64.5944 271.4358
   3.000   0.8035   0.01050   0.00244  -0.0753   0.4702   0.9674  67.0802 286.0424
   3.000   0.8035   0.01050   0.00244  -0.0753   0.4702   0.9674  67.0802 286.0400
   3.000   0.8035   0.01050   0.00244  -0.0753   0.4702   0.9674  67.0802 286.0400
   3.000   0.8035   0.01050   0.00244  -0.0753   0.4702   0.9674  67.0802 286.0400
   3.000   0.8035   0.01050   0.00244  -0.0753   0.4702   0.9674  67.0802 286.0400
   4.000   0.9635   0.01145   0.00282  -0.0862   0.4415   0.9932  69.6404 296.3268
   4.000   0.9635   0.01145   0.00282  -0.0862   0.4415   0.9931  69.6405 296.3189
   4.000   0.9635   0.01145   0.00282  -0.0862   0.4415   0.9931  69.6405 296.3189
   4.000   0.9635   0.01145   0.00282  -0.0862   0.4415   0.9931  69.6405 296.3189
   4.000   0.9635   0.01145   0.00282  -0.0862   0.4415   0.9931  69.6405 296.3189
   5.000   1.0669   0.01219   0.00290  -0.0862   0.4234   1.0000  71.2567 300.0000
   5.000   1.0669   0.01219   0.00290  -0.0862   0.4234   1.0000  71.2566 300.0000
   5.000   1.0669   0.01219   0.00290  -0.0862   0.4234   1.0000  71.2566 300.0000
   5.000   1.0669   0.01219   0.00290  -0.0862   0.4234   1.0000  71.2566 300.0000
   5.000   1.0669   0.01219   0.00290  -0.0862   0.4234   1.0000  71.2566 300.0000
   6.000   1.1311   0.01292   0.00285  -0.0779   0.4083   1.0000  72.6054 300.0000
   6.000   1.1311   0.01292   0.00285  -0.0779   0.4083   1.0000  72.6054 300.0000
   6.000   1.1311   0.01292   0.00285  -0.0779   0.4083   1.0000  72.6054 300.0000
   6.000   1.1311   0.01292   0.00285  -0.0779   0.4083   1.0000  72.6054 300.0000
   6.000   1.1311   0.01292   0.00285  -0.0779   0.4083   1.0000  72.6054 300.0000
   7.000   1.2038   0.01392   0.00293  -0.0717   0.3939   1.0000  73.8928 300.0000
   7.000   1.2038   0.01392   0.00293  -0.0717   0.3939   1.0000  73.8928 300.0000
   7.000   1.2038   0.01392   0.00293  -0.0717   0.3939   1.0000  73.8928 300.0000
   7.000   1.2038   0.01392   0.00293  -0.0717   0.3939   1.0000  73.8928 300.0000
   7.000   1.2038   0.01392   0.00293  -0.0717   0.3939   1.0000  73.8928 300.0000
   8.000   1.2826   0.01515   0.00318  -0.0675   0.3791   1.0000  75.2337 300.0000
   8.000   1.2826   0.01515   0.00318  -0.0675   0.3791   1.0000  75.2337 300.0000
   8.000   1.2826   0.01515   0.00318  -0.0675   0.3791   1.0000  75.2337 300.0000
   8.000   1.2826   0.01515   0.00318  -0.0675   0.3791   1.0000  75.2337 300.0000
   8.000   1.2826   0.01515   0.00318  -0.0675   0.3791   1.0000  75.2337 300.0000
   9.000   1.3558   0.01675   0.00355  -0.0632   0.3617   1.0000  76.8279 300.0000
   9.000   1.3558   0.01675   0.00355  -0.0632   0.3617   1.0000  76.8279 300.0000
   9.000   1.3558   0.01675   0.00355  -0.0632   0.3617   1.0000  76.8279 300.0000
   9.000   1.3558   0.01675   0.00355  -0.0632   0.3617   1.0000  76.8279 300.0000
   9.000   1.3558   0.01675   0.00355  -0.0632   0.3617   1.0000  76.8279 300.0000
  10.000   1.4233   0.01891   0.00419  -0.0591   0.3426   1.0000  78.6295 300.0000
  10.000   1.4233   0.01891   0.00419  -0.0591   0.3426   1.0000  78.6295 300.0000
  10.000   1.4233   0.01891   0.00419  -0.0591   0.3426   1.0000  78.6295 300.0000
  10.000   1.4233   0.01891   0.00419  -0.0591   0.3426   1.0000  78.6295 300.0000
  10.000   1.4233   0.01891   0.00419  -0.0591   0.3426   1.0000  78.6295 300.0000
  11.000   1.4783   0.02214   0.00534  -0.0547   0.3190   1.0000  80.9204 300.0000
  11.000   1.4783   0.02214   0.00534  -0.0547   0.3190   1.0000  80.9203 300.0000
  11.000   1.4783   0.02214   0.00534  -0.0547   0.3190   1.0000  80.9203 300.0000
  11.000   1.4783   0.02214   0.00534  -0.0547   0.3190   1.0000  80.9203 300.0000
  11.000   1.4783   0.02214   0.00534  -0.0547   0.3190   1.0000  80.9203 300.0000
  12.000   1.5165   0.02710   0.00751  -0.0503   0.2886   1.0000  84.0177 300.0000
  12.000   1.5165   0.02710   0.00751  -0.0503   0.2886   1.0000  84.0179 300.0000
  12.000   1.5165   0.02710   0.00751  -0.0503   0.2886   1.0000  84.0179 300.0000
  12.000   1.5165   0.02710   0.00751  -0.0503   0.2886   1.0000  84.0179 300.0000
  12.000   1.5165   0.02710   0.00751  -0.0503   0.2886   1.0000  84.0179 300.0000
  14.000   1.5612   0.04139   0.01486  -0.0432   0.2385   1.0000  89.4346 300.0000
  14.000   1.5612   0.04139   0.01486  -0.0432   0.2385   1.0000  89.4345 300.0000
  14.000   1.5612   0.04139   0.01486  -0.0432   0.2385   1.0000  89.4345 300.0000
  14.000   1.5612   0.04139   0.01486  -0.0432   0.2385   1.0000  89.4345 300.0000
  14.000   1.5612   0.04139   0.01486  -0.0432   0.2385   1.0000  89.4345 300.0000
  15.000   1.5770   0.04978   0.01951  -0.0408   0.2208   1.0000  91.4545 300.0000
  15.000   1.5770   0.04978   0.01951  -0.0408   0.2208   1.0000  91.4543 300.0000
  15.000   1.5770   0.04978   0.01951  -0.0408   0.2208   1.0000  91.4542 300.0000
  15.000   1.5770   0.04978   0.01951  -0.0408   0.2208   1.0000  91.4542 300.0000
  15.000   1.5770   0.04978   0.01951  -0.0408   0.2208   1.0000  91.4542 300.0000
  16.000   1.5882   0.05901   0.02486  -0.0392   0.2049   1.0000  93.3219 300.0000
  16.000   1.5882   0.05901   0.02486  -0.0392   0.2049   1.0000  93.3222 300.0000
  16.000   1.5882   0.05901   0.02486  -0.0392   0.2049   1.0000  93.3223 300.0000
  16.000   1.5882   0.05901   0.02486  -0.0392   0.2049   1.0000  93.3223 300.0000
  16.000   1.5882   0.05901   0.02486  -0.0392   0.2049   1.0000  93.3223 300.0000
  17.000   1.5924   0.06944   0.03129  -0.0383   0.1889   1.0000  95.2908 300.0000
  17.000   1.5924   0.06944   0.03129  -0.0383   0.1889   1.0000  95.2903 300.0000
  17.000   1.5924   0.06943   0.03129  -0.0383   0.1889   1.0000  95.2902 300.0000
  17.000   1.5924   0.06943   0.03129  -0.0383   0.1889   1.0000  95.2902 300.0000
  17.000   1.5924   0.06943   0.03129  -0.0383   0.1889   1.0000  95.2902 300.0000
  18.000   1.5803   0.08226   0.04003  -0.0384   0.1686   1.0000  97.9235 300.0000
  18.000   1.5803   0.08226   0.04003  -0.0384   0.1686   1.0000  97.9244 300.0000
  18.000   1.5803   0.08226   0.04003  -0.0384   0.1686   1.0000  97.9245 300.0000
  18.000   1.5803   0.08226   0.04003  -0.0384   0.1686   1.0000  97.9246 300.0000
  18.000   1.5803   0.08226   0.04003  -0.0384   0.1686   1.0000  97.9246 300.0000
  19.000   1.3498   0.10374   0.03394  -0.0234   0.1501   1.0000 100.5348 300.0000
  19.000   1.3498   0.10374   0.03394  -0.0234   0.1500   1.0000 100.5360 300.0000
  19.000   1.3498   0.10374   0.03394  -0.0234   0.1500   1.0000 100.5362 300.0000
  19.000   1.3498   0.10374   0.03394  -0.0234   0.1500   1.0000 100.5363 300.0000
  19.000   1.3498   0.10374   0.03394  -0.0234   0.1500   1.0000 100.5363 300.0000
