  
       XFOIL         Version 6.99
  
 Calculated polar for: GOE 383 AIRFOIL                                 
  
 1 1 Reynolds number fixed          Mach number fixed         
  
 xtrf =   1.000 (top)        1.000 (bottom)  
 Mach =   0.000     Re =     0.325 e 6     Ncrit =   9.000  9.000
  
   alpha    CL        CD       CDp       CM     Top_Xtr  Bot_Xtr  Top_Itr  Bot_Itr
  ------ -------- --------- --------- -------- -------- -------- -------- --------
   0.000   0.4766   0.01172   0.00353  -0.0785   0.5712   0.7734  58.5188 260.2562
   0.000   0.4766   0.01172   0.00353  -0.0785   0.5712   0.7734  58.5188 260.2562
   0.000   0.4766   0.01172   0.00353  -0.0785   0.5712   0.7734  58.5188 260.2562
   0.000   0.4766   0.01172   0.00353  -0.0785   0.5712   0.7734  58.5188 260.2562
   0.000   0.4766   0.01172   0.00353  -0.0785   0.5712   0.7734  58.5188 260.2562
   1.000   0.5783   0.01178   0.00359  -0.0753   0.5487   0.8728  60.3263 268.6188
   1.000   0.5783   0.01178   0.00359  -0.0753   0.5487   0.8728  60.3263 268.6188
   1.000   0.5783   0.01178   0.00359  -0.0753   0.5487   0.8728  60.3263 268.6188
   1.000   0.5783   0.01178   0.00359  -0.0753   0.5487   0.8728  60.3263 268.6188
   1.000   0.5783   0.01178   0.00359  -0.0753   0.5487   0.8728  60.3263 268.6188
   2.000   0.6891   0.01214   0.00368  -0.0739   0.5237   0.9472  62.4030 280.4096
   2.000   0.6891   0.01214   0.00368  -0.0739   0.5237   0.9472  62.4030 280.4099
   2.000   0.6891   0.01214   0.00368  -0.0739   0.5237   0.9472  62.4030 280.4099
   2.000   0.6891   0.01214   0.00368  -0.0739   0.5237   0.9472  62.4030 280.4099
   2.000   0.6891   0.01214   0.00368  -0.0739   0.5237   0.9472  62.4030 280.4099
   3.000   0.8494   0.01280   0.00386  -0.0841   0.4972   0.9818  64.6939 291.2508
   3.000   0.8494   0.01280   0.00386  -0.0841   0.4972   0.9817  64.6938 291.2407
   3.000   0.8494   0.01280   0.00386  -0.0841   0.4972   0.9817  64.6938 291.2406
   3.000   0.8494   0.01280   0.00386  -0.0841   0.4972   0.9817  64.6938 291.2406
   3.000   0.8494   0.01280   0.00386  -0.0841   0.4972   0.9817  64.6938 291.2406
   4.000   1.0084   0.01342   0.00385  -0.0953   0.4693   1.0000  67.1608 300.0000
   4.000   1.0084   0.01342   0.00385  -0.0953   0.4693   1.0000  67.1607 300.0000
   4.000   1.0084   0.01342   0.00385  -0.0953   0.4693   1.0000  67.1607 300.0000
   4.000   1.0084   0.01342   0.00385  -0.0953   0.4693   1.0000  67.1607 300.0000
   4.000   1.0084   0.01342   0.00385  -0.0953   0.4693   1.0000  67.1607 300.0000
   5.000   1.0678   0.01403   0.00368  -0.0865   0.4503   1.0000  68.8522 300.0000
   5.000   1.0678   0.01403   0.00368  -0.0865   0.4503   1.0000  68.8522 300.0000
   5.000   1.0678   0.01403   0.00368  -0.0865   0.4503   1.0000  68.8522 300.0000
   5.000   1.0678   0.01403   0.00368  -0.0865   0.4503   1.0000  68.8522 300.0000
   5.000   1.0678   0.01403   0.00368  -0.0865   0.4503   1.0000  68.8522 300.0000
   6.000   1.1399   0.01490   0.00374  -0.0799   0.4329   1.0000  70.4058 300.0000
   6.000   1.1399   0.01490   0.00374  -0.0799   0.4329   1.0000  70.4058 300.0000
   6.000   1.1399   0.01490   0.00374  -0.0799   0.4329   1.0000  70.4058 300.0000
   6.000   1.1399   0.01490   0.00374  -0.0799   0.4329   1.0000  70.4058 300.0000
   6.000   1.1399   0.01490   0.00374  -0.0799   0.4329   1.0000  70.4058 300.0000
   7.000   1.2217   0.01596   0.00387  -0.0755   0.4163   1.0000  71.8860 300.0000
   7.000   1.2217   0.01596   0.00387  -0.0755   0.4163   1.0000  71.8860 300.0000
   7.000   1.2217   0.01596   0.00387  -0.0755   0.4163   1.0000  71.8860 300.0000
   7.000   1.2217   0.01596   0.00387  -0.0755   0.4163   1.0000  71.8860 300.0000
   7.000   1.2217   0.01596   0.00387  -0.0755   0.4163   1.0000  71.8860 300.0000
   8.000   1.2953   0.01720   0.00409  -0.0700   0.3998   1.0000  73.3671 300.0000
   8.000   1.2953   0.01720   0.00409  -0.0700   0.3998   1.0000  73.3671 300.0000
   8.000   1.2953   0.01720   0.00409  -0.0700   0.3998   1.0000  73.3671 300.0000
   8.000   1.2953   0.01720   0.00409  -0.0700   0.3998   1.0000  73.3671 300.0000
   8.000   1.2953   0.01720   0.00409  -0.0700   0.3998   1.0000  73.3671 300.0000
   9.000   1.3680   0.01871   0.00434  -0.0651   0.3827   1.0000  74.9020 300.0000
   9.000   1.3680   0.01871   0.00434  -0.0651   0.3827   1.0000  74.9020 300.0000
   9.000   1.3680   0.01871   0.00434  -0.0651   0.3827   1.0000  74.9020 300.0000
   9.000   1.3680   0.01871   0.00434  -0.0651   0.3827   1.0000  74.9020 300.0000
   9.000   1.3680   0.01871   0.00434  -0.0651   0.3827   1.0000  74.9020 300.0000
  10.000   1.4233   0.02083   0.00486  -0.0587   0.3627   1.0000  76.7403 300.0000
  10.000   1.4233   0.02083   0.00486  -0.0587   0.3627   1.0000  76.7408 300.0000
  10.000   1.4233   0.02083   0.00486  -0.0587   0.3627   1.0000  76.7408 300.0000
  10.000   1.4233   0.02083   0.00486  -0.0587   0.3627   1.0000  76.7408 300.0000
  10.000   1.4233   0.02083   0.00486  -0.0587   0.3627   1.0000  76.7408 300.0000
  11.000   1.4713   0.02381   0.00580  -0.0528   0.3415   1.0000  78.7374 300.0000
  11.000   1.4713   0.02381   0.00580  -0.0528   0.3415   1.0000  78.7374 300.0000
  11.000   1.4713   0.02381   0.00580  -0.0528   0.3415   1.0000  78.7374 300.0000
  11.000   1.4713   0.02381   0.00580  -0.0528   0.3415   1.0000  78.7374 300.0000
  11.000   1.4713   0.02381   0.00580  -0.0528   0.3415   1.0000  78.7374 300.0000
  12.000   1.5056   0.02826   0.00756  -0.0474   0.3168   1.0000  81.1476 300.0000
  12.000   1.5056   0.02827   0.00756  -0.0474   0.3168   1.0000  81.1479 300.0000
  12.000   1.5056   0.02827   0.00756  -0.0474   0.3168   1.0000  81.1480 300.0000
  12.000   1.5056   0.02827   0.00756  -0.0474   0.3168   1.0000  81.1480 300.0000
  12.000   1.5056   0.02827   0.00756  -0.0474   0.3168   1.0000  81.1480 300.0000
  14.000   1.5458   0.04204   0.01443  -0.0397   0.2653   1.0000  86.4920 300.0000
  14.000   1.5458   0.04204   0.01443  -0.0397   0.2653   1.0000  86.4919 300.0000
  14.000   1.5458   0.04204   0.01443  -0.0397   0.2653   1.0000  86.4919 300.0000
  14.000   1.5458   0.04204   0.01443  -0.0397   0.2653   1.0000  86.4919 300.0000
  14.000   1.5458   0.04204   0.01443  -0.0397   0.2653   1.0000  86.4919 300.0000
  15.000   1.5633   0.05009   0.01877  -0.0374   0.2457   1.0000  88.6352 300.0000
  15.000   1.5633   0.05009   0.01877  -0.0374   0.2457   1.0000  88.6354 300.0000
  15.000   1.5633   0.05009   0.01877  -0.0374   0.2457   1.0000  88.6354 300.0000
  15.000   1.5633   0.05009   0.01877  -0.0374   0.2457   1.0000  88.6354 300.0000
  15.000   1.5633   0.05009   0.01877  -0.0374   0.2457   1.0000  88.6354 300.0000
  16.000   1.5783   0.05879   0.02369  -0.0358   0.2288   1.0000  90.5265 300.0000
  16.000   1.5783   0.05879   0.02369  -0.0358   0.2289   1.0000  90.5260 300.0000
  16.000   1.5783   0.05879   0.02369  -0.0358   0.2289   1.0000  90.5259 300.0000
  16.000   1.5783   0.05879   0.02369  -0.0358   0.2289   1.0000  90.5259 300.0000
  16.000   1.5783   0.05879   0.02369  -0.0358   0.2289   1.0000  90.5259 300.0000
  17.000   1.5848   0.06883   0.02980  -0.0351   0.2123   1.0000  92.4408 300.0000
  17.000   1.5848   0.06883   0.02980  -0.0351   0.2123   1.0000  92.4407 300.0000
  17.000   1.5848   0.06883   0.02980  -0.0351   0.2123   1.0000  92.4407 300.0000
  17.000   1.5848   0.06883   0.02980  -0.0351   0.2123   1.0000  92.4407 300.0000
  17.000   1.5848   0.06883   0.02980  -0.0351   0.2123   1.0000  92.4407 300.0000
  18.000   1.5782   0.08093   0.03794  -0.0354   0.1945   1.0000  94.5868 300.0000
  18.000   1.5782   0.08093   0.03794  -0.0354   0.1945   1.0000  94.5866 300.0000
  18.000   1.5782   0.08093   0.03794  -0.0354   0.1945   1.0000  94.5866 300.0000
  18.000   1.5782   0.08093   0.03794  -0.0354   0.1945   1.0000  94.5866 300.0000
  18.000   1.5782   0.08093   0.03794  -0.0354   0.1945   1.0000  94.5866 300.0000
  19.000   1.5492   0.09654   0.04999  -0.0372   0.1711   1.0000  97.5886 300.0000
  19.000   1.5492   0.09654   0.04999  -0.0372   0.1711   1.0000  97.5890 300.0000
  19.000   1.5492   0.09654   0.04999  -0.0372   0.1711   1.0000  97.5891 300.0000
  19.000   1.5492   0.09654   0.04999  -0.0372   0.1711   1.0000  97.5891 300.0000
  19.000   1.5492   0.09654   0.04999  -0.0372   0.1711   1.0000  97.5891 300.0000
