  
       XFOIL         Version 6.99
  
 Calculated polar for: GOE 383 AIRFOIL                                 
  
 1 1 Reynolds number fixed          Mach number fixed         
  
 xtrf =   1.000 (top)        1.000 (bottom)  
 Mach =   0.000     Re =     0.375 e 6     Ncrit =   9.000  9.000
  
   alpha    CL        CD       CDp       CM     Top_Xtr  Bot_Xtr  Top_Itr  Bot_Itr
  ------ -------- --------- --------- -------- -------- -------- -------- --------
   0.000   0.4805   0.01101   0.00295  -0.0793   0.5649   0.7472  59.0138 258.4013
   0.000   0.4805   0.01101   0.00295  -0.0793   0.5649   0.7471  59.0137 258.4007
   0.000   0.4805   0.01101   0.00295  -0.0793   0.5649   0.7471  59.0137 258.4007
   0.000   0.4805   0.01101   0.00295  -0.0793   0.5649   0.7471  59.0137 258.4007
   0.000   0.4805   0.01101   0.00295  -0.0793   0.5649   0.7471  59.0137 258.4007
   1.000   0.5824   0.01096   0.00300  -0.0763   0.5417   0.8528  60.8996 266.6191
   1.000   0.5824   0.01096   0.00300  -0.0763   0.5417   0.8528  60.8996 266.6192
   1.000   0.5824   0.01096   0.00300  -0.0763   0.5417   0.8528  60.8996 266.6192
   1.000   0.5824   0.01096   0.00300  -0.0763   0.5417   0.8528  60.8996 266.6192
   1.000   0.5824   0.01096   0.00300  -0.0763   0.5417   0.8528  60.8996 266.6192
   2.000   0.6856   0.01124   0.00306  -0.0736   0.5164   0.9332  63.0298 277.3500
   2.000   0.6856   0.01124   0.00306  -0.0736   0.5164   0.9332  63.0298 277.3504
   2.000   0.6856   0.01124   0.00306  -0.0736   0.5164   0.9332  63.0298 277.3504
   2.000   0.6856   0.01124   0.00306  -0.0736   0.5164   0.9332  63.0298 277.3504
   2.000   0.6856   0.01124   0.00306  -0.0736   0.5164   0.9332  63.0298 277.3504
   3.000   0.8293   0.01191   0.00330  -0.0802   0.4886   0.9786  65.4501 289.9964
   3.000   0.8293   0.01191   0.00330  -0.0802   0.4886   0.9786  65.4502 289.9874
   3.000   0.8293   0.01191   0.00330  -0.0802   0.4886   0.9786  65.4502 289.9874
   3.000   0.8293   0.01191   0.00330  -0.0802   0.4886   0.9786  65.4502 289.9875
   3.000   0.8293   0.01191   0.00330  -0.0802   0.4886   0.9786  65.4502 289.9875
   4.000   1.0044   0.01274   0.00349  -0.0943   0.4595   0.9991  68.0342 299.4561
   4.000   1.0044   0.01274   0.00349  -0.0943   0.4595   0.9992  68.0342 299.4763
   4.000   1.0044   0.01274   0.00349  -0.0943   0.4595   0.9992  68.0342 299.4766
   4.000   1.0044   0.01274   0.00349  -0.0943   0.4595   0.9992  68.0342 299.4766
   4.000   1.0044   0.01274   0.00349  -0.0943   0.4595   0.9992  68.0342 299.4766
   5.000   1.0658   0.01333   0.00335  -0.0860   0.4408   1.0000  69.7033 300.0000
   5.000   1.0658   0.01333   0.00335  -0.0860   0.4408   1.0000  69.7033 300.0000
   5.000   1.0658   0.01333   0.00335  -0.0860   0.4408   1.0000  69.7033 300.0000
   5.000   1.0658   0.01333   0.00335  -0.0860   0.4408   1.0000  69.7033 300.0000
   5.000   1.0658   0.01333   0.00335  -0.0860   0.4408   1.0000  69.7033 300.0000
   6.000   1.1367   0.01419   0.00336  -0.0792   0.4244   1.0000  71.1615 300.0000
   6.000   1.1367   0.01419   0.00336  -0.0792   0.4244   1.0000  71.1616 300.0000
   6.000   1.1367   0.01419   0.00336  -0.0792   0.4244   1.0000  71.1616 300.0000
   6.000   1.1367   0.01419   0.00336  -0.0792   0.4244   1.0000  71.1616 300.0000
   6.000   1.1367   0.01419   0.00336  -0.0792   0.4244   1.0000  71.1616 300.0000
   7.000   1.2124   0.01518   0.00349  -0.0735   0.4082   1.0000  72.6074 300.0000
   7.000   1.2124   0.01518   0.00349  -0.0735   0.4082   1.0000  72.6074 300.0000
   7.000   1.2124   0.01518   0.00349  -0.0735   0.4082   1.0000  72.6074 300.0000
   7.000   1.2124   0.01518   0.00349  -0.0735   0.4082   1.0000  72.6074 300.0000
   7.000   1.2124   0.01518   0.00349  -0.0735   0.4082   1.0000  72.6074 300.0000
   8.000   1.2915   0.01644   0.00365  -0.0691   0.3927   1.0000  74.0003 300.0000
   8.000   1.2915   0.01644   0.00365  -0.0691   0.3927   1.0000  74.0005 300.0000
   8.000   1.2915   0.01644   0.00365  -0.0691   0.3927   1.0000  74.0005 300.0000
   8.000   1.2915   0.01644   0.00365  -0.0691   0.3927   1.0000  74.0005 300.0000
   8.000   1.2915   0.01644   0.00365  -0.0691   0.3927   1.0000  74.0005 300.0000
   9.000   1.3590   0.01801   0.00404  -0.0636   0.3755   1.0000  75.5600 300.0000
   9.000   1.3590   0.01801   0.00404  -0.0636   0.3755   1.0000  75.5599 300.0000
   9.000   1.3590   0.01801   0.00404  -0.0636   0.3755   1.0000  75.5599 300.0000
   9.000   1.3590   0.01801   0.00404  -0.0636   0.3755   1.0000  75.5599 300.0000
   9.000   1.3590   0.01801   0.00404  -0.0636   0.3755   1.0000  75.5599 300.0000
  10.000   1.4193   0.02017   0.00458  -0.0582   0.3558   1.0000  77.3753 300.0000
  10.000   1.4193   0.02017   0.00458  -0.0582   0.3558   1.0000  77.3753 300.0000
  10.000   1.4193   0.02017   0.00458  -0.0582   0.3558   1.0000  77.3753 300.0000
  10.000   1.4193   0.02017   0.00458  -0.0582   0.3558   1.0000  77.3753 300.0000
  10.000   1.4193   0.02017   0.00458  -0.0582   0.3558   1.0000  77.3753 300.0000
  11.000   1.4706   0.02324   0.00563  -0.0531   0.3345   1.0000  79.4069 300.0000
  11.000   1.4706   0.02324   0.00563  -0.0531   0.3345   1.0000  79.4070 300.0000
  11.000   1.4706   0.02324   0.00563  -0.0531   0.3345   1.0000  79.4070 300.0000
  11.000   1.4706   0.02324   0.00563  -0.0531   0.3345   1.0000  79.4070 300.0000
  11.000   1.4706   0.02324   0.00563  -0.0531   0.3345   1.0000  79.4070 300.0000
  12.000   1.5053   0.02799   0.00759  -0.0481   0.3078   1.0000  82.0425 300.0000
  12.000   1.5053   0.02799   0.00759  -0.0481   0.3078   1.0000  82.0428 300.0000
  12.000   1.5053   0.02799   0.00759  -0.0481   0.3078   1.0000  82.0429 300.0000
  12.000   1.5053   0.02799   0.00759  -0.0481   0.3078   1.0000  82.0429 300.0000
  12.000   1.5053   0.02799   0.00759  -0.0481   0.3078   1.0000  82.0429 300.0000
  13.000   1.5281   0.03454   0.01080  -0.0439   0.2795   1.0000  84.9755 300.0000
  13.000   1.5281   0.03454   0.01080  -0.0439   0.2795   1.0000  84.9756 300.0000
  13.000   1.5281   0.03454   0.01080  -0.0439   0.2795   1.0000  84.9756 300.0000
  13.000   1.5281   0.03454   0.01080  -0.0439   0.2795   1.0000  84.9756 300.0000
  13.000   1.5281   0.03454   0.01080  -0.0439   0.2795   1.0000  84.9756 300.0000
  14.000   1.5486   0.04200   0.01471  -0.0409   0.2562   1.0000  87.4778 300.0000
  14.000   1.5486   0.04200   0.01471  -0.0409   0.2562   1.0000  87.4774 300.0000
  14.000   1.5486   0.04200   0.01471  -0.0409   0.2562   1.0000  87.4773 300.0000
  14.000   1.5486   0.04200   0.01471  -0.0409   0.2562   1.0000  87.4773 300.0000
  14.000   1.5486   0.04200   0.01471  -0.0409   0.2562   1.0000  87.4773 300.0000
  15.000   1.5653   0.05023   0.01921  -0.0386   0.2371   1.0000  89.5973 300.0000
  15.000   1.5653   0.05023   0.01921  -0.0386   0.2371   1.0000  89.5976 300.0000
  15.000   1.5653   0.05023   0.01921  -0.0386   0.2371   1.0000  89.5977 300.0000
  15.000   1.5653   0.05023   0.01921  -0.0386   0.2371   1.0000  89.5977 300.0000
  15.000   1.5653   0.05023   0.01921  -0.0386   0.2371   1.0000  89.5977 300.0000
  16.000   1.5795   0.05909   0.02427  -0.0370   0.2207   1.0000  91.4658 300.0000
  16.000   1.5795   0.05908   0.02427  -0.0370   0.2207   1.0000  91.4655 300.0000
  16.000   1.5795   0.05908   0.02427  -0.0370   0.2207   1.0000  91.4654 300.0000
  16.000   1.5795   0.05908   0.02427  -0.0370   0.2207   1.0000  91.4654 300.0000
  16.000   1.5795   0.05908   0.02427  -0.0370   0.2207   1.0000  91.4654 300.0000
  17.000   1.5850   0.06931   0.03054  -0.0362   0.2043   1.0000  93.3967 300.0000
  17.000   1.5850   0.06930   0.03054  -0.0362   0.2043   1.0000  93.3964 300.0000
  17.000   1.5850   0.06930   0.03054  -0.0362   0.2043   1.0000  93.3964 300.0000
  17.000   1.5850   0.06930   0.03054  -0.0362   0.2043   1.0000  93.3964 300.0000
  17.000   1.5850   0.06930   0.03054  -0.0362   0.2043   1.0000  93.3964 300.0000
  18.000   1.5778   0.08154   0.03881  -0.0365   0.1863   1.0000  95.6124 300.0000
  18.000   1.5778   0.08154   0.03881  -0.0365   0.1863   1.0000  95.6128 300.0000
  18.000   1.5778   0.08154   0.03881  -0.0365   0.1863   1.0000  95.6129 300.0000
  18.000   1.5778   0.08154   0.03881  -0.0365   0.1863   1.0000  95.6130 300.0000
  18.000   1.5778   0.08154   0.03881  -0.0365   0.1863   1.0000  95.6130 300.0000
  19.000   1.5455   0.09759   0.05127  -0.0383   0.1604   1.0000  99.0504 300.0000
  19.000   1.5455   0.09759   0.05127  -0.0383   0.1604   1.0000  99.0505 300.0000
  19.000   1.5455   0.09759   0.05127  -0.0383   0.1604   1.0000  99.0505 300.0000
  19.000   1.5455   0.09759   0.05127  -0.0383   0.1604   1.0000  99.0505 300.0000
  19.000   1.5455   0.09759   0.05127  -0.0383   0.1604   1.0000  99.0505 300.0000
