  
       XFOIL         Version 6.99
  
 Calculated polar for: NREL's S819 Airfoil                             
  
 1 1 Reynolds number fixed          Mach number fixed         
  
 xtrf =   1.000 (top)        1.000 (bottom)  
 Mach =   0.000     Re =     0.325 e 6     Ncrit =   9.000  9.000
  
   alpha    CL        CD       CDp       CM     Top_Xtr  Bot_Xtr  Top_Itr  Bot_Itr
  ------ -------- --------- --------- -------- -------- -------- -------- --------
   0.000   0.2044   0.01289   0.00337  -0.0653   0.6121   0.3756  54.8743 218.0751
   0.000   0.2044   0.01289   0.00337  -0.0653   0.6121   0.3756  54.8743 218.0751
   0.000   0.2044   0.01289   0.00337  -0.0653   0.6121   0.3756  54.8743 218.0751
   0.000   0.2044   0.01289   0.00337  -0.0653   0.6121   0.3756  54.8743 218.0751
   0.000   0.2044   0.01289   0.00337  -0.0653   0.6121   0.3756  54.8743 218.0751
   1.000   0.3160   0.01287   0.00323  -0.0660   0.5688   0.3851  59.7576 219.2039
   1.000   0.3160   0.01287   0.00323  -0.0660   0.5688   0.3851  59.7575 219.2041
   1.000   0.3160   0.01287   0.00323  -0.0660   0.5688   0.3851  59.7575 219.2041
   1.000   0.3160   0.01287   0.00323  -0.0660   0.5688   0.3851  59.7575 219.2041
   1.000   0.3160   0.01287   0.00323  -0.0660   0.5688   0.3851  59.7575 219.2041
   2.000   0.4277   0.01300   0.00316  -0.0667   0.5292   0.3973  64.2401 220.6377
   2.000   0.4277   0.01300   0.00316  -0.0667   0.5292   0.3973  64.2402 220.6378
   2.000   0.4277   0.01300   0.00316  -0.0667   0.5292   0.3973  64.2402 220.6378
   2.000   0.4277   0.01300   0.00316  -0.0667   0.5292   0.3973  64.2402 220.6378
   2.000   0.4277   0.01300   0.00316  -0.0667   0.5292   0.3973  64.2402 220.6378
   3.000   0.5392   0.01322   0.00315  -0.0673   0.4927   0.4118  68.3823 222.3350
   3.000   0.5392   0.01322   0.00315  -0.0673   0.4927   0.4118  68.3823 222.3350
   3.000   0.5392   0.01322   0.00315  -0.0673   0.4927   0.4118  68.3823 222.3350
   3.000   0.5392   0.01322   0.00315  -0.0673   0.4927   0.4118  68.3823 222.3350
   3.000   0.5392   0.01322   0.00315  -0.0673   0.4927   0.4118  68.3823 222.3350
   4.000   0.6506   0.01362   0.00325  -0.0679   0.4605   0.4296  72.0427 224.3957
   4.000   0.6506   0.01362   0.00325  -0.0679   0.4605   0.4296  72.0427 224.3957
   4.000   0.6506   0.01362   0.00325  -0.0679   0.4605   0.4296  72.0427 224.3957
   4.000   0.6506   0.01362   0.00325  -0.0679   0.4605   0.4296  72.0427 224.3957
   4.000   0.6506   0.01362   0.00325  -0.0679   0.4605   0.4296  72.0427 224.3957
   5.000   0.7603   0.01407   0.00338  -0.0682   0.4281   0.4497  75.7499 226.7192
   5.000   0.7603   0.01407   0.00338  -0.0682   0.4281   0.4497  75.7496 226.7198
   5.000   0.7603   0.01407   0.00338  -0.0682   0.4281   0.4497  75.7496 226.7198
   5.000   0.7603   0.01407   0.00338  -0.0682   0.4281   0.4497  75.7496 226.7198
   5.000   0.7603   0.01407   0.00338  -0.0682   0.4281   0.4497  75.7496 226.7198
   6.000   0.8676   0.01459   0.00353  -0.0681   0.3956   0.4722  79.4734 229.3068
   6.000   0.8676   0.01459   0.00353  -0.0681   0.3956   0.4722  79.4737 229.3057
   6.000   0.8676   0.01459   0.00353  -0.0681   0.3956   0.4722  79.4737 229.3058
   6.000   0.8676   0.01459   0.00353  -0.0681   0.3956   0.4722  79.4737 229.3058
   6.000   0.8676   0.01459   0.00353  -0.0681   0.3956   0.4722  79.4737 229.3058
   7.000   0.9717   0.01522   0.00368  -0.0674   0.3627   0.4974  83.2704 232.1840
   7.000   0.9717   0.01522   0.00368  -0.0674   0.3627   0.4974  83.2704 232.1839
   7.000   0.9717   0.01522   0.00368  -0.0674   0.3627   0.4974  83.2704 232.1839
   7.000   0.9717   0.01522   0.00368  -0.0674   0.3627   0.4974  83.2704 232.1839
   7.000   0.9717   0.01522   0.00368  -0.0674   0.3627   0.4974  83.2704 232.1839
   8.000   1.0708   0.01596   0.00387  -0.0659   0.3254   0.5256  87.6084 235.3957
   8.000   1.0708   0.01596   0.00387  -0.0659   0.3254   0.5256  87.6084 235.3957
   8.000   1.0708   0.01596   0.00387  -0.0659   0.3254   0.5256  87.6084 235.3958
   8.000   1.0708   0.01596   0.00387  -0.0659   0.3254   0.5256  87.6084 235.3958
   8.000   1.0708   0.01596   0.00387  -0.0659   0.3254   0.5256  87.6084 235.3958
   9.000   1.1591   0.01706   0.00412  -0.0628   0.2705   0.5580  94.0734 239.0426
   9.000   1.1591   0.01706   0.00412  -0.0628   0.2705   0.5579  94.0730 239.0425
   9.000   1.1591   0.01706   0.00412  -0.0628   0.2705   0.5579  94.0730 239.0425
   9.000   1.1591   0.01706   0.00412  -0.0628   0.2705   0.5579  94.0730 239.0425
   9.000   1.1591   0.01706   0.00412  -0.0628   0.2705   0.5579  94.0730 239.0425
  10.000   1.2084   0.01995   0.00531  -0.0546   0.1655   0.5915 107.0225 242.8304
  10.000   1.2084   0.01995   0.00531  -0.0546   0.1655   0.5915 107.0226 242.8299
  10.000   1.2084   0.01995   0.00531  -0.0546   0.1655   0.5915 107.0226 242.8298
  10.000   1.2084   0.01995   0.00531  -0.0546   0.1655   0.5915 107.0226 242.8298
  10.000   1.2084   0.01995   0.00531  -0.0546   0.1655   0.5915 107.0226 242.8298
  11.000   1.2372   0.02466   0.00808  -0.0459   0.1020   0.6299 115.2507 247.1839
  11.000   1.2372   0.02466   0.00808  -0.0459   0.1020   0.6299 115.2507 247.1836
  11.000   1.2372   0.02466   0.00808  -0.0459   0.1020   0.6299 115.2507 247.1836
  11.000   1.2372   0.02466   0.00808  -0.0459   0.1020   0.6299 115.2507 247.1836
  11.000   1.2372   0.02466   0.00808  -0.0459   0.1020   0.6299 115.2507 247.1836
  12.000   1.2570   0.03093   0.01223  -0.0398   0.0712   0.6743 119.6419 252.2362
  12.000   1.2570   0.03093   0.01223  -0.0398   0.0712   0.6743 119.6418 252.2368
  12.000   1.2570   0.03093   0.01223  -0.0398   0.0712   0.6743 119.6418 252.2369
  12.000   1.2570   0.03093   0.01223  -0.0398   0.0712   0.6743 119.6418 252.2369
  12.000   1.2570   0.03093   0.01223  -0.0398   0.0712   0.6743 119.6418 252.2369
  13.000   1.2630   0.04014   0.01891  -0.0372   0.0523   0.7286 122.6749 258.4616
  13.000   1.2630   0.04014   0.01891  -0.0372   0.0523   0.7286 122.6745 258.4677
  13.000   1.2630   0.04014   0.01891  -0.0372   0.0523   0.7286 122.6745 258.4687
  13.000   1.2630   0.04014   0.01891  -0.0372   0.0523   0.7286 122.6745 258.4687
  13.000   1.2630   0.04014   0.01891  -0.0372   0.0523   0.7286 122.6745 258.4687
  14.000   1.2512   0.05266   0.02868  -0.0375   0.0400   0.8114 124.9773 268.0282
  14.000   1.2512   0.05266   0.02868  -0.0375   0.0400   0.8113 124.9772 268.0249
  14.000   1.2512   0.05266   0.02868  -0.0375   0.0400   0.8114 124.9772 268.0261
  14.000   1.2512   0.05266   0.02868  -0.0375   0.0400   0.8114 124.9772 268.0262
  14.000   1.2512   0.05266   0.02868  -0.0375   0.0400   0.8114 124.9772 268.0262
  15.000   1.2292   0.06639   0.03980  -0.0382   0.0317   1.0000 126.8415 300.0000
  15.000   1.2292   0.06639   0.03980  -0.0382   0.0317   1.0000 126.8415 300.0000
  15.000   1.2292   0.06639   0.03980  -0.0382   0.0317   1.0000 126.8415 300.0000
  15.000   1.2292   0.06639   0.03980  -0.0382   0.0317   1.0000 126.8415 300.0000
  15.000   1.2292   0.06639   0.03980  -0.0382   0.0317   1.0000 126.8415 300.0000
  16.000   1.2112   0.08316   0.05392  -0.0436   0.0256   1.0000 128.4822 300.0000
  16.000   1.2112   0.08316   0.05392  -0.0436   0.0256   1.0000 128.4826 300.0000
  16.000   1.2112   0.08316   0.05392  -0.0436   0.0256   1.0000 128.4827 300.0000
  16.000   1.2112   0.08316   0.05392  -0.0436   0.0256   1.0000 128.4827 300.0000
  16.000   1.2112   0.08316   0.05392  -0.0436   0.0256   1.0000 128.4827 300.0000
  17.000   1.1939   0.10075   0.06975  -0.0502   0.0212   1.0000 129.8639 300.0000
  17.000   1.1939   0.10074   0.06975  -0.0502   0.0212   1.0000 129.8637 300.0000
  17.000   1.1939   0.10074   0.06975  -0.0502   0.0212   1.0000 129.8636 300.0000
  17.000   1.1939   0.10074   0.06975  -0.0502   0.0212   1.0000 129.8636 300.0000
  17.000   1.1939   0.10074   0.06975  -0.0502   0.0212   1.0000 129.8636 300.0000
  18.000   1.1806   0.11834   0.08719  -0.0577   0.0176   1.0000 131.1755 300.0000
  18.000   1.1806   0.11834   0.08719  -0.0577   0.0176   1.0000 131.1761 300.0000
  18.000   1.1806   0.11834   0.08719  -0.0577   0.0176   1.0000 131.1761 300.0000
  18.000   1.1806   0.11834   0.08719  -0.0577   0.0176   1.0000 131.1761 300.0000
  18.000   1.1806   0.11834   0.08719  -0.0577   0.0176   1.0000 131.1761 300.0000
  19.000   1.1722   0.13578   0.10695  -0.0665   0.0147   1.0000 132.4556 300.0000
  19.000   1.1722   0.13579   0.10695  -0.0665   0.0147   1.0000 132.4556 300.0000
  19.000   1.1722   0.13579   0.10695  -0.0665   0.0147   1.0000 132.4557 300.0000
  19.000   1.1722   0.13579   0.10695  -0.0665   0.0147   1.0000 132.4558 300.0000
  19.000   1.1722   0.13579   0.10695  -0.0665   0.0147   1.0000 132.4558 300.0000
