  
       XFOIL         Version 6.99
  
 Calculated polar for: NACA 66(4)-221                                  
  
 1 1 Reynolds number fixed          Mach number fixed         
  
 xtrf =   1.000 (top)        1.000 (bottom)  
 Mach =   0.000     Re =     0.300 e 6     Ncrit =   9.000  9.000
  
   alpha    CL        CD       CDp       CM     Top_Xtr  Bot_Xtr  Top_Itr  Bot_Itr
  ------ -------- --------- --------- -------- -------- -------- -------- --------
   0.000  -0.1062   0.03346   0.02371   0.0102   0.7415   0.7770  43.8848 259.4811
   0.000  -0.1062   0.03346   0.02371   0.0102   0.7415   0.7771  43.8845 259.4818
   0.000  -0.1062   0.03346   0.02371   0.0102   0.7415   0.7771  43.8845 259.4817
   0.000  -0.1062   0.03346   0.02371   0.0102   0.7415   0.7771  43.8845 259.4817
   0.000  -0.1062   0.03346   0.02371   0.0102   0.7415   0.7771  43.8845 259.4817
   1.000  -0.0423   0.03309   0.02302   0.0139   0.7244   0.7860  45.5188 260.2857
   1.000  -0.0423   0.03309   0.02302   0.0139   0.7245   0.7860  45.5186 260.2860
   1.000  -0.0423   0.03309   0.02302   0.0139   0.7245   0.7860  45.5186 260.2860
   1.000  -0.0423   0.03309   0.02302   0.0139   0.7245   0.7860  45.5186 260.2859
   1.000  -0.0423   0.03309   0.02302   0.0139   0.7245   0.7860  45.5186 260.2859
   2.000   0.0647   0.03247   0.02196   0.0114   0.7123   0.7915  46.6985 260.7818
   2.000   0.0647   0.03247   0.02196   0.0114   0.7123   0.7915  46.6983 260.7810
   2.000   0.0647   0.03247   0.02196   0.0114   0.7123   0.7915  46.6983 260.7808
   2.000   0.0647   0.03247   0.02196   0.0114   0.7123   0.7915  46.6983 260.7808
   2.000   0.0647   0.03247   0.02196   0.0114   0.7123   0.7915  46.6983 260.7808
   3.000   0.1839   0.03155   0.02062   0.0070   0.7011   0.7952  47.8063 261.1168
   3.000   0.1839   0.03155   0.02062   0.0070   0.7011   0.7953  47.8061 261.1169
   3.000   0.1839   0.03155   0.02062   0.0070   0.7011   0.7952  47.8061 261.1169
   3.000   0.1839   0.03155   0.02062   0.0070   0.7011   0.7952  47.8061 261.1169
   3.000   0.1839   0.03155   0.02062   0.0070   0.7011   0.7952  47.8061 261.1169
   4.000   0.3073   0.03048   0.01916   0.0037   0.6903   0.7980  48.8805 261.3677
   4.000   0.3073   0.03048   0.01916   0.0037   0.6903   0.7980  48.8805 261.3678
   4.000   0.3073   0.03048   0.01916   0.0037   0.6903   0.7980  48.8805 261.3678
   4.000   0.3073   0.03048   0.01916   0.0037   0.6903   0.7980  48.8805 261.3678
   4.000   0.3073   0.03048   0.01916   0.0037   0.6903   0.7980  48.8805 261.3678
   5.000   0.4399   0.02871   0.01705  -0.0011   0.6800   0.8013  49.9134 261.6630
   5.000   0.4399   0.02871   0.01705  -0.0011   0.6800   0.8013  49.9134 261.6636
   5.000   0.4399   0.02871   0.01705  -0.0011   0.6800   0.8013  49.9134 261.6635
   5.000   0.4399   0.02871   0.01705  -0.0011   0.6800   0.8013  49.9134 261.6635
   5.000   0.4399   0.02871   0.01705  -0.0011   0.6800   0.8013  49.9134 261.6635
   7.000   0.7539   0.01902   0.00782  -0.0126   0.6460   0.8079  53.4291 262.2598
   7.000   0.7539   0.01902   0.00782  -0.0126   0.6460   0.8079  53.4289 262.2599
   7.000   0.7539   0.01902   0.00782  -0.0126   0.6460   0.8079  53.4289 262.2598
   7.000   0.7539   0.01902   0.00782  -0.0126   0.6460   0.8079  53.4289 262.2598
   7.000   0.7539   0.01902   0.00782  -0.0126   0.6460   0.8079  53.4289 262.2598
   8.000   0.8335   0.01813   0.00521  -0.0082   0.5160   0.8136  67.0876 262.7846
   8.000   0.8335   0.01813   0.00521  -0.0082   0.5160   0.8136  67.0864 262.7847
   8.000   0.8335   0.01813   0.00521  -0.0082   0.5160   0.8136  67.0864 262.7847
   8.000   0.8335   0.01813   0.00521  -0.0082   0.5160   0.8136  67.0863 262.7847
   8.000   0.8335   0.01813   0.00521  -0.0082   0.5160   0.8136  67.0863 262.7847
   9.000   0.8085   0.02413   0.00727   0.0069   0.3143   0.8201  86.4097 263.3776
   9.000   0.8085   0.02413   0.00727   0.0069   0.3143   0.8201  86.4110 263.3776
   9.000   0.8085   0.02413   0.00727   0.0069   0.3143   0.8201  86.4112 263.3775
   9.000   0.8085   0.02413   0.00727   0.0069   0.3143   0.8201  86.4112 263.3775
   9.000   0.8085   0.02413   0.00727   0.0069   0.3143   0.8201  86.4112 263.3775
  10.000   0.7899   0.03186   0.01106   0.0178   0.0850   0.8275 111.4880 264.0688
  10.000   0.7899   0.03186   0.01106   0.0178   0.0850   0.8275 111.4892 264.0689
  10.000   0.7899   0.03186   0.01106   0.0178   0.0850   0.8275 111.4893 264.0689
  10.000   0.7899   0.03186   0.01106   0.0178   0.0850   0.8275 111.4893 264.0689
  10.000   0.7899   0.03186   0.01106   0.0178   0.0850   0.8275 111.4893 264.0689
  11.000   0.8253   0.03703   0.01390   0.0227   0.0498   0.8340 118.4632 264.6800
  11.000   0.8253   0.03703   0.01390   0.0227   0.0498   0.8340 118.4634 264.6805
  11.000   0.8253   0.03703   0.01390   0.0227   0.0498   0.8340 118.4632 264.6805
  11.000   0.8253   0.03703   0.01390   0.0227   0.0498   0.8340 118.4632 264.6805
  11.000   0.8253   0.03703   0.01390   0.0227   0.0498   0.8340 118.4632 264.6805
  12.000   0.8670   0.04220   0.01693   0.0261   0.0411   0.8413 120.8845 265.3839
  12.000   0.8670   0.04220   0.01693   0.0261   0.0411   0.8413 120.8844 265.3837
  12.000   0.8670   0.04220   0.01693   0.0261   0.0411   0.8413 120.8845 265.3836
  12.000   0.8670   0.04220   0.01693   0.0261   0.0411   0.8413 120.8845 265.3836
  12.000   0.8670   0.04220   0.01693   0.0261   0.0411   0.8413 120.8845 265.3836
  13.000   0.9140   0.04720   0.01980   0.0288   0.0362   0.8502 122.4579 266.2493
  13.000   0.9140   0.04720   0.01980   0.0288   0.0362   0.8502 122.4581 266.2501
  13.000   0.9140   0.04720   0.01980   0.0288   0.0362   0.8502 122.4581 266.2501
  13.000   0.9140   0.04720   0.01980   0.0288   0.0362   0.8502 122.4581 266.2501
  13.000   0.9140   0.04720   0.01980   0.0288   0.0362   0.8502 122.4581 266.2501
  14.000   0.9727   0.05142   0.02182   0.0309   0.0328   0.8598 123.6356 267.2099
  14.000   0.9726   0.05142   0.02182   0.0309   0.0328   0.8598 123.6355 267.2093
  14.000   0.9726   0.05142   0.02182   0.0309   0.0328   0.8598 123.6355 267.2094
  14.000   0.9726   0.05142   0.02182   0.0309   0.0328   0.8598 123.6355 267.2094
  14.000   0.9726   0.05142   0.02182   0.0309   0.0328   0.8598 123.6355 267.2094
  15.000   1.0395   0.05530   0.02346   0.0326   0.0303   0.8706 124.5513 268.3317
  15.000   1.0395   0.05530   0.02346   0.0326   0.0303   0.8706 124.5513 268.3316
  15.000   1.0395   0.05530   0.02346   0.0326   0.0303   0.8706 124.5513 268.3316
  15.000   1.0395   0.05530   0.02346   0.0326   0.0303   0.8706 124.5513 268.3316
  15.000   1.0395   0.05530   0.02346   0.0326   0.0303   0.8706 124.5513 268.3316
  16.000   1.1075   0.05978   0.02557   0.0339   0.0286   0.8838 125.2077 269.7625
  16.000   1.1075   0.05978   0.02557   0.0339   0.0286   0.8838 125.2077 269.7626
  16.000   1.1075   0.05978   0.02557   0.0339   0.0286   0.8838 125.2077 269.7626
  16.000   1.1075   0.05978   0.02557   0.0339   0.0286   0.8838 125.2077 269.7626
  16.000   1.1075   0.05978   0.02557   0.0339   0.0286   0.8838 125.2077 269.7626
  17.000   1.1379   0.06778   0.03158   0.0363   0.0277   0.8987 125.6050 271.5356
  17.000   1.1379   0.06778   0.03158   0.0363   0.0277   0.8987 125.6050 271.5358
  17.000   1.1379   0.06778   0.03158   0.0363   0.0277   0.8987 125.6050 271.5358
  17.000   1.1379   0.06778   0.03158   0.0363   0.0277   0.8987 125.6050 271.5359
  17.000   1.1379   0.06778   0.03158   0.0363   0.0277   0.8987 125.6050 271.5359
  18.000   1.1812   0.07497   0.03629   0.0375   0.0267   0.9178 126.0066 274.1493
  18.000   1.1812   0.07497   0.03629   0.0375   0.0267   0.9178 126.0066 274.1470
  18.000   1.1812   0.07497   0.03629   0.0375   0.0267   0.9178 126.0066 274.1470
  18.000   1.1812   0.07497   0.03629   0.0375   0.0267   0.9178 126.0066 274.1470
  18.000   1.1812   0.07497   0.03629   0.0375   0.0267   0.9178 126.0066 274.1470
  19.000   1.1392   0.08984   0.05068   0.0388   0.0267   0.9438 126.0093 278.7719
  19.000   1.1392   0.08984   0.05068   0.0388   0.0267   0.9438 126.0093 278.7769
  19.000   1.1392   0.08984   0.05068   0.0388   0.0267   0.9438 126.0093 278.7769
  19.000   1.1392   0.08984   0.05068   0.0388   0.0267   0.9438 126.0093 278.7769
  19.000   1.1392   0.08984   0.05068   0.0388   0.0267   0.9438 126.0093 278.7769
