  
       XFOIL         Version 6.99
  
 Calculated polar for: AH 93-W-257                                     
  
 1 1 Reynolds number fixed          Mach number fixed         
  
 xtrf =   1.000 (top)        1.000 (bottom)  
 Mach =   0.000     Re =     0.350 e 6     Ncrit =   9.000  9.000
  
   alpha    CL        CD       CDp       CM     Top_Xtr  Bot_Xtr  Top_Itr  Bot_Itr
  ------ -------- --------- --------- -------- -------- -------- -------- --------
   0.000   0.3341   0.01624   0.00700  -0.0955   0.5468   0.5145  22.2106 132.4610
   0.000   0.3341   0.01624   0.00700  -0.0955   0.5468   0.5145  22.2106 132.4610
   0.000   0.3341   0.01624   0.00700  -0.0955   0.5468   0.5145  22.2106 132.4610
   0.000   0.3341   0.01624   0.00700  -0.0955   0.5468   0.5145  22.2106 132.4610
   0.000   0.3341   0.01624   0.00700  -0.0955   0.5468   0.5145  22.2106 132.4610
   1.000   0.4606   0.01642   0.00721  -0.0988   0.5372   0.5280  22.6618 133.1524
   1.000   0.4606   0.01642   0.00721  -0.0988   0.5372   0.5280  22.6618 133.1524
   1.000   0.4606   0.01642   0.00721  -0.0988   0.5372   0.5280  22.6618 133.1524
   1.000   0.4606   0.01642   0.00721  -0.0988   0.5372   0.5280  22.6618 133.1524
   1.000   0.4606   0.01642   0.00721  -0.0988   0.5372   0.5280  22.6618 133.1524
   2.000   0.5822   0.01718   0.00772  -0.1008   0.5284   0.5395  23.0756 133.7313
   2.000   0.5822   0.01718   0.00772  -0.1008   0.5284   0.5395  23.0756 133.7311
   2.000   0.5822   0.01718   0.00772  -0.1008   0.5284   0.5395  23.0756 133.7311
   2.000   0.5822   0.01718   0.00772  -0.1008   0.5284   0.5395  23.0756 133.7311
   2.000   0.5822   0.01718   0.00772  -0.1008   0.5284   0.5395  23.0756 133.7311
   3.000   0.7043   0.01745   0.00812  -0.1030   0.5185   0.5505  23.5515 134.2792
   3.000   0.7043   0.01745   0.00812  -0.1030   0.5185   0.5505  23.5515 134.2792
   3.000   0.7043   0.01745   0.00812  -0.1030   0.5185   0.5505  23.5515 134.2792
   3.000   0.7043   0.01745   0.00812  -0.1030   0.5185   0.5505  23.5515 134.2792
   3.000   0.7043   0.01745   0.00812  -0.1030   0.5185   0.5505  23.5515 134.2792
   4.000   0.8278   0.01813   0.00825  -0.1054   0.5091   0.5624  24.0090 134.8667
   4.000   0.8278   0.01813   0.00825  -0.1054   0.5091   0.5624  24.0090 134.8663
   4.000   0.8278   0.01813   0.00825  -0.1054   0.5091   0.5624  24.0090 134.8663
   4.000   0.8278   0.01813   0.00825  -0.1054   0.5091   0.5624  24.0090 134.8663
   4.000   0.8278   0.01813   0.00825  -0.1054   0.5091   0.5624  24.0090 134.8663
   5.000   0.9442   0.01850   0.00882  -0.1065   0.4988   0.5721  24.5235 135.3353
   5.000   0.9442   0.01850   0.00882  -0.1065   0.4988   0.5721  24.5235 135.3353
   5.000   0.9442   0.01850   0.00882  -0.1065   0.4988   0.5721  24.5235 135.3353
   5.000   0.9442   0.01850   0.00882  -0.1065   0.4988   0.5721  24.5235 135.3353
   5.000   0.9442   0.01850   0.00882  -0.1065   0.4988   0.5721  24.5235 135.3353
   6.000   1.0665   0.01903   0.00872  -0.1087   0.4884   0.5838  25.0435 135.8994
   6.000   1.0665   0.01903   0.00872  -0.1087   0.4884   0.5838  25.0435 135.8991
   6.000   1.0665   0.01903   0.00872  -0.1087   0.4884   0.5838  25.0435 135.8991
   6.000   1.0665   0.01903   0.00872  -0.1087   0.4884   0.5838  25.0435 135.8991
   6.000   1.0665   0.01903   0.00872  -0.1087   0.4884   0.5838  25.0435 135.8991
   7.000   1.1806   0.01910   0.00876  -0.1091   0.4751   0.5927  25.7305 136.3215
   7.000   1.1806   0.01910   0.00876  -0.1091   0.4751   0.5927  25.7305 136.3214
   7.000   1.1806   0.01910   0.00876  -0.1091   0.4751   0.5927  25.7305 136.3214
   7.000   1.1806   0.01910   0.00876  -0.1091   0.4751   0.5927  25.7305 136.3214
   7.000   1.1806   0.01910   0.00876  -0.1091   0.4751   0.5927  25.7305 136.3214
   8.000   1.2941   0.01922   0.00829  -0.1095   0.4584   0.6039  26.6037 136.8484
   8.000   1.2941   0.01922   0.00829  -0.1095   0.4584   0.6039  26.6037 136.8484
   8.000   1.2941   0.01922   0.00829  -0.1095   0.4584   0.6039  26.6037 136.8484
   8.000   1.2941   0.01922   0.00829  -0.1095   0.4584   0.6039  26.6037 136.8484
   8.000   1.2941   0.01922   0.00829  -0.1095   0.4584   0.6039  26.6037 136.8484
   9.000   1.4009   0.01910   0.00756  -0.1086   0.4370   0.6132  27.7495 137.2830
   9.000   1.4009   0.01910   0.00756  -0.1086   0.4370   0.6132  27.7496 137.2828
   9.000   1.4009   0.01910   0.00756  -0.1086   0.4370   0.6132  27.7496 137.2828
   9.000   1.4009   0.01910   0.00756  -0.1086   0.4370   0.6132  27.7496 137.2828
   9.000   1.4009   0.01910   0.00756  -0.1086   0.4370   0.6132  27.7496 137.2828
  10.000   1.4951   0.01955   0.00703  -0.1059   0.4092   0.6235  29.2720 137.7594
  10.000   1.4951   0.01955   0.00703  -0.1059   0.4092   0.6235  29.2720 137.7586
  10.000   1.4951   0.01955   0.00703  -0.1059   0.4092   0.6235  29.2720 137.7586
  10.000   1.4951   0.01955   0.00703  -0.1059   0.4092   0.6235  29.2720 137.7586
  10.000   1.4951   0.01955   0.00703  -0.1059   0.4092   0.6235  29.2720 137.7586
  11.000   1.5619   0.02077   0.00686  -0.0995   0.3727   0.6328  31.3322 138.1940
  11.000   1.5619   0.02077   0.00686  -0.0995   0.3727   0.6328  31.3322 138.1940
  11.000   1.5619   0.02077   0.00686  -0.0995   0.3727   0.6328  31.3322 138.1940
  11.000   1.5619   0.02077   0.00686  -0.0995   0.3727   0.6328  31.3322 138.1940
  11.000   1.5619   0.02077   0.00686  -0.0995   0.3727   0.6328  31.3322 138.1940
  12.000   1.5709   0.02547   0.00875  -0.0886   0.3235   0.6417  34.1704 138.6085
  12.000   1.5709   0.02547   0.00875  -0.0886   0.3235   0.6417  34.1704 138.6085
  12.000   1.5709   0.02547   0.00875  -0.0886   0.3235   0.6417  34.1704 138.6085
  12.000   1.5709   0.02547   0.00875  -0.0886   0.3235   0.6417  34.1704 138.6085
  12.000   1.5709   0.02547   0.00875  -0.0886   0.3235   0.6417  34.1704 138.6085
  13.000   1.5283   0.03839   0.01624  -0.0835   0.2601   0.6497  37.9434 138.9806
  13.000   1.5283   0.03839   0.01624  -0.0835   0.2600   0.6497  37.9437 138.9810
  13.000   1.5283   0.03839   0.01624  -0.0835   0.2600   0.6497  37.9437 138.9810
  13.000   1.5283   0.03839   0.01624  -0.0835   0.2600   0.6497  37.9437 138.9810
  13.000   1.5283   0.03839   0.01624  -0.0835   0.2600   0.6497  37.9437 138.9810
  14.000   1.4627   0.05478   0.02736  -0.0797   0.2043   0.6555  41.4556 139.2541
  14.000   1.4627   0.05478   0.02736  -0.0797   0.2043   0.6555  41.4556 139.2542
  14.000   1.4627   0.05478   0.02736  -0.0797   0.2043   0.6555  41.4556 139.2542
  14.000   1.4627   0.05478   0.02736  -0.0797   0.2043   0.6555  41.4556 139.2542
  14.000   1.4627   0.05478   0.02736  -0.0797   0.2043   0.6555  41.4556 139.2542
  15.000   1.4163   0.07111   0.03927  -0.0784   0.1573   0.6622  44.7448 139.5743
  15.000   1.4163   0.07110   0.03927  -0.0784   0.1573   0.6622  44.7447 139.5747
  15.000   1.4163   0.07110   0.03927  -0.0784   0.1573   0.6622  44.7447 139.5747
  15.000   1.4163   0.07110   0.03927  -0.0784   0.1573   0.6622  44.7447 139.5747
  15.000   1.4163   0.07110   0.03927  -0.0784   0.1573   0.6622  44.7447 139.5747
  16.000   1.3867   0.08689   0.05153  -0.0790   0.1192   0.6693  47.9092 139.9083
  16.000   1.3867   0.08689   0.05153  -0.0790   0.1192   0.6693  47.9092 139.9080
  16.000   1.3867   0.08689   0.05153  -0.0790   0.1192   0.6693  47.9092 139.9080
  16.000   1.3867   0.08689   0.05153  -0.0790   0.1192   0.6693  47.9092 139.9080
  16.000   1.3867   0.08689   0.05153  -0.0790   0.1192   0.6693  47.9092 139.9080
  17.000   1.3677   0.10205   0.06451  -0.0808   0.0897   0.6754  50.9622 140.2055
  17.000   1.3677   0.10205   0.06451  -0.0808   0.0897   0.6754  50.9623 140.2053
  17.000   1.3677   0.10205   0.06451  -0.0808   0.0897   0.6754  50.9622 140.2053
  17.000   1.3677   0.10205   0.06451  -0.0808   0.0897   0.6754  50.9622 140.2053
  17.000   1.3677   0.10205   0.06451  -0.0808   0.0897   0.6754  50.9622 140.2053
  18.000   1.3582   0.11641   0.07824  -0.0836   0.0687   0.6830  53.7003 140.5760
  18.000   1.3582   0.11641   0.07824  -0.0836   0.0687   0.6830  53.7006 140.5756
  18.000   1.3582   0.11641   0.07824  -0.0836   0.0687   0.6830  53.7006 140.5756
  18.000   1.3582   0.11641   0.07824  -0.0836   0.0687   0.6830  53.7006 140.5756
  18.000   1.3582   0.11641   0.07824  -0.0836   0.0687   0.6830  53.7006 140.5756
  19.000   1.3567   0.13023   0.09322  -0.0879   0.0552   0.6910  55.8280 140.9676
  19.000   1.3567   0.13023   0.09322  -0.0879   0.0552   0.6910  55.8280 140.9676
  19.000   1.3567   0.13023   0.09322  -0.0879   0.0552   0.6910  55.8280 140.9676
  19.000   1.3567   0.13023   0.09322  -0.0879   0.0552   0.6910  55.8280 140.9676
  19.000   1.3567   0.13023   0.09322  -0.0879   0.0552   0.6910  55.8280 140.9676
