  
       XFOIL         Version 6.99
  
 Calculated polar for: SP4621HP                                        
  
 1 1 Reynolds number fixed          Mach number fixed         
  
 xtrf =   1.000 (top)        1.000 (bottom)  
 Mach =   0.000     Re =     0.325 e 6     Ncrit =   9.000  9.000
  
   alpha    CL        CD       CDp       CM     Top_Xtr  Bot_Xtr  Top_Itr  Bot_Itr
  ------ -------- --------- --------- -------- -------- -------- -------- --------
   0.000   0.6203   0.02152   0.01258  -0.1388   0.6313   0.5625  50.8123 240.5138
   0.000   0.6203   0.02152   0.01258  -0.1388   0.6313   0.5625  50.8123 240.5137
   0.000   0.6203   0.02152   0.01258  -0.1388   0.6313   0.5625  50.8123 240.5137
   0.000   0.6203   0.02152   0.01258  -0.1388   0.6313   0.5625  50.8123 240.5137
   0.000   0.6203   0.02152   0.01258  -0.1388   0.6313   0.5625  50.8123 240.5137
   1.000   0.7900   0.01812   0.00908  -0.1587   0.6175   0.5599  52.1324 240.2726
   1.000   0.7900   0.01812   0.00908  -0.1587   0.6175   0.5599  52.1324 240.2726
   1.000   0.7900   0.01812   0.00908  -0.1587   0.6175   0.5599  52.1324 240.2726
   1.000   0.7900   0.01812   0.00908  -0.1587   0.6175   0.5599  52.1324 240.2726
   1.000   0.7900   0.01812   0.00908  -0.1587   0.6175   0.5599  52.1324 240.2726
   2.000   0.9211   0.01742   0.00817  -0.1651   0.6032   0.5609  53.5107 240.3680
   2.000   0.9211   0.01742   0.00817  -0.1651   0.6032   0.5609  53.5107 240.3680
   2.000   0.9211   0.01742   0.00817  -0.1651   0.6032   0.5609  53.5107 240.3680
   2.000   0.9211   0.01742   0.00817  -0.1651   0.6032   0.5609  53.5107 240.3680
   2.000   0.9211   0.01742   0.00817  -0.1651   0.6032   0.5609  53.5107 240.3680
   3.000   1.0487   0.01711   0.00751  -0.1702   0.5898   0.5623  54.8172 240.4980
   3.000   1.0487   0.01711   0.00751  -0.1702   0.5898   0.5623  54.8172 240.4980
   3.000   1.0487   0.01711   0.00751  -0.1702   0.5898   0.5623  54.8172 240.4980
   3.000   1.0487   0.01711   0.00751  -0.1702   0.5898   0.5623  54.8172 240.4980
   3.000   1.0487   0.01711   0.00751  -0.1702   0.5898   0.5623  54.8172 240.4980
   4.000   1.1711   0.01706   0.00703  -0.1739   0.5748   0.5649  56.2926 240.7356
   4.000   1.1711   0.01706   0.00703  -0.1739   0.5748   0.5649  56.2926 240.7356
   4.000   1.1711   0.01706   0.00703  -0.1739   0.5748   0.5649  56.2926 240.7356
   4.000   1.1711   0.01706   0.00703  -0.1739   0.5748   0.5649  56.2926 240.7356
   4.000   1.1711   0.01706   0.00703  -0.1739   0.5748   0.5649  56.2926 240.7356
   5.000   1.2867   0.01685   0.00613  -0.1759   0.5523   0.5678  58.5196 240.9994
   5.000   1.2867   0.01685   0.00613  -0.1759   0.5523   0.5678  58.5196 240.9994
   5.000   1.2867   0.01685   0.00613  -0.1759   0.5523   0.5678  58.5196 240.9994
   5.000   1.2867   0.01685   0.00613  -0.1759   0.5523   0.5678  58.5196 240.9994
   5.000   1.2867   0.01685   0.00613  -0.1759   0.5523   0.5678  58.5196 240.9994
   6.000   1.3934   0.01694   0.00572  -0.1758   0.5308   0.5704  60.6665 241.2413
   6.000   1.3934   0.01694   0.00572  -0.1758   0.5308   0.5704  60.6665 241.2413
   6.000   1.3934   0.01694   0.00572  -0.1758   0.5308   0.5704  60.6665 241.2413
   6.000   1.3934   0.01694   0.00572  -0.1758   0.5308   0.5704  60.6665 241.2413
   6.000   1.3934   0.01694   0.00572  -0.1758   0.5308   0.5704  60.6665 241.2413
   7.000   1.4924   0.01722   0.00524  -0.1742   0.5050   0.5743  63.2637 241.5983
   7.000   1.4924   0.01722   0.00524  -0.1742   0.5050   0.5743  63.2636 241.5980
   7.000   1.4924   0.01722   0.00524  -0.1742   0.5050   0.5743  63.2636 241.5980
   7.000   1.4924   0.01722   0.00524  -0.1742   0.5050   0.5743  63.2636 241.5980
   7.000   1.4924   0.01722   0.00524  -0.1742   0.5050   0.5743  63.2636 241.5980
   8.000   1.5783   0.01781   0.00481  -0.1702   0.4718   0.5792  66.6304 242.0494
   8.000   1.5783   0.01781   0.00481  -0.1702   0.4718   0.5792  66.6304 242.0495
   8.000   1.5783   0.01781   0.00481  -0.1702   0.4718   0.5792  66.6304 242.0495
   8.000   1.5783   0.01781   0.00481  -0.1702   0.4718   0.5792  66.6304 242.0495
   8.000   1.5783   0.01781   0.00481  -0.1702   0.4718   0.5792  66.6304 242.0495
   9.000   1.6288   0.01910   0.00475  -0.1598   0.4261   0.5836  71.3021 242.4488
   9.000   1.6288   0.01910   0.00475  -0.1598   0.4261   0.5836  71.3018 242.4478
   9.000   1.6288   0.01910   0.00475  -0.1598   0.4261   0.5836  71.3018 242.4477
   9.000   1.6288   0.01910   0.00475  -0.1598   0.4261   0.5836  71.3018 242.4477
   9.000   1.6288   0.01910   0.00475  -0.1598   0.4261   0.5836  71.3018 242.4477
  10.000   1.6117   0.02484   0.00709  -0.1421   0.3031   0.5884  84.1675 242.8910
  10.000   1.6117   0.02484   0.00709  -0.1421   0.3031   0.5884  84.1679 242.8909
  10.000   1.6117   0.02484   0.00709  -0.1421   0.3031   0.5884  84.1679 242.8909
  10.000   1.6117   0.02484   0.00709  -0.1421   0.3031   0.5884  84.1679 242.8909
  10.000   1.6117   0.02484   0.00709  -0.1421   0.3031   0.5884  84.1679 242.8909
  11.000   1.5240   0.04045   0.01723  -0.1268   0.1791   0.5915  97.4473 243.1799
  11.000   1.5240   0.04045   0.01723  -0.1268   0.1791   0.5915  97.4475 243.1798
  11.000   1.5240   0.04045   0.01723  -0.1268   0.1791   0.5915  97.4476 243.1798
  11.000   1.5240   0.04045   0.01723  -0.1268   0.1791   0.5915  97.4476 243.1798
  11.000   1.5240   0.04045   0.01723  -0.1268   0.1791   0.5915  97.4476 243.1798
  12.000   1.5016   0.05303   0.02606  -0.1207   0.1450   0.5969 101.2771 243.6741
  12.000   1.5016   0.05303   0.02606  -0.1207   0.1450   0.5969 101.2773 243.6735
  12.000   1.5016   0.05303   0.02606  -0.1207   0.1450   0.5969 101.2774 243.6734
  12.000   1.5016   0.05303   0.02606  -0.1207   0.1450   0.5969 101.2774 243.6734
  12.000   1.5016   0.05303   0.02606  -0.1207   0.1450   0.5969 101.2774 243.6734
  13.000   1.5031   0.06399   0.03385  -0.1170   0.1278   0.6031 103.3242 244.2533
  13.000   1.5031   0.06399   0.03385  -0.1170   0.1278   0.6032 103.3237 244.2544
  13.000   1.5031   0.06399   0.03385  -0.1170   0.1278   0.6032 103.3236 244.2547
  13.000   1.5031   0.06399   0.03385  -0.1170   0.1278   0.6032 103.3236 244.2547
  13.000   1.5031   0.06399   0.03385  -0.1170   0.1278   0.6032 103.3236 244.2547
  14.000   1.5177   0.07389   0.04083  -0.1145   0.1158   0.6116 104.8213 245.0338
  14.000   1.5177   0.07389   0.04083  -0.1145   0.1158   0.6116 104.8213 245.0339
  14.000   1.5177   0.07389   0.04083  -0.1145   0.1158   0.6116 104.8213 245.0340
  14.000   1.5177   0.07389   0.04083  -0.1145   0.1158   0.6116 104.8213 245.0340
  14.000   1.5177   0.07389   0.04083  -0.1145   0.1158   0.6116 104.8213 245.0340
  15.000   1.3671   0.08947   0.03435  -0.0925   0.1099   0.6139 105.5978 245.2435
  15.000   1.3671   0.08947   0.03435  -0.0925   0.1099   0.6139 105.5979 245.2431
  15.000   1.3671   0.08947   0.03435  -0.0925   0.1099   0.6139 105.5979 245.2430
  15.000   1.3671   0.08947   0.03435  -0.0925   0.1099   0.6139 105.5979 245.2430
  15.000   1.3671   0.08947   0.03435  -0.0925   0.1099   0.6139 105.5979 245.2429
  16.000   1.5728   0.09060   0.05239  -0.1110   0.0984   0.6361 107.1630 247.3084
  16.000   1.5728   0.09060   0.05239  -0.1110   0.0984   0.6361 107.1632 247.3068
  16.000   1.5728   0.09060   0.05239  -0.1110   0.0984   0.6361 107.1632 247.3063
  16.000   1.5728   0.09060   0.05239  -0.1110   0.0984   0.6361 107.1632 247.3063
  16.000   1.5728   0.09060   0.05239  -0.1110   0.0984   0.6361 107.1632 247.3063
  17.000   1.6072   0.09808   0.05767  -0.1100   0.0914   0.6558 108.1832 249.1533
  17.000   1.6071   0.09808   0.05767  -0.1100   0.0914   0.6558 108.1830 249.1551
  17.000   1.6071   0.09808   0.05767  -0.1100   0.0914   0.6558 108.1830 249.1556
  17.000   1.6071   0.09808   0.05767  -0.1100   0.0914   0.6558 108.1830 249.1557
  17.000   1.6071   0.09808   0.05767  -0.1100   0.0914   0.6558 108.1830 249.1557
  18.000   1.6424   0.10535   0.06312  -0.1094   0.0851   0.6845 109.1473 251.8621
  18.000   1.6424   0.10535   0.06312  -0.1094   0.0851   0.6845 109.1473 251.8610
  18.000   1.6424   0.10535   0.06312  -0.1094   0.0851   0.6845 109.1473 251.8608
  18.000   1.6424   0.10535   0.06312  -0.1094   0.0851   0.6845 109.1473 251.8608
  18.000   1.6424   0.10535   0.06312  -0.1094   0.0851   0.6845 109.1473 251.8608
  19.000   1.6731   0.11325   0.06984  -0.1098   0.0791   0.7257 110.1153 255.8311
  19.000   1.6731   0.11325   0.06984  -0.1098   0.0791   0.7257 110.1154 255.8256
  19.000   1.6731   0.11325   0.06984  -0.1098   0.0791   0.7257 110.1154 255.8249
  19.000   1.6731   0.11325   0.06984  -0.1098   0.0791   0.7257 110.1154 255.8248
  19.000   1.6731   0.11325   0.06984  -0.1098   0.0791   0.7257 110.1154 255.8248
