  
       XFOIL         Version 6.99
  
 Calculated polar for: B-29 ROOT AIRFOIL                               
  
 1 1 Reynolds number fixed          Mach number fixed         
  
 xtrf =   1.000 (top)        1.000 (bottom)  
 Mach =   0.000     Re =     0.550 e 6     Ncrit =   9.000  9.000
  
   alpha    CL        CD       CDp       CM     Top_Xtr  Bot_Xtr  Top_Itr  Bot_Itr
  ------ -------- --------- --------- -------- -------- -------- -------- --------
   0.000   0.0724   0.00932   0.00110  -0.0030   0.5376   0.6486  24.8689 141.3154
   0.000   0.0724   0.00932   0.00110  -0.0030   0.5376   0.6486  24.8689 141.3154
   0.000   0.0724   0.00932   0.00110  -0.0030   0.5376   0.6486  24.8689 141.3154
   0.000   0.0724   0.00932   0.00110  -0.0030   0.5376   0.6486  24.8689 141.3154
   0.000   0.0724   0.00932   0.00110  -0.0030   0.5376   0.6486  24.8689 141.3154
   1.000   0.1602   0.00925   0.00116   0.0021   0.5215   0.7088  25.6996 144.1594
   1.000   0.1602   0.00925   0.00116   0.0021   0.5215   0.7088  25.6997 144.1593
   1.000   0.1602   0.00925   0.00116   0.0021   0.5215   0.7088  25.6997 144.1593
   1.000   0.1602   0.00925   0.00116   0.0021   0.5215   0.7088  25.6997 144.1593
   1.000   0.1602   0.00925   0.00116   0.0021   0.5215   0.7088  25.6997 144.1593
   2.000   0.2498   0.00928   0.00123   0.0068   0.5063   0.7682  26.4966 146.9748
   2.000   0.2498   0.00928   0.00123   0.0068   0.5063   0.7682  26.4966 146.9748
   2.000   0.2498   0.00928   0.00123   0.0068   0.5063   0.7682  26.4966 146.9748
   2.000   0.2498   0.00928   0.00123   0.0068   0.5063   0.7682  26.4966 146.9748
   2.000   0.2498   0.00928   0.00123   0.0068   0.5063   0.7682  26.4966 146.9748
   3.000   0.3472   0.00944   0.00131   0.0098   0.4912   0.8242  27.2908 149.6774
   3.000   0.3472   0.00944   0.00131   0.0098   0.4912   0.8242  27.2908 149.6775
   3.000   0.3472   0.00944   0.00131   0.0098   0.4912   0.8242  27.2908 149.6775
   3.000   0.3472   0.00944   0.00131   0.0098   0.4912   0.8242  27.2908 149.6775
   3.000   0.3472   0.00944   0.00131   0.0098   0.4912   0.8242  27.2908 149.6775
   4.000   0.4555   0.00983   0.00147   0.0104   0.4762   0.8739  28.0894 152.1669
   4.000   0.4555   0.00983   0.00147   0.0104   0.4762   0.8740  28.0894 152.1676
   4.000   0.4555   0.00983   0.00147   0.0104   0.4762   0.8740  28.0894 152.1676
   4.000   0.4555   0.00983   0.00147   0.0104   0.4762   0.8740  28.0894 152.1676
   4.000   0.4555   0.00983   0.00147   0.0104   0.4762   0.8740  28.0894 152.1676
   5.000   0.5741   0.01044   0.00173   0.0087   0.4618   0.9106  28.8632 154.1024
   5.000   0.5741   0.01044   0.00173   0.0087   0.4618   0.9106  28.8632 154.1024
   5.000   0.5741   0.01044   0.00173   0.0087   0.4618   0.9106  28.8632 154.1024
   5.000   0.5741   0.01044   0.00173   0.0087   0.4618   0.9106  28.8632 154.1024
   5.000   0.5741   0.01044   0.00173   0.0087   0.4618   0.9106  28.8632 154.1024
   6.000   0.7117   0.01131   0.00216   0.0028   0.4474   0.9301  29.6392 155.1888
   6.000   0.7117   0.01131   0.00216   0.0028   0.4474   0.9301  29.6392 155.1887
   6.000   0.7117   0.01131   0.00216   0.0028   0.4474   0.9301  29.6392 155.1887
   6.000   0.7117   0.01131   0.00216   0.0028   0.4474   0.9301  29.6392 155.1887
   6.000   0.7117   0.01131   0.00216   0.0028   0.4474   0.9301  29.6392 155.1887
   7.000   0.8401   0.01236   0.00253  -0.0013   0.4331   0.9454  30.4237 156.0846
   7.000   0.8401   0.01236   0.00253  -0.0013   0.4331   0.9454  30.4242 156.0841
   7.000   0.8401   0.01236   0.00253  -0.0013   0.4331   0.9454  30.4242 156.0841
   7.000   0.8401   0.01236   0.00253  -0.0013   0.4331   0.9454  30.4242 156.0841
   7.000   0.8401   0.01236   0.00253  -0.0013   0.4331   0.9454  30.4242 156.0841
   8.000   0.9566   0.01337   0.00263  -0.0033   0.4142   0.9606  31.4676 157.0273
   8.000   0.9566   0.01337   0.00263  -0.0033   0.4142   0.9606  31.4676 157.0274
   8.000   0.9566   0.01337   0.00263  -0.0033   0.4142   0.9606  31.4676 157.0274
   8.000   0.9566   0.01337   0.00263  -0.0033   0.4142   0.9606  31.4676 157.0274
   8.000   0.9566   0.01337   0.00263  -0.0033   0.4142   0.9606  31.4676 157.0274
   9.000   1.0692   0.01440   0.00253  -0.0056   0.3888   0.9756  32.8901 158.0254
   9.000   1.0692   0.01440   0.00253  -0.0056   0.3888   0.9756  32.8901 158.0255
   9.000   1.0692   0.01440   0.00253  -0.0056   0.3888   0.9756  32.8901 158.0255
   9.000   1.0692   0.01440   0.00253  -0.0056   0.3888   0.9756  32.8901 158.0255
   9.000   1.0692   0.01440   0.00253  -0.0056   0.3888   0.9756  32.8901 158.0255
  10.000   1.1904   0.01548   0.00269  -0.0106   0.3667   0.9870  34.1548 158.8530
  10.000   1.1904   0.01548   0.00269  -0.0106   0.3667   0.9870  34.1548 158.8531
  10.000   1.1904   0.01548   0.00269  -0.0106   0.3667   0.9870  34.1548 158.8531
  10.000   1.1904   0.01548   0.00269  -0.0106   0.3667   0.9870  34.1548 158.8531
  10.000   1.1904   0.01548   0.00269  -0.0106   0.3667   0.9870  34.1548 158.8531
  11.000   1.3008   0.01704   0.00309  -0.0153   0.3377   0.9991  35.8420 159.9142
  11.000   1.3008   0.01704   0.00309  -0.0153   0.3377   0.9990  35.8422 159.9126
  11.000   1.3008   0.01704   0.00309  -0.0153   0.3377   0.9990  35.8422 159.9126
  11.000   1.3008   0.01704   0.00309  -0.0153   0.3377   0.9990  35.8422 159.9126
  11.000   1.3008   0.01704   0.00309  -0.0153   0.3377   0.9990  35.8422 159.9126
  12.000   1.2979   0.01992   0.00356  -0.0011   0.3099   1.0000  37.5049 160.0000
  12.000   1.2979   0.01992   0.00356  -0.0011   0.3099   1.0000  37.5049 160.0000
  12.000   1.2979   0.01992   0.00356  -0.0011   0.3099   1.0000  37.5049 160.0000
  12.000   1.2979   0.01992   0.00356  -0.0011   0.3099   1.0000  37.5049 160.0000
  12.000   1.2979   0.01992   0.00356  -0.0011   0.3099   1.0000  37.5049 160.0000
  13.000   1.2730   0.02500   0.00515   0.0132   0.2722   1.0000  39.8204 160.0000
  13.000   1.2730   0.02500   0.00515   0.0132   0.2722   1.0000  39.8205 160.0000
  13.000   1.2730   0.02500   0.00515   0.0132   0.2722   1.0000  39.8205 160.0000
  13.000   1.2730   0.02500   0.00515   0.0132   0.2722   1.0000  39.8205 160.0000
  13.000   1.2730   0.02500   0.00515   0.0132   0.2722   1.0000  39.8205 160.0000
  14.000   1.2294   0.03330   0.00906   0.0249   0.2199   1.0000  43.1774 160.0000
  14.000   1.2294   0.03330   0.00906   0.0249   0.2199   1.0000  43.1762 160.0000
  14.000   1.2294   0.03330   0.00906   0.0249   0.2199   1.0000  43.1762 160.0000
  14.000   1.2294   0.03330   0.00906   0.0249   0.2199   1.0000  43.1762 160.0000
  14.000   1.2294   0.03330   0.00906   0.0249   0.2199   1.0000  43.1762 160.0000
  15.000   1.1687   0.04540   0.01638   0.0329   0.1647   1.0000  47.0408 160.0000
  15.000   1.1687   0.04540   0.01638   0.0329   0.1647   1.0000  47.0404 160.0000
  15.000   1.1687   0.04540   0.01638   0.0329   0.1647   1.0000  47.0404 160.0000
  15.000   1.1687   0.04540   0.01638   0.0329   0.1647   1.0000  47.0404 160.0000
  15.000   1.1687   0.04540   0.01638   0.0329   0.1647   1.0000  47.0404 160.0000
  17.000   1.1139   0.06880   0.03248   0.0384   0.1035   1.0000  52.3134 160.0000
  17.000   1.1139   0.06881   0.03248   0.0384   0.1035   1.0000  52.3134 160.0000
  17.000   1.1139   0.06881   0.03248   0.0384   0.1035   1.0000  52.3134 160.0000
  17.000   1.1139   0.06881   0.03248   0.0384   0.1035   1.0000  52.3134 160.0000
  17.000   1.1139   0.06881   0.03248   0.0384   0.1035   1.0000  52.3134 160.0000
  18.000   1.1015   0.08037   0.04103   0.0386   0.0883   1.0000  53.9817 160.0000
  18.000   1.1015   0.08037   0.04103   0.0386   0.0883   1.0000  53.9816 160.0000
  18.000   1.1015   0.08037   0.04103   0.0386   0.0883   1.0000  53.9816 160.0000
  18.000   1.1015   0.08037   0.04103   0.0386   0.0883   1.0000  53.9816 160.0000
  18.000   1.1015   0.08037   0.04103   0.0386   0.0883   1.0000  53.9816 160.0000
  19.000   1.1023   0.09097   0.04904   0.0379   0.0786   1.0000  55.1930 160.0000
  19.000   1.1023   0.09097   0.04904   0.0379   0.0786   1.0000  55.1931 160.0000
  19.000   1.1023   0.09097   0.04904   0.0379   0.0786   1.0000  55.1931 160.0000
  19.000   1.1023   0.09097   0.04904   0.0379   0.0786   1.0000  55.1931 160.0000
  19.000   1.1023   0.09097   0.04904   0.0379   0.0786   1.0000  55.1931 160.0000
