  
       XFOIL         Version 6.99
  
 Calculated polar for: B-29 ROOT AIRFOIL                               
  
 1 1 Reynolds number fixed          Mach number fixed         
  
 xtrf =   1.000 (top)        1.000 (bottom)  
 Mach =   0.000     Re =     0.425 e 6     Ncrit =   9.000  9.000
  
   alpha    CL        CD       CDp       CM     Top_Xtr  Bot_Xtr  Top_Itr  Bot_Itr
  ------ -------- --------- --------- -------- -------- -------- -------- --------
   0.000   0.0700   0.01032   0.00170  -0.0025   0.5512   0.6741  24.1687 142.5194
   0.000   0.0700   0.01032   0.00170  -0.0025   0.5512   0.6741  24.1687 142.5194
   0.000   0.0700   0.01032   0.00170  -0.0025   0.5512   0.6741  24.1687 142.5194
   0.000   0.0700   0.01032   0.00170  -0.0025   0.5512   0.6741  24.1687 142.5194
   0.000   0.0700   0.01032   0.00170  -0.0025   0.5512   0.6741  24.1687 142.5194
   1.000   0.1625   0.01034   0.00178   0.0016   0.5347   0.7340  25.0148 145.3516
   1.000   0.1625   0.01034   0.00178   0.0016   0.5347   0.7340  25.0148 145.3516
   1.000   0.1625   0.01034   0.00178   0.0016   0.5347   0.7340  25.0148 145.3516
   1.000   0.1625   0.01034   0.00178   0.0016   0.5347   0.7340  25.0148 145.3516
   1.000   0.1625   0.01034   0.00178   0.0016   0.5347   0.7340  25.0148 145.3516
   2.000   0.2566   0.01038   0.00190   0.0054   0.5192   0.7922  25.8185 148.1256
   2.000   0.2566   0.01038   0.00190   0.0054   0.5192   0.7922  25.8185 148.1256
   2.000   0.2566   0.01038   0.00190   0.0054   0.5192   0.7922  25.8185 148.1256
   2.000   0.2566   0.01038   0.00190   0.0054   0.5192   0.7922  25.8185 148.1256
   2.000   0.2566   0.01038   0.00190   0.0054   0.5192   0.7922  25.8185 148.1256
   3.000   0.3647   0.01068   0.00213   0.0062   0.5036   0.8450  26.6375 150.7049
   3.000   0.3647   0.01068   0.00213   0.0062   0.5036   0.8450  26.6375 150.7048
   3.000   0.3647   0.01068   0.00213   0.0062   0.5036   0.8450  26.6375 150.7048
   3.000   0.3647   0.01068   0.00213   0.0062   0.5036   0.8450  26.6375 150.7048
   3.000   0.3647   0.01068   0.00213   0.0062   0.5036   0.8450  26.6375 150.7048
   4.000   0.4839   0.01129   0.00247   0.0047   0.4884   0.8872  27.4424 152.8519
   4.000   0.4839   0.01129   0.00247   0.0047   0.4884   0.8872  27.4423 152.8527
   4.000   0.4839   0.01129   0.00247   0.0047   0.4884   0.8872  27.4423 152.8527
   4.000   0.4839   0.01129   0.00247   0.0047   0.4884   0.8872  27.4423 152.8527
   4.000   0.4839   0.01129   0.00247   0.0047   0.4884   0.8872  27.4423 152.8527
   5.000   0.6211   0.01220   0.00292  -0.0008   0.4734   0.9121  28.2373 154.1859
   5.000   0.6211   0.01220   0.00292  -0.0008   0.4734   0.9121  28.2373 154.1859
   5.000   0.6211   0.01220   0.00292  -0.0008   0.4734   0.9121  28.2373 154.1859
   5.000   0.6211   0.01220   0.00292  -0.0008   0.4734   0.9121  28.2373 154.1859
   5.000   0.6211   0.01220   0.00292  -0.0008   0.4734   0.9121  28.2373 154.1859
   6.000   0.7613   0.01325   0.00335  -0.0071   0.4583   0.9287  29.0475 155.1100
   6.000   0.7613   0.01325   0.00335  -0.0071   0.4583   0.9287  29.0474 155.1101
   6.000   0.7613   0.01325   0.00335  -0.0071   0.4583   0.9287  29.0474 155.1101
   6.000   0.7613   0.01325   0.00335  -0.0071   0.4583   0.9287  29.0474 155.1101
   6.000   0.7613   0.01325   0.00335  -0.0071   0.4583   0.9287  29.0474 155.1101
   7.000   0.8897   0.01427   0.00375  -0.0111   0.4438   0.9446  29.8362 156.0340
   7.000   0.8897   0.01427   0.00375  -0.0111   0.4438   0.9446  29.8362 156.0340
   7.000   0.8897   0.01427   0.00375  -0.0111   0.4438   0.9446  29.8362 156.0340
   7.000   0.8897   0.01427   0.00375  -0.0111   0.4438   0.9446  29.8362 156.0340
   7.000   0.8897   0.01427   0.00375  -0.0111   0.4438   0.9446  29.8362 156.0340
   8.000   1.0274   0.01528   0.00392  -0.0175   0.4242   0.9570  30.9137 156.8023
   8.000   1.0274   0.01528   0.00392  -0.0175   0.4242   0.9570  30.9136 156.8030
   8.000   1.0274   0.01528   0.00392  -0.0175   0.4242   0.9570  30.9136 156.8030
   8.000   1.0274   0.01528   0.00392  -0.0175   0.4242   0.9570  30.9136 156.8030
   8.000   1.0274   0.01528   0.00392  -0.0175   0.4242   0.9570  30.9136 156.8030
   9.000   1.1303   0.01603   0.00372  -0.0177   0.3991   0.9766  32.3088 158.0944
   9.000   1.1303   0.01603   0.00372  -0.0177   0.3991   0.9766  32.3087 158.0946
   9.000   1.1303   0.01603   0.00372  -0.0177   0.3991   0.9766  32.3087 158.0946
   9.000   1.1303   0.01603   0.00372  -0.0177   0.3991   0.9766  32.3087 158.0946
   9.000   1.1303   0.01603   0.00372  -0.0177   0.3991   0.9766  32.3087 158.0946
  10.000   1.2450   0.01680   0.00366  -0.0213   0.3765   0.9917  33.5897 159.2438
  10.000   1.2450   0.01680   0.00366  -0.0213   0.3765   0.9917  33.5896 159.2442
  10.000   1.2450   0.01680   0.00366  -0.0213   0.3765   0.9917  33.5896 159.2442
  10.000   1.2450   0.01680   0.00366  -0.0213   0.3765   0.9917  33.5896 159.2442
  10.000   1.2450   0.01680   0.00366  -0.0213   0.3765   0.9917  33.5896 159.2442
  11.000   1.2998   0.01822   0.00361  -0.0156   0.3528   1.0000  34.9566 160.0000
  11.000   1.2998   0.01822   0.00361  -0.0156   0.3528   1.0000  34.9569 160.0000
  11.000   1.2998   0.01822   0.00361  -0.0156   0.3528   1.0000  34.9569 160.0000
  11.000   1.2998   0.01822   0.00361  -0.0156   0.3528   1.0000  34.9569 160.0000
  11.000   1.2998   0.01822   0.00361  -0.0156   0.3528   1.0000  34.9569 160.0000
  12.000   1.2842   0.02092   0.00390   0.0012   0.3288   1.0000  36.3742 160.0000
  12.000   1.2842   0.02092   0.00390   0.0012   0.3288   1.0000  36.3741 160.0000
  12.000   1.2842   0.02092   0.00390   0.0012   0.3288   1.0000  36.3741 160.0000
  12.000   1.2842   0.02092   0.00390   0.0012   0.3288   1.0000  36.3741 160.0000
  12.000   1.2842   0.02092   0.00390   0.0012   0.3288   1.0000  36.3741 160.0000
  13.000   1.2670   0.02550   0.00519   0.0147   0.2960   1.0000  38.3477 160.0000
  13.000   1.2670   0.02550   0.00519   0.0147   0.2960   1.0000  38.3477 160.0000
  13.000   1.2670   0.02550   0.00519   0.0147   0.2960   1.0000  38.3477 160.0000
  13.000   1.2670   0.02550   0.00519   0.0147   0.2960   1.0000  38.3477 160.0000
  13.000   1.2670   0.02550   0.00519   0.0147   0.2960   1.0000  38.3477 160.0000
  14.000   1.2331   0.03302   0.00853   0.0258   0.2504   1.0000  41.1891 160.0000
  14.000   1.2331   0.03302   0.00853   0.0258   0.2504   1.0000  41.1891 160.0000
  14.000   1.2331   0.03302   0.00853   0.0258   0.2504   1.0000  41.1891 160.0000
  14.000   1.2331   0.03302   0.00853   0.0258   0.2504   1.0000  41.1891 160.0000
  14.000   1.2331   0.03302   0.00853   0.0258   0.2504   1.0000  41.1891 160.0000
  15.000   1.1743   0.04482   0.01549   0.0337   0.1909   1.0000  45.1482 160.0000
  15.000   1.1743   0.04482   0.01549   0.0337   0.1909   1.0000  45.1487 160.0000
  15.000   1.1743   0.04482   0.01549   0.0337   0.1909   1.0000  45.1487 160.0000
  15.000   1.1743   0.04482   0.01549   0.0337   0.1909   1.0000  45.1487 160.0000
  15.000   1.1743   0.04482   0.01549   0.0337   0.1909   1.0000  45.1487 160.0000
  16.000   1.1248   0.05798   0.02444   0.0378   0.1463   1.0000  48.4608 160.0000
  16.000   1.1248   0.05798   0.02444   0.0378   0.1463   1.0000  48.4607 160.0000
  16.000   1.1248   0.05798   0.02444   0.0378   0.1463   1.0000  48.4607 160.0000
  16.000   1.1248   0.05798   0.02444   0.0378   0.1463   1.0000  48.4607 160.0000
  16.000   1.1248   0.05798   0.02444   0.0378   0.1463   1.0000  48.4607 160.0000
  17.000   1.0946   0.07069   0.03368   0.0393   0.1165   1.0000  51.0282 160.0000
  17.000   1.0946   0.07069   0.03368   0.0393   0.1165   1.0000  51.0285 160.0000
  17.000   1.0946   0.07069   0.03368   0.0393   0.1165   1.0000  51.0285 160.0000
  17.000   1.0946   0.07069   0.03368   0.0393   0.1165   1.0000  51.0285 160.0000
  17.000   1.0946   0.07069   0.03368   0.0393   0.1165   1.0000  51.0285 160.0000
  18.000   1.0845   0.08208   0.04216   0.0394   0.0981   1.0000  52.8843 160.0000
  18.000   1.0845   0.08208   0.04216   0.0394   0.0981   1.0000  52.8844 160.0000
  18.000   1.0845   0.08208   0.04216   0.0394   0.0981   1.0000  52.8844 160.0000
  18.000   1.0845   0.08208   0.04216   0.0394   0.0981   1.0000  52.8844 160.0000
  18.000   1.0845   0.08208   0.04216   0.0394   0.0981   1.0000  52.8844 160.0000
  19.000   1.0860   0.09265   0.05021   0.0386   0.0862   1.0000  54.2435 160.0000
  19.000   1.0860   0.09265   0.05021   0.0386   0.0862   1.0000  54.2438 160.0000
  19.000   1.0860   0.09265   0.05021   0.0386   0.0862   1.0000  54.2438 160.0000
  19.000   1.0860   0.09265   0.05021   0.0386   0.0862   1.0000  54.2438 160.0000
  19.000   1.0860   0.09265   0.05021   0.0386   0.0862   1.0000  54.2438 160.0000
