  
       XFOIL         Version 6.99
  
 Calculated polar for: B-29 ROOT AIRFOIL                               
  
 1 1 Reynolds number fixed          Mach number fixed         
  
 xtrf =   1.000 (top)        1.000 (bottom)  
 Mach =   0.000     Re =     0.500 e 6     Ncrit =   9.000  9.000
  
   alpha    CL        CD       CDp       CM     Top_Xtr  Bot_Xtr  Top_Itr  Bot_Itr
  ------ -------- --------- --------- -------- -------- -------- -------- --------
   0.000   0.0710   0.00964   0.00131  -0.0027   0.5425   0.6584  24.6159 141.7763
   0.000   0.0710   0.00964   0.00131  -0.0027   0.5425   0.6584  24.6159 141.7763
   0.000   0.0710   0.00964   0.00131  -0.0027   0.5425   0.6584  24.6159 141.7763
   0.000   0.0710   0.00964   0.00131  -0.0027   0.5425   0.6584  24.6159 141.7763
   0.000   0.0710   0.00964   0.00131  -0.0027   0.5425   0.6584  24.6159 141.7763
   1.000   0.1600   0.00960   0.00138   0.0021   0.5264   0.7182  25.4481 144.6047
   1.000   0.1600   0.00960   0.00138   0.0021   0.5264   0.7182  25.4482 144.6047
   1.000   0.1600   0.00960   0.00138   0.0021   0.5264   0.7182  25.4482 144.6047
   1.000   0.1600   0.00960   0.00138   0.0021   0.5264   0.7182  25.4482 144.6047
   1.000   0.1600   0.00960   0.00138   0.0021   0.5264   0.7182  25.4482 144.6047
   2.000   0.2530   0.00967   0.00146   0.0061   0.5110   0.7767  26.2471 147.3798
   2.000   0.2530   0.00967   0.00146   0.0061   0.5110   0.7767  26.2471 147.3798
   2.000   0.2530   0.00967   0.00146   0.0061   0.5110   0.7767  26.2471 147.3798
   2.000   0.2530   0.00967   0.00146   0.0061   0.5110   0.7767  26.2471 147.3798
   2.000   0.2530   0.00967   0.00146   0.0061   0.5110   0.7767  26.2471 147.3798
   3.000   0.3517   0.00989   0.00155   0.0089   0.4956   0.8324  27.0599 150.0800
   3.000   0.3517   0.00989   0.00155   0.0089   0.4956   0.8324  27.0599 150.0800
   3.000   0.3517   0.00989   0.00155   0.0089   0.4956   0.8324  27.0599 150.0800
   3.000   0.3517   0.00989   0.00155   0.0089   0.4956   0.8324  27.0599 150.0800
   3.000   0.3517   0.00989   0.00155   0.0089   0.4956   0.8324  27.0599 150.0800
   4.000   0.4691   0.01031   0.00180   0.0076   0.4805   0.8782  27.8584 152.3851
   4.000   0.4691   0.01031   0.00180   0.0076   0.4805   0.8782  27.8584 152.3856
   4.000   0.4691   0.01031   0.00180   0.0076   0.4805   0.8782  27.8584 152.3856
   4.000   0.4691   0.01031   0.00180   0.0076   0.4805   0.8782  27.8584 152.3856
   4.000   0.4691   0.01031   0.00180   0.0076   0.4805   0.8782  27.8584 152.3856
   5.000   0.5904   0.01100   0.00214   0.0054   0.4660   0.9116  28.6347 154.1553
   5.000   0.5904   0.01100   0.00214   0.0054   0.4660   0.9116  28.6347 154.1555
   5.000   0.5904   0.01100   0.00214   0.0054   0.4660   0.9116  28.6347 154.1555
   5.000   0.5904   0.01100   0.00214   0.0054   0.4660   0.9116  28.6347 154.1555
   5.000   0.5904   0.01100   0.00214   0.0054   0.4660   0.9116  28.6347 154.1555
   6.000   0.7292   0.01197   0.00259  -0.0007   0.4514   0.9296  29.4244 155.1637
   6.000   0.7292   0.01197   0.00259  -0.0007   0.4514   0.9296  29.4244 155.1633
   6.000   0.7292   0.01197   0.00259  -0.0007   0.4514   0.9296  29.4244 155.1633
   6.000   0.7292   0.01197   0.00259  -0.0007   0.4514   0.9296  29.4244 155.1633
   6.000   0.7292   0.01197   0.00259  -0.0007   0.4514   0.9296  29.4244 155.1633
   7.000   0.8576   0.01305   0.00296  -0.0048   0.4370   0.9450  30.2066 156.0581
   7.000   0.8576   0.01305   0.00296  -0.0048   0.4370   0.9450  30.2066 156.0581
   7.000   0.8576   0.01305   0.00296  -0.0048   0.4370   0.9450  30.2066 156.0581
   7.000   0.8576   0.01305   0.00296  -0.0048   0.4370   0.9450  30.2066 156.0581
   7.000   0.8576   0.01305   0.00296  -0.0048   0.4370   0.9450  30.2066 156.0581
   8.000   0.9901   0.01408   0.00315  -0.0101   0.4174   0.9570  31.2866 156.8015
   8.000   0.9901   0.01408   0.00315  -0.0101   0.4174   0.9570  31.2866 156.8018
   8.000   0.9901   0.01408   0.00315  -0.0101   0.4174   0.9570  31.2866 156.8018
   8.000   0.9901   0.01408   0.00315  -0.0101   0.4174   0.9570  31.2866 156.8018
   8.000   0.9901   0.01408   0.00315  -0.0101   0.4174   0.9570  31.2866 156.8018
   9.000   1.0902   0.01493   0.00295  -0.0097   0.3926   0.9759  32.6758 158.0468
   9.000   1.0902   0.01493   0.00295  -0.0097   0.3926   0.9759  32.6758 158.0468
   9.000   1.0902   0.01493   0.00295  -0.0097   0.3926   0.9759  32.6758 158.0468
   9.000   1.0902   0.01493   0.00295  -0.0097   0.3926   0.9759  32.6758 158.0468
   9.000   1.0902   0.01493   0.00295  -0.0097   0.3926   0.9759  32.6758 158.0468
  10.000   1.2046   0.01603   0.00299  -0.0134   0.3704   0.9894  33.9425 159.0341
  10.000   1.2046   0.01603   0.00299  -0.0134   0.3704   0.9894  33.9425 159.0342
  10.000   1.2046   0.01603   0.00299  -0.0134   0.3704   0.9894  33.9425 159.0342
  10.000   1.2046   0.01603   0.00299  -0.0134   0.3704   0.9894  33.9425 159.0342
  10.000   1.2046   0.01603   0.00299  -0.0134   0.3704   0.9894  33.9425 159.0342
  11.000   1.3100   0.01740   0.00333  -0.0172   0.3427   1.0000  35.5526 160.0000
  11.000   1.3100   0.01740   0.00333  -0.0172   0.3427   1.0000  35.5527 160.0000
  11.000   1.3100   0.01740   0.00333  -0.0172   0.3427   1.0000  35.5527 160.0000
  11.000   1.3100   0.01740   0.00333  -0.0172   0.3427   1.0000  35.5527 160.0000
  11.000   1.3100   0.01740   0.00333  -0.0172   0.3427   1.0000  35.5527 160.0000
  12.000   1.2893   0.02038   0.00369   0.0002   0.3176   1.0000  37.0414 160.0000
  12.000   1.2893   0.02038   0.00369   0.0002   0.3176   1.0000  37.0414 160.0000
  12.000   1.2893   0.02038   0.00369   0.0002   0.3176   1.0000  37.0414 160.0000
  12.000   1.2893   0.02038   0.00369   0.0002   0.3176   1.0000  37.0414 160.0000
  12.000   1.2893   0.02038   0.00369   0.0002   0.3176   1.0000  37.0414 160.0000
  13.000   1.2709   0.02515   0.00514   0.0138   0.2817   1.0000  39.2298 160.0000
  13.000   1.2709   0.02515   0.00514   0.0138   0.2817   1.0000  39.2298 160.0000
  13.000   1.2709   0.02515   0.00514   0.0138   0.2817   1.0000  39.2298 160.0000
  13.000   1.2709   0.02515   0.00514   0.0138   0.2817   1.0000  39.2298 160.0000
  13.000   1.2709   0.02515   0.00514   0.0138   0.2817   1.0000  39.2298 160.0000
  14.000   1.2323   0.03308   0.00879   0.0251   0.2317   1.0000  42.3956 160.0000
  14.000   1.2323   0.03308   0.00879   0.0251   0.2317   1.0000  42.3959 160.0000
  14.000   1.2323   0.03308   0.00879   0.0251   0.2317   1.0000  42.3959 160.0000
  14.000   1.2323   0.03308   0.00879   0.0251   0.2317   1.0000  42.3959 160.0000
  14.000   1.2323   0.03308   0.00879   0.0251   0.2317   1.0000  42.3959 160.0000
  15.000   1.1710   0.04518   0.01604   0.0332   0.1739   1.0000  46.3668 160.0000
  15.000   1.1710   0.04518   0.01604   0.0332   0.1739   1.0000  46.3669 160.0000
  15.000   1.1710   0.04518   0.01604   0.0332   0.1739   1.0000  46.3669 160.0000
  15.000   1.1710   0.04518   0.01604   0.0332   0.1739   1.0000  46.3669 160.0000
  15.000   1.1710   0.04518   0.01604   0.0332   0.1739   1.0000  46.3669 160.0000
  16.000   1.1300   0.05756   0.02441   0.0372   0.1347   1.0000  49.4154 160.0000
  16.000   1.1300   0.05756   0.02441   0.0372   0.1347   1.0000  49.4153 160.0000
  16.000   1.1300   0.05756   0.02441   0.0372   0.1347   1.0000  49.4153 160.0000
  16.000   1.1300   0.05756   0.02441   0.0372   0.1347   1.0000  49.4153 160.0000
  16.000   1.1300   0.05756   0.02441   0.0372   0.1347   1.0000  49.4153 160.0000
  17.000   1.1057   0.06963   0.03305   0.0387   0.1081   1.0000  51.8465 160.0000
  17.000   1.1057   0.06963   0.03305   0.0387   0.1081   1.0000  51.8465 160.0000
  17.000   1.1057   0.06963   0.03305   0.0387   0.1081   1.0000  51.8465 160.0000
  17.000   1.1057   0.06963   0.03305   0.0387   0.1081   1.0000  51.8465 160.0000
  17.000   1.1057   0.06963   0.03305   0.0387   0.1081   1.0000  51.8465 160.0000
  18.000   1.0974   0.08076   0.04123   0.0389   0.0918   1.0000  53.5846 160.0000
  18.000   1.0974   0.08076   0.04123   0.0389   0.0918   1.0000  53.5845 160.0000
  18.000   1.0974   0.08076   0.04123   0.0389   0.0918   1.0000  53.5845 160.0000
  18.000   1.0974   0.08076   0.04123   0.0389   0.0918   1.0000  53.5845 160.0000
  18.000   1.0974   0.08076   0.04123   0.0389   0.0918   1.0000  53.5845 160.0000
  19.000   1.0945   0.09182   0.04971   0.0381   0.0812   1.0000  54.8543 160.0000
  19.000   1.0945   0.09182   0.04971   0.0381   0.0812   1.0000  54.8546 160.0000
  19.000   1.0945   0.09182   0.04971   0.0381   0.0812   1.0000  54.8546 160.0000
  19.000   1.0945   0.09182   0.04971   0.0381   0.0812   1.0000  54.8546 160.0000
  19.000   1.0945   0.09182   0.04971   0.0381   0.0812   1.0000  54.8546 160.0000
