  
       XFOIL         Version 6.99
  
 Calculated polar for: B-29 ROOT AIRFOIL                               
  
 1 1 Reynolds number fixed          Mach number fixed         
  
 xtrf =   1.000 (top)        1.000 (bottom)  
 Mach =   0.000     Re =     0.350 e 6     Ncrit =   9.000  9.000
  
   alpha    CL        CD       CDp       CM     Top_Xtr  Bot_Xtr  Top_Itr  Bot_Itr
  ------ -------- --------- --------- -------- -------- -------- -------- --------
   0.000   0.0682   0.01123   0.00233  -0.0022   0.5617   0.6930  23.6363 143.4140
   0.000   0.0682   0.01123   0.00233  -0.0022   0.5617   0.6930  23.6363 143.4142
   0.000   0.0682   0.01123   0.00233  -0.0022   0.5617   0.6930  23.6363 143.4142
   0.000   0.0682   0.01123   0.00233  -0.0022   0.5617   0.6930  23.6363 143.4142
   0.000   0.0682   0.01123   0.00233  -0.0022   0.5617   0.6930  23.6363 143.4142
   1.000   0.1628   0.01129   0.00250   0.0015   0.5455   0.7533  24.4640 146.2661
   1.000   0.1628   0.01129   0.00250   0.0015   0.5455   0.7533  24.4640 146.2662
   1.000   0.1628   0.01129   0.00250   0.0015   0.5455   0.7533  24.4640 146.2662
   1.000   0.1628   0.01129   0.00250   0.0015   0.5455   0.7533  24.4640 146.2662
   1.000   0.1628   0.01129   0.00250   0.0015   0.5455   0.7533  24.4640 146.2662
   2.000   0.2631   0.01150   0.00268   0.0040   0.5297   0.8109  25.2769 149.0251
   2.000   0.2631   0.01150   0.00268   0.0040   0.5297   0.8109  25.2769 149.0251
   2.000   0.2631   0.01150   0.00268   0.0040   0.5297   0.8109  25.2769 149.0251
   2.000   0.2631   0.01150   0.00268   0.0040   0.5297   0.8109  25.2769 149.0251
   2.000   0.2631   0.01150   0.00268   0.0040   0.5297   0.8109  25.2769 149.0251
   3.000   0.3887   0.01203   0.00302   0.0013   0.5137   0.8568  26.1048 151.2962
   3.000   0.3887   0.01203   0.00302   0.0013   0.5137   0.8568  26.1048 151.2962
   3.000   0.3887   0.01203   0.00302   0.0013   0.5137   0.8568  26.1048 151.2962
   3.000   0.3887   0.01203   0.00302   0.0013   0.5137   0.8568  26.1048 151.2962
   3.000   0.3887   0.01203   0.00302   0.0013   0.5137   0.8568  26.1048 151.2962
   4.000   0.5160   0.01279   0.00342  -0.0018   0.4980   0.8920  26.9296 153.1078
   4.000   0.5160   0.01279   0.00342  -0.0018   0.4980   0.8920  26.9296 153.1078
   4.000   0.5160   0.01279   0.00342  -0.0018   0.4980   0.8920  26.9296 153.1078
   4.000   0.5160   0.01279   0.00342  -0.0018   0.4980   0.8920  26.9296 153.1078
   4.000   0.5160   0.01279   0.00342  -0.0018   0.4980   0.8920  26.9296 153.1078
   5.000   0.6613   0.01381   0.00401  -0.0088   0.4824   0.9115  27.7589 154.1546
   5.000   0.6613   0.01381   0.00401  -0.0088   0.4824   0.9115  27.7589 154.1545
   5.000   0.6613   0.01381   0.00401  -0.0088   0.4824   0.9115  27.7589 154.1545
   5.000   0.6613   0.01381   0.00401  -0.0088   0.4824   0.9115  27.7589 154.1545
   5.000   0.6613   0.01381   0.00401  -0.0088   0.4824   0.9115  27.7589 154.1545
   6.000   0.7976   0.01495   0.00456  -0.0142   0.4672   0.9283  28.5737 155.0881
   6.000   0.7976   0.01495   0.00456  -0.0142   0.4672   0.9283  28.5737 155.0881
   6.000   0.7976   0.01495   0.00456  -0.0142   0.4672   0.9283  28.5737 155.0881
   6.000   0.7976   0.01495   0.00456  -0.0142   0.4672   0.9283  28.5737 155.0881
   6.000   0.7976   0.01495   0.00456  -0.0142   0.4672   0.9283  28.5737 155.0881
   7.000   0.9314   0.01606   0.00500  -0.0194   0.4524   0.9448  29.3724 156.0453
   7.000   0.9314   0.01606   0.00500  -0.0194   0.4524   0.9448  29.3724 156.0454
   7.000   0.9314   0.01606   0.00500  -0.0194   0.4524   0.9448  29.3724 156.0454
   7.000   0.9314   0.01606   0.00500  -0.0194   0.4524   0.9448  29.3724 156.0454
   7.000   0.9314   0.01606   0.00500  -0.0194   0.4524   0.9448  29.3724 156.0454
   8.000   1.0630   0.01695   0.00511  -0.0246   0.4332   0.9613  30.4177 157.0692
   8.000   1.0630   0.01695   0.00511  -0.0246   0.4332   0.9613  30.4177 157.0693
   8.000   1.0630   0.01695   0.00511  -0.0246   0.4332   0.9613  30.4177 157.0693
   8.000   1.0630   0.01695   0.00511  -0.0246   0.4332   0.9613  30.4177 157.0693
   8.000   1.0630   0.01695   0.00511  -0.0246   0.4332   0.9613  30.4177 157.0693
   9.000   1.1858   0.01745   0.00467  -0.0287   0.4066   0.9782  31.8877 158.2137
   9.000   1.1858   0.01745   0.00467  -0.0287   0.4066   0.9782  31.8877 158.2137
   9.000   1.1858   0.01745   0.00467  -0.0287   0.4066   0.9782  31.8877 158.2137
   9.000   1.1858   0.01745   0.00467  -0.0287   0.4066   0.9782  31.8877 158.2137
   9.000   1.1858   0.01745   0.00467  -0.0287   0.4066   0.9782  31.8877 158.2137
  10.000   1.2991   0.01799   0.00452  -0.0320   0.3841   0.9965  33.1562 159.6763
  10.000   1.2991   0.01799   0.00452  -0.0320   0.3841   0.9965  33.1562 159.6763
  10.000   1.2991   0.01799   0.00452  -0.0320   0.3841   0.9965  33.1562 159.6763
  10.000   1.2991   0.01799   0.00452  -0.0320   0.3841   0.9965  33.1562 159.6763
  10.000   1.2991   0.01799   0.00452  -0.0320   0.3841   0.9965  33.1562 159.6763
  11.000   1.2983   0.01920   0.00418  -0.0154   0.3641   1.0000  34.3049 160.0000
  11.000   1.2983   0.01920   0.00418  -0.0154   0.3641   1.0000  34.3049 160.0000
  11.000   1.2983   0.01920   0.00418  -0.0154   0.3641   1.0000  34.3049 160.0000
  11.000   1.2983   0.01920   0.00418  -0.0154   0.3641   1.0000  34.3049 160.0000
  11.000   1.2983   0.01920   0.00418  -0.0154   0.3641   1.0000  34.3049 160.0000
  12.000   1.2775   0.02181   0.00428   0.0024   0.3409   1.0000  35.6559 160.0000
  12.000   1.2775   0.02181   0.00428   0.0024   0.3409   1.0000  35.6559 160.0000
  12.000   1.2775   0.02181   0.00428   0.0024   0.3409   1.0000  35.6559 160.0000
  12.000   1.2775   0.02181   0.00428   0.0024   0.3409   1.0000  35.6559 160.0000
  12.000   1.2775   0.02181   0.00428   0.0024   0.3409   1.0000  35.6559 160.0000
  13.000   1.2617   0.02611   0.00540   0.0159   0.3113   1.0000  37.4228 160.0000
  13.000   1.2617   0.02611   0.00540   0.0159   0.3113   1.0000  37.4226 160.0000
  13.000   1.2617   0.02611   0.00540   0.0159   0.3113   1.0000  37.4226 160.0000
  13.000   1.2617   0.02611   0.00540   0.0159   0.3113   1.0000  37.4226 160.0000
  13.000   1.2617   0.02611   0.00540   0.0159   0.3113   1.0000  37.4226 160.0000
  14.000   1.2319   0.03317   0.00836   0.0267   0.2696   1.0000  39.9809 160.0000
  14.000   1.2319   0.03317   0.00836   0.0267   0.2696   1.0000  39.9809 160.0000
  14.000   1.2319   0.03317   0.00836   0.0267   0.2696   1.0000  39.9809 160.0000
  14.000   1.2319   0.03317   0.00836   0.0267   0.2696   1.0000  39.9809 160.0000
  14.000   1.2319   0.03317   0.00836   0.0267   0.2696   1.0000  39.9809 160.0000
  15.000   1.1814   0.04415   0.01463   0.0344   0.2116   1.0000  43.7315 160.0000
  15.000   1.1814   0.04415   0.01463   0.0344   0.2116   1.0000  43.7301 160.0000
  15.000   1.1814   0.04415   0.01463   0.0344   0.2116   1.0000  43.7300 160.0000
  15.000   1.1814   0.04415   0.01463   0.0344   0.2116   1.0000  43.7300 160.0000
  15.000   1.1814   0.04415   0.01463   0.0344   0.2116   1.0000  43.7300 160.0000
  16.000   1.1218   0.05815   0.02417   0.0387   0.1606   1.0000  47.3510 160.0000
  16.000   1.1218   0.05815   0.02417   0.0387   0.1606   1.0000  47.3494 160.0000
  16.000   1.1218   0.05815   0.02417   0.0387   0.1606   1.0000  47.3494 160.0000
  16.000   1.1218   0.05815   0.02417   0.0387   0.1606   1.0000  47.3494 160.0000
  16.000   1.1218   0.05815   0.02417   0.0387   0.1606   1.0000  47.3494 160.0000
  17.000   1.0873   0.07125   0.03375   0.0402   0.1271   1.0000  50.0610 160.0000
  17.000   1.0873   0.07125   0.03375   0.0402   0.1271   1.0000  50.0611 160.0000
  17.000   1.0873   0.07125   0.03375   0.0402   0.1271   1.0000  50.0611 160.0000
  17.000   1.0873   0.07125   0.03375   0.0402   0.1271   1.0000  50.0611 160.0000
  17.000   1.0873   0.07125   0.03375   0.0402   0.1271   1.0000  50.0611 160.0000
  18.000   1.0758   0.08279   0.04239   0.0402   0.1060   1.0000  52.0484 160.0000
  18.000   1.0758   0.08280   0.04239   0.0402   0.1060   1.0000  52.0488 160.0000
  18.000   1.0758   0.08280   0.04239   0.0402   0.1060   1.0000  52.0488 160.0000
  18.000   1.0758   0.08280   0.04239   0.0402   0.1060   1.0000  52.0488 160.0000
  18.000   1.0758   0.08280   0.04239   0.0402   0.1060   1.0000  52.0488 160.0000
  19.000   1.0802   0.09303   0.05016   0.0394   0.0924   1.0000  53.5140 160.0000
  19.000   1.0802   0.09303   0.05016   0.0394   0.0924   1.0000  53.5140 160.0000
  19.000   1.0802   0.09303   0.05016   0.0394   0.0924   1.0000  53.5140 160.0000
  19.000   1.0802   0.09303   0.05016   0.0394   0.0924   1.0000  53.5140 160.0000
  19.000   1.0802   0.09303   0.05016   0.0394   0.0924   1.0000  53.5140 160.0000
