  
       XFOIL         Version 6.99
  
 Calculated polar for: NACA 16-021                                     
  
 1 1 Reynolds number fixed          Mach number fixed         
  
 xtrf =   1.000 (top)        1.000 (bottom)  
 Mach =   0.000     Re =     0.550 e 6     Ncrit =   9.000  9.000
  
   alpha    CL        CD       CDp       CM     Top_Xtr  Bot_Xtr  Top_Itr  Bot_Itr
  ------ -------- --------- --------- -------- -------- -------- -------- --------
   0.000   0.1167   0.01548   0.00783  -0.0266   0.8671   0.8441  29.9155 268.5043
   0.000   0.1167   0.01548   0.00783  -0.0266   0.8671   0.8441  29.9156 268.5055
   0.000   0.1167   0.01548   0.00783  -0.0266   0.8671   0.8441  29.9156 268.5055
   0.000   0.1167   0.01548   0.00783  -0.0266   0.8671   0.8441  29.9156 268.5055
   0.000   0.1167   0.01548   0.00783  -0.0266   0.8671   0.8441  29.9156 268.5055
   1.000   0.1514   0.01539   0.00771  -0.0105   0.8509   0.8595  31.7432 270.2188
   1.000   0.1514   0.01539   0.00771  -0.0105   0.8509   0.8595  31.7431 270.2187
   1.000   0.1514   0.01539   0.00771  -0.0105   0.8509   0.8595  31.7431 270.2187
   1.000   0.1514   0.01539   0.00771  -0.0105   0.8509   0.8595  31.7431 270.2187
   1.000   0.1514   0.01539   0.00771  -0.0105   0.8509   0.8595  31.7431 270.2187
   3.000   0.4780   0.01350   0.00594  -0.0353   0.8182   0.8650  35.3339 270.8481
   3.000   0.4780   0.01350   0.00594  -0.0353   0.8182   0.8650  35.3338 270.8481
   3.000   0.4780   0.01350   0.00594  -0.0353   0.8182   0.8650  35.3338 270.8481
   3.000   0.4780   0.01350   0.00594  -0.0353   0.8182   0.8650  35.3338 270.8481
   3.000   0.4780   0.01350   0.00594  -0.0353   0.8182   0.8650  35.3338 270.8481
   4.000   0.4735   0.01310   0.00515  -0.0097   0.7872   0.8829  38.6803 272.9142
   4.000   0.4735   0.01310   0.00515  -0.0097   0.7872   0.8829  38.6802 272.9146
   4.000   0.4735   0.01310   0.00515  -0.0097   0.7872   0.8829  38.6802 272.9146
   4.000   0.4735   0.01310   0.00515  -0.0097   0.7872   0.8829  38.6802 272.9146
   4.000   0.4735   0.01310   0.00515  -0.0097   0.7872   0.8829  38.6802 272.9146
   5.000   0.4727   0.01298   0.00442   0.0148   0.7383   0.8998  43.8626 274.9477
   5.000   0.4727   0.01298   0.00442   0.0148   0.7383   0.8998  43.8633 274.9465
   5.000   0.4727   0.01298   0.00442   0.0148   0.7383   0.8998  43.8633 274.9465
   5.000   0.4727   0.01298   0.00442   0.0148   0.7383   0.8998  43.8633 274.9465
   5.000   0.4727   0.01298   0.00442   0.0148   0.7383   0.8998  43.8633 274.9465
   7.000   0.4515   0.01656   0.00445   0.0638   0.4280   0.9294  75.0476 278.9185
   7.000   0.4515   0.01656   0.00445   0.0638   0.4280   0.9294  75.0462 278.9192
   7.000   0.4515   0.01656   0.00445   0.0638   0.4280   0.9294  75.0463 278.9191
   7.000   0.4515   0.01656   0.00445   0.0638   0.4280   0.9294  75.0463 278.9191
   7.000   0.4515   0.01656   0.00445   0.0638   0.4280   0.9294  75.0463 278.9191
   8.000   0.4814   0.02003   0.00557   0.0759   0.2258   0.9377  95.0145 280.2181
   8.000   0.4814   0.02003   0.00557   0.0759   0.2258   0.9377  95.0166 280.2180
   8.000   0.4814   0.02003   0.00557   0.0759   0.2258   0.9377  95.0166 280.2180
   8.000   0.4814   0.02003   0.00557   0.0759   0.2258   0.9377  95.0166 280.2180
   8.000   0.4814   0.02003   0.00557   0.0759   0.2258   0.9377  95.0166 280.2180
   9.000   0.5510   0.02258   0.00633   0.0797   0.1259   0.9440 105.7281 281.2820
   9.000   0.5510   0.02258   0.00633   0.0797   0.1258   0.9440 105.7301 281.2817
   9.000   0.5510   0.02258   0.00633   0.0797   0.1258   0.9440 105.7300 281.2818
   9.000   0.5510   0.02258   0.00633   0.0797   0.1258   0.9440 105.7300 281.2818
   9.000   0.5510   0.02258   0.00633   0.0797   0.1258   0.9440 105.7300 281.2818
  10.000   0.6259   0.02499   0.00708   0.0822   0.0786   0.9500 112.1562 282.3869
  10.000   0.6259   0.02499   0.00708   0.0822   0.0786   0.9500 112.1571 282.3868
  10.000   0.6259   0.02499   0.00708   0.0822   0.0786   0.9500 112.1572 282.3867
  10.000   0.6259   0.02499   0.00708   0.0822   0.0786   0.9500 112.1572 282.3867
  10.000   0.6259   0.02499   0.00708   0.0822   0.0786   0.9500 112.1572 282.3867
  11.000   0.6977   0.02753   0.00799   0.0850   0.0594   0.9562 115.6838 283.6571
  11.000   0.6977   0.02753   0.00799   0.0850   0.0594   0.9562 115.6837 283.6578
  11.000   0.6977   0.02753   0.00799   0.0850   0.0594   0.9562 115.6836 283.6578
  11.000   0.6977   0.02753   0.00799   0.0850   0.0594   0.9562 115.6836 283.6578
  11.000   0.6977   0.02753   0.00799   0.0850   0.0594   0.9562 115.6836 283.6578
  12.000   0.7628   0.03037   0.00914   0.0883   0.0512   0.9629 117.5247 285.1595
  12.000   0.7628   0.03037   0.00914   0.0883   0.0512   0.9629 117.5247 285.1595
  12.000   0.7628   0.03037   0.00914   0.0883   0.0512   0.9629 117.5247 285.1595
  12.000   0.7628   0.03037   0.00914   0.0883   0.0512   0.9629 117.5247 285.1595
  12.000   0.7628   0.03037   0.00914   0.0883   0.0512   0.9629 117.5247 285.1595
  13.000   0.8307   0.03379   0.01071   0.0898   0.0458   0.9676 118.8680 286.3684
  13.000   0.8307   0.03379   0.01071   0.0898   0.0458   0.9676 118.8679 286.3681
  13.000   0.8307   0.03379   0.01071   0.0898   0.0458   0.9676 118.8679 286.3681
  13.000   0.8307   0.03379   0.01071   0.0898   0.0458   0.9676 118.8679 286.3681
  13.000   0.8307   0.03379   0.01071   0.0898   0.0458   0.9676 118.8679 286.3681
  14.000   0.8875   0.03761   0.01254   0.0926   0.0418   0.9736 119.9606 288.0679
  14.000   0.8875   0.03761   0.01254   0.0926   0.0418   0.9736 119.9605 288.0682
  14.000   0.8875   0.03761   0.01254   0.0926   0.0418   0.9736 119.9605 288.0682
  14.000   0.8875   0.03761   0.01254   0.0926   0.0418   0.9736 119.9605 288.0682
  14.000   0.8875   0.03761   0.01254   0.0926   0.0418   0.9736 119.9605 288.0682
  15.000   0.9483   0.04197   0.01479   0.0932   0.0384   0.9774 120.9902 289.3173
  15.000   0.9483   0.04197   0.01479   0.0932   0.0384   0.9774 120.9901 289.3166
  15.000   0.9483   0.04197   0.01479   0.0932   0.0384   0.9774 120.9901 289.3167
  15.000   0.9483   0.04197   0.01479   0.0932   0.0384   0.9774 120.9901 289.3167
  15.000   0.9483   0.04197   0.01479   0.0932   0.0384   0.9774 120.9901 289.3167
  16.000   1.0008   0.04681   0.01747   0.0943   0.0354   0.9823 121.9422 291.0458
  16.000   1.0008   0.04681   0.01747   0.0943   0.0354   0.9823 121.9421 291.0447
  16.000   1.0008   0.04681   0.01747   0.0943   0.0354   0.9823 121.9421 291.0448
  16.000   1.0008   0.04681   0.01747   0.0943   0.0354   0.9823 121.9421 291.0448
  16.000   1.0008   0.04681   0.01747   0.0943   0.0354   0.9823 121.9421 291.0448
  17.000   1.0490   0.05275   0.02111   0.0940   0.0327   0.9857 122.8657 292.4326
  17.000   1.0490   0.05275   0.02111   0.0940   0.0327   0.9857 122.8657 292.4321
  17.000   1.0490   0.05275   0.02111   0.0940   0.0327   0.9857 122.8657 292.4322
  17.000   1.0490   0.05275   0.02111   0.0940   0.0327   0.9857 122.8657 292.4322
  17.000   1.0490   0.05275   0.02111   0.0940   0.0327   0.9857 122.8657 292.4322
  18.000   1.0832   0.06013   0.02602   0.0936   0.0303   0.9896 123.7298 294.1478
  18.000   1.0832   0.06013   0.02602   0.0936   0.0303   0.9896 123.7297 294.1468
  18.000   1.0832   0.06013   0.02602   0.0936   0.0303   0.9896 123.7297 294.1470
  18.000   1.0832   0.06013   0.02602   0.0936   0.0303   0.9896 123.7297 294.1470
  18.000   1.0832   0.06013   0.02602   0.0936   0.0303   0.9896 123.7297 294.1470
  19.000   1.1057   0.06943   0.03270   0.0917   0.0282   0.9927 124.5230 295.6859
  19.000   1.1057   0.06943   0.03270   0.0917   0.0282   0.9927 124.5230 295.6869
  19.000   1.1057   0.06943   0.03270   0.0917   0.0282   0.9927 124.5230 295.6869
  19.000   1.1057   0.06943   0.03270   0.0917   0.0282   0.9927 124.5230 295.6869
  19.000   1.1057   0.06943   0.03270   0.0917   0.0282   0.9927 124.5230 295.6869
