xflr5 v6.61

 Calculated polar for: WORTMANN FX 63-137 AIRFOIL

 1 1 Reynolds number fixed          Mach number fixed         

 xtrf =   1.000 (top)        1.000 (bottom)
 Mach =   0.000     Re =     0.040 e 6     Ncrit =   9.000

  alpha     CL        CD       CDp       Cm    Top Xtr Bot Xtr   Cpmin    Chinge    XCp    
 ------- -------- --------- --------- -------- ------- ------- -------- --------- ---------
   0.000   0.1093   0.05147   0.04366  -0.0985  1.0000  0.7203  -1.3533   0.0000   0.0000   0.0000   1.1604
   0.100   0.1064   0.05154   0.04376  -0.0955  1.0000  0.7332  -1.3397   0.0000   0.0000   0.0000   1.1576
   0.200   0.1089   0.05185   0.04403  -0.0940  1.0000  0.7527  -1.3172   0.0000   0.0000   0.0000   1.1217
   0.300   0.1069   0.05190   0.04410  -0.0914  1.0000  0.7680  -1.3022   0.0000   0.0000   0.0000   1.1127
   0.400   0.1065   0.05200   0.04420  -0.0891  1.0000  0.7863  -1.2846   0.0000   0.0000   0.0000   1.0942
   0.500   0.1069   0.05213   0.04431  -0.0871  1.0000  0.8070  -1.2657   0.0000   0.0000   0.0000   1.0712
   0.600   0.1055   0.05210   0.04428  -0.0846  1.0000  0.8262  -1.2503   0.0000   0.0000   0.0000   1.0586
   0.700   0.1034   0.05197   0.04416  -0.0820  1.0000  0.8446  -1.2362   0.0000   0.0000   0.0000   1.0492
   0.800   0.1025   0.05186   0.04404  -0.0798  1.0000  0.8645  -1.2206   0.0000   0.0000   0.0000   1.0344
   0.900   0.1019   0.05171   0.04389  -0.0777  1.0000  0.8847  -1.2046   0.0000   0.0000   0.0000   1.0182
   1.000   0.1017   0.05154   0.04371  -0.0759  1.0000  0.9051  -1.1884   0.0000   0.0000   0.0000   1.0014
   1.100   0.1019   0.05135   0.04351  -0.0744  1.0000  0.9255  -1.1717   0.0000   0.0000   0.0000   0.9841
   1.200   0.1023   0.05114   0.04332  -0.0733  1.0000  0.9459  -1.1552   0.0000   0.0000   0.0000   0.9698
   1.300   0.1006   0.05086   0.04307  -0.0722  1.0000  0.9648  -1.1426   0.0000   0.0000   0.0000   0.9704
   1.400   0.0939   0.05034   0.04260  -0.0704  1.0000  0.9829  -1.1392   0.0000   0.0000   0.0000   1.0025
   1.500   0.1004   0.05055   0.04277  -0.0713  1.0000  1.0000  -1.1117   0.0000   0.0000   0.0000   0.9621
   1.600   0.1172   0.05147   0.04358  -0.0742  1.0000  1.0000  -1.0654   0.0000   0.0000   0.0000   0.8835
   1.700   0.1336   0.05240   0.04440  -0.0769  1.0000  1.0000  -1.0199   0.0000   0.0000   0.0000   0.8259
   1.800   0.1495   0.05333   0.04524  -0.0796  1.0000  1.0000  -0.9751   0.0000   0.0000   0.0000   0.7818
   1.900   0.1650   0.05428   0.04609  -0.0822  1.0000  1.0000  -0.9311   0.0000   0.0000   0.0000   0.7468
   2.000   0.1801   0.05524   0.04696  -0.0847  1.0000  1.0000  -0.8877   0.0000   0.0000   0.0000   0.7184
   2.100   0.1949   0.05621   0.04784  -0.0871  1.0000  1.0000  -0.8448   0.0000   0.0000   0.0000   0.6948
   2.200   0.2093   0.05718   0.04863  -0.0894  1.0000  1.0000  -0.8001   0.0000   0.0000   0.0000   0.6747
   2.300   0.2233   0.05817   0.04954  -0.0916  1.0000  1.0000  -0.7593   0.0000   0.0000   0.0000   0.6577
   2.400   0.2369   0.05916   0.05047  -0.0937  1.0000  1.0000  -0.7193   0.0000   0.0000   0.0000   0.6429
   2.500   0.2502   0.06017   0.05141  -0.0958  1.0000  1.0000  -0.6800   0.0000   0.0000   0.0000   0.6300
   2.600   0.2632   0.06118   0.05236  -0.0979  1.0000  1.0000  -0.6416   0.0000   0.0000   0.0000   0.6185
   2.700   0.2759   0.06220   0.05332  -0.0998  1.0000  1.0000  -0.6039   0.0000   0.0000   0.0000   0.6083
   2.800   0.2987   0.06376   0.05479  -0.1037  0.9964  1.0000  -0.5853   0.0000   0.0000   0.0000   0.5935
   2.900   0.3185   0.06515   0.05610  -0.1070  0.9921  1.0000  -0.5956   0.0000   0.0000   0.0000   0.5821
   3.000   0.3359   0.06644   0.05733  -0.1098  0.9882  1.0000  -0.6073   0.0000   0.0000   0.0000   0.5728
   3.100   0.3576   0.06802   0.05884  -0.1134  0.9838  1.0000  -0.6224   0.0000   0.0000   0.0000   0.5629
   3.200   0.3684   0.06896   0.05975  -0.1150  0.9805  1.0000  -0.6295   0.0000   0.0000   0.0000   0.5576
   3.300   0.3856   0.07027   0.06101  -0.1177  0.9758  1.0000  -0.6414   0.0000   0.0000   0.0000   0.5505
   3.400   0.4056   0.07193   0.06260  -0.1209  0.9731  1.0000  -0.6554   0.0000   0.0000   0.0000   0.5433
   3.500   0.4108   0.07247   0.06313  -0.1213  0.9680  1.0000  -0.6582   0.0000   0.0000   0.0000   0.5404
   3.600   0.4306   0.07404   0.06465  -0.1244  0.9637  1.0000  -0.6722   0.0000   0.0000   0.0000   0.5339
   3.700   0.4457   0.07548   0.06604  -0.1267  0.9611  1.0000  -0.6826   0.0000   0.0000   0.0000   0.5291
   3.800   0.4502   0.07598   0.06655  -0.1270  0.9553  1.0000  -0.6847   0.0000   0.0000   0.0000   0.5266
   3.900   0.4687   0.07753   0.06804  -0.1298  0.9508  1.0000  -0.6977   0.0000   0.0000   0.0000   0.5214
   4.000   0.4876   0.07934   0.06980  -0.1327  0.9480  1.0000  -0.7110   0.0000   0.0000   0.0000   0.5164
   4.100   0.4872   0.07948   0.06997  -0.1320  0.9412  1.0000  -0.7092   0.0000   0.0000   0.0000   0.5151
   4.200   0.5090   0.08125   0.07168  -0.1353  0.9351  1.0000  -0.7248   0.0000   0.0000   0.0000   0.5098
   4.300   0.5191   0.08244   0.07285  -0.1365  0.9308  1.0000  -0.7311   0.0000   0.0000   0.0000   0.5069
   4.400   0.5293   0.08319   0.07359  -0.1375  0.9207  1.0000  -0.7377   0.0000   0.0000   0.0000   0.5036
   4.500   0.5558   0.08560   0.07593  -0.1415  0.9152  1.0000  -0.7573   0.0000   0.0000   0.0000   0.4982
   4.600   0.5518   0.08533   0.07570  -0.1400  0.9051  1.0000  -0.7524   0.0000   0.0000   0.0000   0.4973
   4.700   0.5824   0.08779   0.07810  -0.1444  0.8976  1.0000  -0.7790   0.0000   0.0000   0.0000   0.4914
   4.800   0.5807   0.08821   0.07853  -0.1436  0.8934  1.0000  -0.7781   0.0000   0.0000   0.0000   0.4906
   4.900   0.5864   0.08873   0.07906  -0.1438  0.8840  1.0000  -0.7841   0.0000   0.0000   0.0000   0.4883
   5.000   0.6102   0.09077   0.08106  -0.1470  0.8781  1.0000  -0.8061   0.0000   0.0000   0.0000   0.4839
   5.100   0.6272   0.09287   0.08313  -0.1493  0.8754  1.0000  -0.8217   0.0000   0.0000   0.0000   0.4808
   5.200   0.6168   0.09256   0.08285  -0.1471  0.8711  1.0000  -0.8126   0.0000   0.0000   0.0000   0.4812
   5.300   0.6220   0.09320   0.08350  -0.1473  0.8636  1.0000  -0.8178   0.0000   0.0000   0.0000   0.4793
   5.600   0.6682   0.09864   0.08888  -0.1529  0.8526  1.0000  -0.8603   0.0000   0.0000   0.0000   0.4711
   5.700   0.6561   0.09811   0.08840  -0.1506  0.8472  1.0000  -0.8490   0.0000   0.0000   0.0000   0.4716
   5.800   0.6621   0.09889   0.08918  -0.1509  0.8400  1.0000  -0.8546   0.0000   0.0000   0.0000   0.4698
   5.900   0.6784   0.10050   0.09078  -0.1527  0.8346  1.0000  -0.8697   0.0000   0.0000   0.0000   0.4669
   6.000   0.7071   0.10360   0.09386  -0.1564  0.8302  1.0000  -0.8965   0.0000   0.0000   0.0000   0.4628
   6.100   0.7035   0.10422   0.09448  -0.1555  0.8280  1.0000  -0.8921   0.0000   0.0000   0.0000   0.4626
   6.200   0.6923   0.10354   0.09384  -0.1532  0.8194  1.0000  -0.8810   0.0000   0.0000   0.0000   0.4628
   6.300   0.7078   0.10487   0.09517  -0.1547  0.8107  1.0000  -0.8956   0.0000   0.0000   0.0000   0.4598
   6.400   0.7471   0.10893   0.09918  -0.1594  0.8041  1.0000  -0.9401   0.0000   0.0000   0.0000   0.4546
   6.500   0.7263   0.10782   0.09812  -0.1562  0.8001  1.0000  -0.9190   0.0000   0.0000   0.0000   0.4561
   6.600   0.7275   0.10788   0.09820  -0.1555  0.7883  1.0000  -0.9231   0.0000   0.0000   0.0000   0.4546
   6.700   0.7737   0.11180   0.10209  -0.1606  0.7783  1.0000  -0.9773   0.0000   0.0000   0.0000   0.4483
   6.800   0.7706   0.11273   0.10303  -0.1600  0.7766  1.0000  -0.9748   0.0000   0.0000   0.0000   0.4482
   6.900   0.7544   0.11207   0.10241  -0.1576  0.7721  1.0000  -0.9578   0.0000   0.0000   0.0000   0.4494
   7.000   0.7550   0.11238   0.10275  -0.1570  0.7632  1.0000  -0.9604   0.0000   0.0000   0.0000   0.4483
   7.100   0.7683   0.11383   0.10420  -0.1581  0.7572  1.0000  -0.9771   0.0000   0.0000   0.0000   0.4461
   7.200   0.7941   0.11651   0.10697  -0.1608  0.7522  1.0000  -1.0080   0.0000   0.0000   0.0000   0.4426
   7.300   0.8152   0.11978   0.11023  -0.1631  0.7496  1.0000  -1.0327   0.0000   0.0000   0.0000   0.4401
   7.400   0.8066   0.12015   0.11063  -0.1621  0.7486  1.0000  -1.0250   0.0000   0.0000   0.0000   0.4407
   7.500   0.7924   0.11972   0.11024  -0.1602  0.7454  1.0000  -1.0090   0.0000   0.0000   0.0000   0.4418
   7.600   0.7875   0.11974   0.11029  -0.1591  0.7379  1.0000  -1.0081   0.0000   0.0000   0.0000   0.4416
   7.700   0.7952   0.12088   0.11144  -0.1596  0.7320  1.0000  -1.0262   0.0000   0.0000   0.0000   0.4401
   7.800   0.8096   0.12264   0.11322  -0.1608  0.7272  1.0000  -1.0546   0.0000   0.0000   0.0000   0.4380
   7.900   0.8397   0.12623   0.11682  -0.1638  0.7225  1.0000  -1.1079   0.0000   0.0000   0.0000   0.4343
   8.000   0.8503   0.12887   0.11946  -0.1650  0.7205  1.0000  -1.1294   0.0000   0.0000   0.0000   0.4331
   8.100   0.8363   0.12858   0.11920  -0.1634  0.7189  1.0000  -1.1122   0.0000   0.0000   0.0000   0.4343
   8.200   0.8199   0.12747   0.11813  -0.1612  0.7120  1.0000  -1.0920   0.0000   0.0000   0.0000   0.4354
   8.300   0.8253   0.12819   0.11887  -0.1612  0.7032  1.0000  -1.1071   0.0000   0.0000   0.0000   0.4340
   8.400   0.8575   0.13116   0.12185  -0.1638  0.6942  1.0000  -1.1658   0.0000   0.0000   0.0000   0.4295
   8.500   0.8751   0.13449   0.12519  -0.1655  0.6902  1.0000  -1.1992   0.0000   0.0000   0.0000   0.4274
   8.600   0.8539   0.13327   0.12400  -0.1632  0.6867  1.0000  -1.1693   0.0000   0.0000   0.0000   0.4293
   8.700   0.8483   0.13276   0.12352  -0.1620  0.6753  1.0000  -1.1668   0.0000   0.0000   0.0000   0.4290
   8.800   0.9136   0.13861   0.12937  -0.1668  0.6604  1.0000  -1.2844   0.0000   0.0000   0.0000   0.4205
   8.900   0.9072   0.13954   0.13033  -0.1664  0.6599  1.0000  -1.2768   0.0000   0.0000   0.0000   0.4212
   9.000   0.8990   0.14014   0.13096  -0.1658  0.6592  1.0000  -1.2662   0.0000   0.0000   0.0000   0.4221
   9.100   0.8872   0.14013   0.13098  -0.1648  0.6574  1.0000  -1.2498   0.0000   0.0000   0.0000   0.4233
   9.200   0.8749   0.13961   0.13049  -0.1635  0.6518  1.0000  -1.2334   0.0000   0.0000   0.0000   0.4243
   9.300   0.8760   0.14030   0.13120  -0.1634  0.6454  1.0000  -1.2398   0.0000   0.0000   0.0000   0.4238
   9.400   0.8844   0.14164   0.13258  -0.1639  0.6398  1.0000  -1.2585   0.0000   0.0000   0.0000   0.4224
   9.500   0.9007   0.14377   0.13474  -0.1649  0.6348  1.0000  -1.2908   0.0000   0.0000   0.0000   0.4201
   9.600   0.9506   0.15078   0.14190  -0.1690  0.6293  1.0000  -1.3800   0.0000   0.0000   0.0000   0.4146
   9.700   0.9423   0.15145   0.14260  -0.1685  0.6288  1.0000  -1.3674   0.0000   0.0000   0.0000   0.4155
   9.800   0.9303   0.15148   0.14266  -0.1677  0.6279  1.0000  -1.3488   0.0000   0.0000   0.0000   0.4168
   9.900   0.9148   0.15072   0.14192  -0.1666  0.6255  1.0000  -1.3244   0.0000   0.0000   0.0000   0.4185
  10.000   0.9042   0.14999   0.14121  -0.1656  0.6184  1.0000  -1.3094   0.0000   0.0000   0.0000   0.4194
  10.100   0.9090   0.15086   0.14212  -0.1657  0.6107  1.0000  -1.3213   0.0000   0.0000   0.0000   0.4184
  10.200   0.9317   0.15337   0.14468  -0.1667  0.6024  1.0000  -1.3655   0.0000   0.0000   0.0000   0.4149
  10.300   0.9645   0.15916   0.15051  -0.1690  0.5967  1.0000  -1.4252   0.0000   0.0000   0.0000   0.4110
  10.400   0.9497   0.15868   0.15005  -0.1682  0.5953  1.0000  -1.3998   0.0000   0.0000   0.0000   0.4128
  10.500   0.9320   0.15721   0.14858  -0.1671  0.5905  1.0000  -1.3701   0.0000   0.0000   0.0000   0.4148
  10.600   0.9326   0.15707   0.14847  -0.1666  0.5787  1.0000  -1.3752   0.0000   0.0000   0.0000   0.4140
  10.700   0.9828   0.16293   0.15440  -0.1684  0.5641  1.0000  -1.4720   0.0000   0.0000   0.0000   0.4065
  10.800   0.9717   0.16313   0.15462  -0.1681  0.5630  1.0000  -1.4511   0.0000   0.0000   0.0000   0.4081
  10.900   0.9573   0.16244   0.15394  -0.1676  0.5597  1.0000  -1.4248   0.0000   0.0000   0.0000   0.4100
  11.000   0.9509   0.16221   0.15373  -0.1673  0.5523  1.0000  -1.4142   0.0000   0.0000   0.0000   0.4107
  11.100   0.9558   0.16331   0.15488  -0.1675  0.5458  1.0000  -1.4238   0.0000   0.0000   0.0000   0.4098
  11.200   1.0140   0.15874   0.15033  -0.1622  0.4733  1.0000  -1.5813   0.0000   0.0000   0.0000   0.3941
  11.300   1.0150   0.16076   0.15239  -0.1628  0.4730  1.0000  -1.5790   0.0000   0.0000   0.0000   0.3944
  11.400   1.0159   0.16280   0.15448  -0.1635  0.4727  1.0000  -1.5758   0.0000   0.0000   0.0000   0.3948
  11.500   1.0166   0.16486   0.15657  -0.1642  0.4724  1.0000  -1.5716   0.0000   0.0000   0.0000   0.3953
  11.600   1.0169   0.16691   0.15867  -0.1649  0.4723  1.0000  -1.5659   0.0000   0.0000   0.0000   0.3958
  11.700   1.0164   0.16895   0.16075  -0.1656  0.4723  1.0000  -1.5578   0.0000   0.0000   0.0000   0.3965
  11.800   1.0139   0.17088   0.16271  -0.1664  0.4728  1.0000  -1.5447   0.0000   0.0000   0.0000   0.3975
  11.900   1.0078   0.17265   0.16451  -0.1673  0.4745  1.0000  -1.5234   0.0000   0.0000   0.0000   0.3993
  12.000   1.1017   0.15615   0.14812  -0.1535  0.3639  1.0000  -1.8450   0.0000   0.0000   0.0000   0.3714
  12.100   1.0926   0.15889   0.15089  -0.1546  0.3611  1.0000  -1.8127   0.0000   0.0000   0.0000   0.3736
  12.200   1.0870   0.16121   0.15324  -0.1555  0.3580  1.0000  -1.7895   0.0000   0.0000   0.0000   0.3750
  12.300   1.0871   0.16277   0.15483  -0.1559  0.3530  1.0000  -1.7856   0.0000   0.0000   0.0000   0.3752
  12.400   1.1368   0.15786   0.15002  -0.1510  0.3363  1.0000  -1.9520   0.0000   0.0000   0.0000   0.3641
  12.500   1.1196   0.16179   0.15395  -0.1530  0.3337  1.0000  -1.8928   0.0000   0.0000   0.0000   0.3679
  12.600   1.1091   0.16494   0.15711  -0.1546  0.3312  1.0000  -1.8535   0.0000   0.0000   0.0000   0.3705
  12.700   1.1021   0.16762   0.15982  -0.1558  0.3285  1.0000  -1.8249   0.0000   0.0000   0.0000   0.3725
  12.800   1.0979   0.16994   0.16216  -0.1568  0.3256  1.0000  -1.8049   0.0000   0.0000   0.0000   0.3738
  12.900   1.0973   0.17187   0.16412  -0.1574  0.3221  1.0000  -1.7959   0.0000   0.0000   0.0000   0.3743
  13.000   1.1444   0.16723   0.15958  -0.1520  0.3061  1.0000  -1.9580   0.0000   0.0000   0.0000   0.3631
  13.100   1.1308   0.17114   0.16348  -0.1542  0.3045  1.0000  -1.9028   0.0000   0.0000   0.0000   0.3666
  13.200   1.1204   0.17445   0.16681  -0.1561  0.3026  1.0000  -1.8582   0.0000   0.0000   0.0000   0.3695
  13.300   1.1126   0.17730   0.16967  -0.1576  0.3004  1.0000  -1.8225   0.0000   0.0000   0.0000   0.3718
  13.400   1.1071   0.17969   0.17207  -0.1589  0.2976  1.0000  -1.7952   0.0000   0.0000   0.0000   0.3735
  13.500   1.1056   0.18145   0.17385  -0.1596  0.2934  1.0000  -1.7828   0.0000   0.0000   0.0000   0.3743
  13.600   1.1461   0.17664   0.16910  -0.1540  0.2753  1.0000  -1.9369   0.0000   0.0000   0.0000   0.3637
  13.700   1.1359   0.18013   0.17259  -0.1561  0.2736  1.0000  -1.8892   0.0000   0.0000   0.0000   0.3667
  13.800   1.1287   0.18314   0.17561  -0.1579  0.2720  1.0000  -1.8523   0.0000   0.0000   0.0000   0.3690
  13.900   1.1241   0.18584   0.17831  -0.1593  0.2707  1.0000  -1.8235   0.0000   0.0000   0.0000   0.3708
  14.000   1.1214   0.18846   0.18094  -0.1607  0.2704  1.0000  -1.7998   0.0000   0.0000   0.0000   0.3723
  14.100   1.1195   0.19102   0.18352  -0.1619  0.2707  1.0000  -1.7786   0.0000   0.0000   0.0000   0.3735
  14.200   1.1186   0.19357   0.18609  -0.1631  0.2713  1.0000  -1.7603   0.0000   0.0000   0.0000   0.3745
  14.300   1.1190   0.19616   0.18870  -0.1641  0.2724  1.0000  -1.7456   0.0000   0.0000   0.0000   0.3753
  14.400   1.1211   0.19882   0.19138  -0.1650  0.2737  1.0000  -1.7361   0.0000   0.0000   0.0000   0.3757
  14.500   1.1258   0.20167   0.19426  -0.1655  0.2753  1.0000  -1.7344   0.0000   0.0000   0.0000   0.3754
  14.600   1.1345   0.20487   0.19750  -0.1657  0.2768  1.0000  -1.7441   0.0000   0.0000   0.0000   0.3743
  14.700   1.1483   0.20853   0.20121  -0.1652  0.2782  1.0000  -1.7691   0.0000   0.0000   0.0000   0.3720
  14.900   1.0725   0.21974   0.21240  -0.1817  0.3586  1.0000  -1.4387   0.0000   0.0000   0.0000   0.3981
  15.000   1.0743   0.22115   0.21383  -0.1824  0.3562  1.0000  -1.4343   0.0000   0.0000   0.0000   0.3982
  15.100   1.0770   0.22270   0.21540  -0.1830  0.3538  1.0000  -1.4321   0.0000   0.0000   0.0000   0.3982
  15.200   1.0804   0.22437   0.21708  -0.1835  0.3515  1.0000  -1.4322   0.0000   0.0000   0.0000   0.3979
  15.300   1.0845   0.22617   0.21891  -0.1839  0.3494  1.0000  -1.4396   0.0000   0.0000   0.0000   0.3975
  15.400   1.0894   0.22815   0.22092  -0.1842  0.3475  1.0000  -1.4491   0.0000   0.0000   0.0000   0.3968
  15.500   1.0952   0.23039   0.22318  -0.1845  0.3457  1.0000  -1.4607   0.0000   0.0000   0.0000   0.3960
  15.600   1.1018   0.23299   0.22581  -0.1847  0.3441  1.0000  -1.4745   0.0000   0.0000   0.0000   0.3950
  15.700   1.1096   0.23616   0.22902  -0.1848  0.3427  1.0000  -1.4911   0.0000   0.0000   0.0000   0.3938
  15.800   1.1190   0.24025   0.23315  -0.1849  0.3415  1.0000  -1.5114   0.0000   0.0000   0.0000   0.3922
  15.900   1.1309   0.24592   0.23887  -0.1848  0.3404  1.0000  -1.5367   0.0000   0.0000   0.0000   0.3903
  16.000   1.1466   0.25450   0.24752  -0.1848  0.3395  1.0000  -1.5690   0.0000   0.0000   0.0000   0.3879
  16.100   1.1474   0.25696   0.24995  -0.1856  0.3390  1.0000  -1.5655   0.0000   0.0000   0.0000   0.3883
  16.200   1.1397   0.25514   0.24812  -0.1868  0.3386  1.0000  -1.5423   0.0000   0.0000   0.0000   0.3903
  16.300   1.1313   0.25296   0.24592  -0.1881  0.3379  1.0000  -1.5171   0.0000   0.0000   0.0000   0.3924
  16.400   1.1225   0.25056   0.24350  -0.1896  0.3367  1.0000  -1.4900   0.0000   0.0000   0.0000   0.3949
  16.500   1.1153   0.24877   0.24170  -0.1911  0.3340  1.0000  -1.4665   0.0000   0.0000   0.0000   0.3971
  16.600   1.1131   0.24880   0.24173  -0.1922  0.3303  1.0000  -1.4564   0.0000   0.0000   0.0000   0.3982
  16.700   1.1142   0.24978   0.24273  -0.1929  0.3267  1.0000  -1.4552   0.0000   0.0000   0.0000   0.3984
  16.800   1.1170   0.25115   0.24411  -0.1934  0.3230  1.0000  -1.4594   0.0000   0.0000   0.0000   0.3982
  16.900   1.1216   0.25281   0.24580  -0.1936  0.3194  1.0000  -1.4691   0.0000   0.0000   0.0000   0.3975
  17.000   1.1287   0.25500   0.24803  -0.1935  0.3158  1.0000  -1.4868   0.0000   0.0000   0.0000   0.3961
  17.100   1.1408   0.25883   0.25191  -0.1927  0.3124  1.0000  -1.5188   0.0000   0.0000   0.0000   0.3934
  17.200   1.1667   0.27005   0.26323  -0.1909  0.3093  1.0000  -1.5843   0.0000   0.0000   0.0000   0.3880
  17.300   1.1746   0.27634   0.26952  -0.1912  0.3084  1.0000  -1.5970   0.0000   0.0000   0.0000   0.3870
  17.400   1.1657   0.27385   0.26702  -0.1927  0.3079  1.0000  -1.5684   0.0000   0.0000   0.0000   0.3892
  17.500   1.1565   0.27119   0.26433  -0.1943  0.3071  1.0000  -1.5382   0.0000   0.0000   0.0000   0.3917
  17.600   1.1477   0.26869   0.26182  -0.1961  0.3054  1.0000  -1.5078   0.0000   0.0000   0.0000   0.3943
  17.700   1.1428   0.26777   0.26089  -0.1976  0.3024  1.0000  -1.4875   0.0000   0.0000   0.0000   0.3962
  17.800   1.1423   0.26847   0.26160  -0.1986  0.2991  1.0000  -1.4797   0.0000   0.0000   0.0000   0.3969
  17.900   1.1437   0.26976   0.26291  -0.1993  0.2962  1.0000  -1.4776   0.0000   0.0000   0.0000   0.3971
  18.000   1.1460   0.27131   0.26448  -0.1999  0.2934  1.0000  -1.4787   0.0000   0.0000   0.0000   0.3970
  18.100   1.1492   0.27304   0.26636  -0.2003  0.2909  1.0000  -1.4823   0.0000   0.0000   0.0000   0.3967
  18.200   1.1530   0.27493   0.26828  -0.2006  0.2886  1.0000  -1.4880   0.0000   0.0000   0.0000   0.3961
  18.300   1.1576   0.27704   0.27043  -0.2007  0.2865  1.0000  -1.4961   0.0000   0.0000   0.0000   0.3954
  18.400   1.1632   0.27952   0.27294  -0.2008  0.2846  1.0000  -1.5069   0.0000   0.0000   0.0000   0.3944
  18.500   1.1699   0.28259   0.27606  -0.2007  0.2829  1.0000  -1.5305   0.0000   0.0000   0.0000   0.3931
  18.600   1.1783   0.28672   0.28024  -0.2004  0.2814  1.0000  -1.5748   0.0000   0.0000   0.0000   0.3914
  18.700   1.1894   0.29283   0.28641  -0.1999  0.2802  1.0000  -1.6457   0.0000   0.0000   0.0000   0.3892
  18.800   1.2055   0.30302   0.29669  -0.1992  0.2791  1.0000  -1.7444   0.0000   0.0000   0.0000   0.3863
  18.900   1.2066   0.30609   0.29974  -0.1999  0.2786  1.0000  -1.7614   0.0000   0.0000   0.0000   0.3865
  19.000   1.1978   0.30322   0.29684  -0.2015  0.2781  1.0000  -1.7256   0.0000   0.0000   0.0000   0.3888
  19.100   1.1889   0.30031   0.29391  -0.2032  0.2774  1.0000  -1.6886   0.0000   0.0000   0.0000   0.3913
  19.200   1.1810   0.29779   0.29138  -0.2051  0.2759  1.0000  -1.6540   0.0000   0.0000   0.0000   0.3938
  19.300   1.1763   0.29685   0.29043  -0.2067  0.2733  1.0000  -1.6373   0.0000   0.0000   0.0000   0.3956
  19.400   1.1755   0.29754   0.29114  -0.2078  0.2703  1.0000  -1.6433   0.0000   0.0000   0.0000   0.3964
  19.500   1.1764   0.29890   0.29251  -0.2085  0.2676  1.0000  -1.6606   0.0000   0.0000   0.0000   0.3966
  19.600   1.1782   0.30051   0.29415  -0.2091  0.2651  1.0000  -1.6834   0.0000   0.0000   0.0000   0.3966
  19.700   1.1805   0.30228   0.29594  -0.2096  0.2627  1.0000  -1.7102   0.0000   0.0000   0.0000   0.3964
  19.800   1.1834   0.30416   0.29786  -0.2099  0.2606  1.0000  -1.7406   0.0000   0.0000   0.0000   0.3961
  19.900   1.1870   0.30621   0.29995  -0.2101  0.2584  1.0000  -1.7763   0.0000   0.0000   0.0000   0.3955
  20.000   1.1917   0.30858   0.30235  -0.2101  0.2562  1.0000  -1.8197   0.0000   0.0000   0.0000   0.3945


