xflr5 v6.61

 Calculated polar for: WORTMANN FX 63-137 AIRFOIL

 1 1 Reynolds number fixed          Mach number fixed         

 xtrf =   1.000 (top)        1.000 (bottom)
 Mach =   0.000     Re =     0.080 e 6     Ncrit =   9.000

  alpha     CL        CD       CDp       Cm    Top Xtr Bot Xtr   Cpmin    Chinge    XCp    
 ------- -------- --------- --------- -------- ------- ------- -------- --------- ---------
   0.000   0.5348   0.03810   0.03070  -0.1519  0.7855  0.7293  -0.8083   0.0000   0.0000   0.0000   0.5341
   0.100   0.5488   0.03798   0.03056  -0.1521  0.7835  0.7354  -0.8194   0.0000   0.0000   0.0000   0.5269
   0.200   0.5665   0.03785   0.03037  -0.1530  0.7819  0.7421  -0.8328   0.0000   0.0000   0.0000   0.5196
   0.300   0.5892   0.03772   0.03017  -0.1549  0.7806  0.7498  -0.8493   0.0000   0.0000   0.0000   0.5123
   0.400   0.6031   0.03743   0.02988  -0.1547  0.7795  0.7549  -0.8610   0.0000   0.0000   0.0000   0.5056
   0.500   0.6191   0.03714   0.02957  -0.1549  0.7784  0.7610  -0.8742   0.0000   0.0000   0.0000   0.4990
   0.700   0.6008   0.03932   0.03181  -0.1511  0.7626  0.7678  -0.8575   0.0000   0.0000   0.0000   0.5001
   0.800   0.6167   0.03929   0.03174  -0.1519  0.7598  0.7744  -0.8693   0.0000   0.0000   0.0000   0.4948
   0.900   0.6334   0.03909   0.03152  -0.1526  0.7576  0.7800  -0.8826   0.0000   0.0000   0.0000   0.4892
   1.000   0.6475   0.03878   0.03119  -0.1525  0.7557  0.7853  -0.8964   0.0000   0.0000   0.0000   0.4836
   1.100   0.6650   0.03842   0.03081  -0.1530  0.7541  0.7911  -0.9125   0.0000   0.0000   0.0000   0.4779
   1.200   0.6859   0.03801   0.03037  -0.1541  0.7529  0.7972  -0.9312   0.0000   0.0000   0.0000   0.4723
   1.300   0.7101   0.03756   0.02987  -0.1559  0.7519  0.8029  -0.9521   0.0000   0.0000   0.0000   0.4670
   1.400   0.7295   0.03708   0.02937  -0.1566  0.7509  0.8076  -0.9701   0.0000   0.0000   0.0000   0.4619
   1.500   0.7479   0.03663   0.02890  -0.1571  0.7499  0.8127  -0.9875   0.0000   0.0000   0.0000   0.4571
   1.800   0.7371   0.03937   0.03171  -0.1534  0.7285  0.8254  -0.9802   0.0000   0.0000   0.0000   0.4547
   1.900   0.7556   0.03902   0.03134  -0.1542  0.7270  0.8315  -0.9972   0.0000   0.0000   0.0000   0.4505
   2.000   0.7704   0.03857   0.03089  -0.1540  0.7257  0.8377  -1.0120   0.0000   0.0000   0.0000   0.4462
   2.100   0.7882   0.03808   0.03039  -0.1544  0.7246  0.8451  -1.0291   0.0000   0.0000   0.0000   0.4420
   2.200   0.8092   0.03759   0.02988  -0.1554  0.7236  0.8527  -1.0500   0.0000   0.0000   0.0000   0.4381
   2.300   0.8252   0.03705   0.02935  -0.1554  0.7225  0.8593  -1.0685   0.0000   0.0000   0.0000   0.4342
   2.400   0.8441   0.03652   0.02882  -0.1559  0.7215  0.8664  -1.0894   0.0000   0.0000   0.0000   0.4304
   2.700   0.8271   0.03961   0.03201  -0.1515  0.6988  0.8814  -1.0810   0.0000   0.0000   0.0000   0.4284
   2.800   0.8451   0.03896   0.03136  -0.1517  0.6975  0.8886  -1.1014   0.0000   0.0000   0.0000   0.4247
   2.900   0.8662   0.03827   0.03065  -0.1526  0.6964  0.8962  -1.1243   0.0000   0.0000   0.0000   0.4211
   3.000   0.8826   0.03758   0.02997  -0.1526  0.6952  0.9040  -1.1437   0.0000   0.0000   0.0000   0.4176
   3.100   0.9017   0.03691   0.02929  -0.1531  0.6941  0.9128  -1.1652   0.0000   0.0000   0.0000   0.4144
   3.200   0.9200   0.03619   0.02857  -0.1534  0.6930  0.9224  -1.1863   0.0000   0.0000   0.0000   0.4112
   3.700   0.9489   0.03825   0.03074  -0.1520  0.6679  1.0000  -1.2271   0.0000   0.0000   0.0000   0.4040
   3.800   0.9757   0.03756   0.03003  -0.1540  0.6667  1.0000  -1.2595   0.0000   0.0000   0.0000   0.4015
   3.900   1.0033   0.03682   0.02934  -0.1561  0.6656  1.0000  -1.2929   0.0000   0.0000   0.0000   0.3991
   4.000   1.0320   0.03604   0.02855  -0.1584  0.6645  1.0000  -1.3276   0.0000   0.0000   0.0000   0.3968
   4.100   1.0621   0.03521   0.02768  -0.1608  0.6635  1.0000  -1.3639   0.0000   0.0000   0.0000   0.3946
   4.200   1.0917   0.03435   0.02680  -0.1632  0.6624  1.0000  -1.4001   0.0000   0.0000   0.0000   0.3924
   4.300   1.1214   0.03351   0.02592  -0.1655  0.6613  1.0000  -1.4374   0.0000   0.0000   0.0000   0.3904
   4.500   1.0845   0.03794   0.03048  -0.1606  0.6408  1.0000  -1.4051   0.0000   0.0000   0.0000   0.3906
   4.600   1.1102   0.03714   0.02967  -0.1623  0.6390  1.0000  -1.4437   0.0000   0.0000   0.0000   0.3885
   4.700   1.1383   0.03621   0.02872  -0.1642  0.6374  1.0000  -1.4855   0.0000   0.0000   0.0000   0.3865
   4.800   1.1673   0.03522   0.02770  -0.1663  0.6358  1.0000  -1.5445   0.0000   0.0000   0.0000   0.3845
   4.900   1.1966   0.03415   0.02660  -0.1683  0.6342  1.0000  -1.6070   0.0000   0.0000   0.0000   0.3825
   5.000   1.2263   0.03307   0.02557  -0.1704  0.6325  1.0000  -1.6708   0.0000   0.0000   0.0000   0.3806
   5.100   1.2576   0.03192   0.02435  -0.1727  0.6306  1.0000  -1.7380   0.0000   0.0000   0.0000   0.3788
   5.200   1.2405   0.03385   0.02638  -0.1697  0.6221  1.0000  -1.7224   0.0000   0.0000   0.0000   0.3782
   5.300   1.2384   0.03473   0.02730  -0.1684  0.6150  1.0000  -1.7327   0.0000   0.0000   0.0000   0.3772
   5.400   1.2595   0.03398   0.02652  -0.1693  0.6110  1.0000  -1.7838   0.0000   0.0000   0.0000   0.3755
   5.500   1.2862   0.03281   0.02532  -0.1708  0.6076  1.0000  -1.8453   0.0000   0.0000   0.0000   0.3736
   5.600   1.3156   0.03150   0.02394  -0.1726  0.6042  1.0000  -1.9122   0.0000   0.0000   0.0000   0.3718
   5.700   1.3465   0.03020   0.02255  -0.1747  0.6008  1.0000  -1.9822   0.0000   0.0000   0.0000   0.3702
   5.800   1.3727   0.02936   0.02161  -0.1763  0.5969  1.0000  -2.0441   0.0000   0.0000   0.0000   0.3688
   5.900   1.3595   0.03071   0.02310  -0.1733  0.5898  1.0000  -2.0357   0.0000   0.0000   0.0000   0.3677
   6.000   1.3616   0.03114   0.02358  -0.1721  0.5834  1.0000  -2.0550   0.0000   0.0000   0.0000   0.3664
   6.100   1.3758   0.03082   0.02325  -0.1723  0.5781  1.0000  -2.0964   0.0000   0.0000   0.0000   0.3650
   6.200   1.3963   0.03017   0.02256  -0.1732  0.5736  1.0000  -2.1490   0.0000   0.0000   0.0000   0.3637
   6.300   1.4185   0.02951   0.02183  -0.1744  0.5696  1.0000  -2.2051   0.0000   0.0000   0.0000   0.3624
   6.400   1.4407   0.02901   0.02126  -0.1757  0.5660  1.0000  -2.2612   0.0000   0.0000   0.0000   0.3612
   6.500   1.4414   0.02959   0.02191  -0.1743  0.5608  1.0000  -2.2781   0.0000   0.0000   0.0000   0.3600
   6.600   1.4418   0.03015   0.02255  -0.1729  0.5552  1.0000  -2.2947   0.0000   0.0000   0.0000   0.3588
   6.700   1.4493   0.03033   0.02275  -0.1723  0.5500  1.0000  -2.3244   0.0000   0.0000   0.0000   0.3576
   6.800   1.4621   0.03023   0.02274  -0.1723  0.5453  1.0000  -2.3638   0.0000   0.0000   0.0000   0.3565
   6.900   1.4782   0.02996   0.02244  -0.1728  0.5410  1.0000  -2.4098   0.0000   0.0000   0.0000   0.3553
   7.000   1.4965   0.02963   0.02207  -0.1736  0.5370  1.0000  -2.4599   0.0000   0.0000   0.0000   0.3543
   7.100   1.5189   0.02925   0.02159  -0.1750  0.5329  1.0000  -2.5177   0.0000   0.0000   0.0000   0.3533
   7.200   1.5155   0.02993   0.02239  -0.1730  0.5275  1.0000  -2.5278   0.0000   0.0000   0.0000   0.3521
   7.300   1.5157   0.03045   0.02299  -0.1715  0.5218  1.0000  -2.5446   0.0000   0.0000   0.0000   0.3509
   7.400   1.5217   0.03067   0.02325  -0.1706  0.5162  1.0000  -2.5724   0.0000   0.0000   0.0000   0.3497
   7.500   1.5328   0.03062   0.02319  -0.1704  0.5108  1.0000  -2.6101   0.0000   0.0000   0.0000   0.3486
   7.600   1.5478   0.03038   0.02291  -0.1707  0.5056  1.0000  -2.6556   0.0000   0.0000   0.0000   0.3475
   7.700   1.5686   0.02998   0.02240  -0.1718  0.5004  1.0000  -2.7122   0.0000   0.0000   0.0000   0.3465
   7.800   1.5677   0.03051   0.02303  -0.1701  0.4950  1.0000  -2.7272   0.0000   0.0000   0.0000   0.3453
   7.900   1.5687   0.03094   0.02353  -0.1686  0.4891  1.0000  -2.7459   0.0000   0.0000   0.0000   0.3441
   8.000   1.5744   0.03111   0.02373  -0.1677  0.4831  1.0000  -2.7742   0.0000   0.0000   0.0000   0.3430
   8.100   1.5845   0.03105   0.02365  -0.1673  0.4771  1.0000  -2.8112   0.0000   0.0000   0.0000   0.3419
   8.200   1.6010   0.03076   0.02325  -0.1677  0.4709  1.0000  -2.8609   0.0000   0.0000   0.0000   0.3408
   8.300   1.6113   0.03084   0.02330  -0.1675  0.4648  1.0000  -2.8981   0.0000   0.0000   0.0000   0.3398
   8.400   1.6081   0.03141   0.02398  -0.1654  0.4590  1.0000  -2.9089   0.0000   0.0000   0.0000   0.3386
   8.500   1.6085   0.03181   0.02445  -0.1638  0.4529  1.0000  -2.9269   0.0000   0.0000   0.0000   0.3374
   8.600   1.6123   0.03202   0.02469  -0.1626  0.4467  1.0000  -2.9518   0.0000   0.0000   0.0000   0.3362
   8.700   1.6212   0.03203   0.02466  -0.1620  0.4406  1.0000  -2.9871   0.0000   0.0000   0.0000   0.3351
   8.800   1.6368   0.03192   0.02442  -0.1624  0.4341  1.0000  -3.0351   0.0000   0.0000   0.0000   0.3342
   8.900   1.6331   0.03248   0.02509  -0.1603  0.4289  1.0000  -3.0448   0.0000   0.0000   0.0000   0.3330
   9.000   1.6325   0.03295   0.02563  -0.1586  0.4233  1.0000  -3.0607   0.0000   0.0000   0.0000   0.3318
   9.100   1.6347   0.03329   0.02600  -0.1572  0.4175  1.0000  -3.0823   0.0000   0.0000   0.0000   0.3306
   9.200   1.6411   0.03344   0.02624  -0.1564  0.4113  1.0000  -3.1167   0.0000   0.0000   0.0000   0.3296
   9.300   1.6557   0.03333   0.02600  -0.1566  0.4043  1.0000  -3.1710   0.0000   0.0000   0.0000   0.3286
   9.400   1.6560   0.03383   0.02654  -0.1551  0.3986  1.0000  -3.1923   0.0000   0.0000   0.0000   0.3275
   9.500   1.6517   0.03450   0.02732  -0.1531  0.3928  1.0000  -3.2033   0.0000   0.0000   0.0000   0.3264
   9.600   1.6500   0.03507   0.02797  -0.1514  0.3866  1.0000  -3.2203   0.0000   0.0000   0.0000   0.3253
   9.700   1.6512   0.03550   0.02841  -0.1500  0.3802  1.0000  -3.2441   0.0000   0.0000   0.0000   0.3242
   9.800   1.6579   0.03567   0.02851  -0.1492  0.3734  1.0000  -3.2808   0.0000   0.0000   0.0000   0.3231
   9.900   1.6596   0.03615   0.02899  -0.1480  0.3670  1.0000  -3.3053   0.0000   0.0000   0.0000   0.3221
  10.000   1.6564   0.03688   0.02981  -0.1463  0.3608  1.0000  -3.3182   0.0000   0.0000   0.0000   0.3211
  10.100   1.6553   0.03750   0.03047  -0.1449  0.3542  1.0000  -3.3364   0.0000   0.0000   0.0000   0.3201
  10.200   1.6576   0.03790   0.03082  -0.1437  0.3473  1.0000  -3.3631   0.0000   0.0000   0.0000   0.3191
  10.300   1.6665   0.03802   0.03074  -0.1432  0.3392  1.0000  -3.4050   0.0000   0.0000   0.0000   0.3180
  10.400   1.6599   0.03903   0.03191  -0.1414  0.3333  1.0000  -3.4088   0.0000   0.0000   0.0000   0.3171
  10.500   1.6552   0.03998   0.03296  -0.1398  0.3262  1.0000  -3.4173   0.0000   0.0000   0.0000   0.3162
  10.600   1.6528   0.04078   0.03379  -0.1384  0.3187  1.0000  -3.4314   0.0000   0.0000   0.0000   0.3153
  10.700   1.6536   0.04136   0.03428  -0.1373  0.3110  1.0000  -3.4540   0.0000   0.0000   0.0000   0.3144
  10.800   1.6518   0.04222   0.03516  -0.1361  0.3037  1.0000  -3.4687   0.0000   0.0000   0.0000   0.3135
  10.900   1.6483   0.04322   0.03620  -0.1348  0.2963  1.0000  -3.4793   0.0000   0.0000   0.0000   0.3127
  11.000   1.6465   0.04407   0.03701  -0.1336  0.2887  1.0000  -3.4945   0.0000   0.0000   0.0000   0.3119
  11.100   1.6474   0.04472   0.03748  -0.1325  0.2806  1.0000  -3.5168   0.0000   0.0000   0.0000   0.3109
  11.200   1.6430   0.04592   0.03874  -0.1313  0.2728  1.0000  -3.5232   0.0000   0.0000   0.0000   0.3102
  11.300   1.6378   0.04718   0.04009  -0.1302  0.2645  1.0000  -3.5275   0.0000   0.0000   0.0000   0.3096
  11.400   1.6340   0.04830   0.04118  -0.1291  0.2564  1.0000  -3.5363   0.0000   0.0000   0.0000   0.3088
  11.500   1.6320   0.04929   0.04203  -0.1280  0.2485  1.0000  -3.5496   0.0000   0.0000   0.0000   0.3081
  11.600   1.6276   0.05061   0.04341  -0.1270  0.2410  1.0000  -3.5542   0.0000   0.0000   0.0000   0.3075
  11.700   1.6236   0.05186   0.04462  -0.1260  0.2338  1.0000  -3.5613   0.0000   0.0000   0.0000   0.3068
  11.800   1.6215   0.05291   0.04549  -0.1250  0.2263  1.0000  -3.5742   0.0000   0.0000   0.0000   0.3061
  11.900   1.6196   0.05410   0.04662  -0.1241  0.2182  1.0000  -3.5833   0.0000   0.0000   0.0000   0.3054
  12.000   1.6145   0.05561   0.04823  -0.1233  0.2111  1.0000  -3.5839   0.0000   0.0000   0.0000   0.3049
  12.100   1.6103   0.05699   0.04962  -0.1225  0.2044  1.0000  -3.5893   0.0000   0.0000   0.0000   0.3044
  12.200   1.6078   0.05818   0.05069  -0.1217  0.1981  1.0000  -3.6039   0.0000   0.0000   0.0000   0.3038
  12.300   1.6057   0.05944   0.05190  -0.1210  0.1922  1.0000  -3.6172   0.0000   0.0000   0.0000   0.3033
  12.400   1.6024   0.06083   0.05335  -0.1204  0.1868  1.0000  -3.6266   0.0000   0.0000   0.0000   0.3029
  12.500   1.5991   0.06220   0.05472  -0.1199  0.1820  1.0000  -3.6379   0.0000   0.0000   0.0000   0.3025
  12.600   1.5966   0.06345   0.05588  -0.1193  0.1772  1.0000  -3.6529   0.0000   0.0000   0.0000   0.3020
  12.700   1.5997   0.06412   0.05626  -0.1186  0.1702  1.0000  -3.6842   0.0000   0.0000   0.0000   0.3012
  12.800   1.5953   0.06572   0.05801  -0.1182  0.1669  1.0000  -3.6893   0.0000   0.0000   0.0000   0.3010
  12.900   1.5917   0.06726   0.05965  -0.1179  0.1629  1.0000  -3.6971   0.0000   0.0000   0.0000   0.3007
  13.000   1.5885   0.06873   0.06118  -0.1176  0.1588  1.0000  -3.7079   0.0000   0.0000   0.0000   0.3005
  13.100   1.5855   0.07017   0.06264  -0.1174  0.1550  1.0000  -3.7406   0.0000   0.0000   0.0000   0.3002
  13.200   1.5822   0.07160   0.06406  -0.1171  0.1515  1.0000  -3.7738   0.0000   0.0000   0.0000   0.3000
  13.300   1.5790   0.07298   0.06540  -0.1168  0.1476  1.0000  -3.8082   0.0000   0.0000   0.0000   0.2997
  13.400   1.5769   0.07439   0.06683  -0.1166  0.1443  1.0000  -3.8445   0.0000   0.0000   0.0000   0.2995
  13.500   1.5743   0.07590   0.06842  -0.1166  0.1412  1.0000  -3.8780   0.0000   0.0000   0.0000   0.2993
  13.600   1.5717   0.07743   0.06999  -0.1165  0.1382  1.0000  -3.9122   0.0000   0.0000   0.0000   0.2992
  13.700   1.5689   0.07898   0.07157  -0.1165  0.1354  1.0000  -3.9458   0.0000   0.0000   0.0000   0.2991
  13.800   1.5663   0.08050   0.07310  -0.1165  0.1327  1.0000  -3.9812   0.0000   0.0000   0.0000   0.2990
  13.900   1.5645   0.08189   0.07444  -0.1165  0.1299  1.0000  -4.0215   0.0000   0.0000   0.0000   0.2988
  14.000   1.5649   0.08294   0.07537  -0.1162  0.1267  1.0000  -4.0748   0.0000   0.0000   0.0000   0.2984
  14.100   1.5681   0.08365   0.07601  -0.1158  0.1234  1.0000  -4.1412   0.0000   0.0000   0.0000   0.2978
  14.200   1.5668   0.08515   0.07763  -0.1159  0.1219  1.0000  -4.1791   0.0000   0.0000   0.0000   0.2977
  14.300   1.5667   0.08649   0.07907  -0.1159  0.1202  1.0000  -4.2229   0.0000   0.0000   0.0000   0.2975
  14.400   1.5676   0.08768   0.08033  -0.1159  0.1187  1.0000  -4.2727   0.0000   0.0000   0.0000   0.2972
  14.500   1.5686   0.08883   0.08156  -0.1158  0.1171  1.0000  -4.3235   0.0000   0.0000   0.0000   0.2969
  14.600   1.5697   0.08999   0.08278  -0.1158  0.1155  1.0000  -4.3746   0.0000   0.0000   0.0000   0.2966
  14.700   1.5705   0.09117   0.08402  -0.1158  0.1140  1.0000  -4.4249   0.0000   0.0000   0.0000   0.2963
  14.800   1.5713   0.09234   0.08524  -0.1158  0.1125  1.0000  -4.4754   0.0000   0.0000   0.0000   0.2961
  14.900   1.5721   0.09352   0.08646  -0.1158  0.1110  1.0000  -4.5260   0.0000   0.0000   0.0000   0.2958
  15.000   1.5727   0.09472   0.08769  -0.1159  0.1096  1.0000  -4.5760   0.0000   0.0000   0.0000   0.2956
  15.100   1.5732   0.09592   0.08892  -0.1160  0.1083  1.0000  -4.6260   0.0000   0.0000   0.0000   0.2954
  15.200   1.5738   0.09708   0.09010  -0.1160  0.1070  1.0000  -4.6773   0.0000   0.0000   0.0000   0.2952
  15.300   1.5755   0.09806   0.09107  -0.1160  0.1057  1.0000  -4.7350   0.0000   0.0000   0.0000   0.2948
  15.400   1.5787   0.09877   0.09174  -0.1158  0.1042  1.0000  -4.8022   0.0000   0.0000   0.0000   0.2943
  15.500   1.5810   0.09969   0.09267  -0.1157  0.1029  1.0000  -4.8613   0.0000   0.0000   0.0000   0.2939
  15.600   1.5807   0.10110   0.09418  -0.1160  0.1021  1.0000  -4.9026   0.0000   0.0000   0.0000   0.2939
  15.700   1.5804   0.10250   0.09567  -0.1162  0.1012  1.0000  -4.9441   0.0000   0.0000   0.0000   0.2938
  15.800   1.5801   0.10390   0.09715  -0.1165  0.1002  1.0000  -4.9857   0.0000   0.0000   0.0000   0.2938
  15.900   1.5797   0.10532   0.09866  -0.1168  0.0992  1.0000  -5.0262   0.0000   0.0000   0.0000   0.2938
  16.000   1.5787   0.10683   0.10025  -0.1172  0.0982  1.0000  -5.0634   0.0000   0.0000   0.0000   0.2938
  16.100   1.5770   0.10844   0.10193  -0.1177  0.0970  1.0000  -5.0974   0.0000   0.0000   0.0000   0.2940
  16.200   1.5750   0.11011   0.10365  -0.1183  0.0956  1.0000  -5.1298   0.0000   0.0000   0.0000   0.2942
  16.300   1.5728   0.11182   0.10541  -0.1190  0.0942  1.0000  -5.1612   0.0000   0.0000   0.0000   0.2945
  16.400   1.5701   0.11360   0.10722  -0.1197  0.0927  1.0000  -5.1906   0.0000   0.0000   0.0000   0.2948
  16.500   1.5670   0.11545   0.10910  -0.1205  0.0912  1.0000  -5.2178   0.0000   0.0000   0.0000   0.2953
  16.600   1.5643   0.11723   0.11087  -0.1214  0.0896  1.0000  -5.2480   0.0000   0.0000   0.0000   0.2957
  16.700   1.5632   0.11863   0.11221  -0.1219  0.0875  1.0000  -5.2908   0.0000   0.0000   0.0000   0.2958
  16.800   1.5668   0.11902   0.11243  -0.1217  0.0842  1.0000  -5.3649   0.0000   0.0000   0.0000   0.2953
  16.900   1.5622   0.12130   0.11484  -0.1229  0.0835  1.0000  -5.3750   0.0000   0.0000   0.0000   0.2960
  17.000   1.5579   0.12357   0.11722  -0.1240  0.0827  1.0000  -5.3862   0.0000   0.0000   0.0000   0.2967
  17.100   1.5545   0.12569   0.11945  -0.1250  0.0819  1.0000  -5.4016   0.0000   0.0000   0.0000   0.2972
  17.200   1.5519   0.12763   0.12149  -0.1259  0.0811  1.0000  -5.4222   0.0000   0.0000   0.0000   0.2977
  17.300   1.5495   0.12951   0.12348  -0.1268  0.0802  1.0000  -5.4434   0.0000   0.0000   0.0000   0.2982
  17.400   1.5470   0.13142   0.12548  -0.1278  0.0793  1.0000  -5.4633   0.0000   0.0000   0.0000   0.2987
  17.500   1.5445   0.13334   0.12749  -0.1287  0.0784  1.0000  -5.4822   0.0000   0.0000   0.0000   0.2992
  17.600   1.5421   0.13521   0.12945  -0.1297  0.0776  1.0000  -5.5018   0.0000   0.0000   0.0000   0.2998
  17.700   1.5399   0.13706   0.13138  -0.1307  0.0767  1.0000  -5.5224   0.0000   0.0000   0.0000   0.3003
  17.800   1.5381   0.13887   0.13333  -0.1317  0.0758  1.0000  -5.5461   0.0000   0.0000   0.0000   0.3008
  17.900   1.5358   0.14078   0.13532  -0.1327  0.0750  1.0000  -5.5651   0.0000   0.0000   0.0000   0.3013
  18.000   1.5336   0.14269   0.13729  -0.1338  0.0741  1.0000  -5.5842   0.0000   0.0000   0.0000   0.3019
  18.100   1.5316   0.14455   0.13921  -0.1348  0.0733  1.0000  -5.6049   0.0000   0.0000   0.0000   0.3024
  18.200   1.5299   0.14637   0.14109  -0.1358  0.0725  1.0000  -5.6274   0.0000   0.0000   0.0000   0.3029
  18.300   1.5285   0.14816   0.14294  -0.1368  0.0717  1.0000  -5.6514   0.0000   0.0000   0.0000   0.3034
  18.400   1.5270   0.14997   0.14478  -0.1378  0.0709  1.0000  -5.6751   0.0000   0.0000   0.0000   0.3039
  18.500   1.5254   0.15180   0.14666  -0.1389  0.0702  1.0000  -5.6977   0.0000   0.0000   0.0000   0.3045
  18.600   1.5241   0.15357   0.14848  -0.1399  0.0695  1.0000  -5.7221   0.0000   0.0000   0.0000   0.3050
  18.700   1.5233   0.15525   0.15018  -0.1408  0.0687  1.0000  -5.7503   0.0000   0.0000   0.0000   0.3054
  18.800   1.5235   0.15664   0.15159  -0.1416  0.0679  1.0000  -5.7878   0.0000   0.0000   0.0000   0.3056
  18.900   1.5245   0.15786   0.15278  -0.1422  0.0671  1.0000  -5.8295   0.0000   0.0000   0.0000   0.3056
  19.000   1.5210   0.16026   0.15528  -0.1435  0.0667  1.0000  -5.8300   0.0000   0.0000   0.0000   0.3065
  19.100   1.5169   0.16285   0.15798  -0.1450  0.0664  1.0000  -5.8238   0.0000   0.0000   0.0000   0.3075
  19.200   1.5124   0.16554   0.16077  -0.1465  0.0660  1.0000  -5.8139   0.0000   0.0000   0.0000   0.3086
  19.300   1.5077   0.16834   0.16367  -0.1481  0.0657  1.0000  -5.8003   0.0000   0.0000   0.0000   0.3098
  19.400   1.5025   0.17132   0.16675  -0.1498  0.0654  1.0000  -5.7806   0.0000   0.0000   0.0000   0.3110
  19.500   1.4960   0.17465   0.17019  -0.1518  0.0651  1.0000  -5.7484   0.0000   0.0000   0.0000   0.3126
  19.600   1.4881   0.17841   0.17405  -0.1539  0.0649  1.0000  -5.7016   0.0000   0.0000   0.0000   0.3144
  19.700   1.4790   0.18260   0.17834  -0.1563  0.0648  1.0000  -5.6403   0.0000   0.0000   0.0000   0.3165
  19.800   1.4667   0.18778   0.18362  -0.1593  0.0649  1.0000  -5.5452   0.0000   0.0000   0.0000   0.3194
  19.900   1.4511   0.19405   0.18999  -0.1628  0.0651  1.0000  -5.4120   0.0000   0.0000   0.0000   0.3229
  20.000   1.4289   0.20271   0.19874  -0.1675  0.0656  1.0000  -5.1990   0.0000   0.0000   0.0000   0.3281


