xflr5 v6.61

 Calculated polar for: WORTMANN FX 63-137 AIRFOIL

 1 1 Reynolds number fixed          Mach number fixed         

 xtrf =   1.000 (top)        1.000 (bottom)
 Mach =   0.000     Re =     0.090 e 6     Ncrit =   9.000

  alpha     CL        CD       CDp       Cm    Top Xtr Bot Xtr   Cpmin    Chinge    XCp    
 ------- -------- --------- --------- -------- ------- ------- -------- --------- ---------
   0.000   0.6248   0.03281   0.02547  -0.1633  0.7822  0.7173  -0.8788   0.0000   0.0000   0.0000   0.5110
   0.100   0.6454   0.03249   0.02511  -0.1647  0.7813  0.7233  -0.8946   0.0000   0.0000   0.0000   0.5044
   0.200   0.6607   0.03217   0.02479  -0.1647  0.7801  0.7282  -0.9075   0.0000   0.0000   0.0000   0.4984
   0.300   0.6782   0.03187   0.02447  -0.1652  0.7791  0.7338  -0.9217   0.0000   0.0000   0.0000   0.4925
   0.400   0.6973   0.03158   0.02414  -0.1661  0.7781  0.7401  -0.9369   0.0000   0.0000   0.0000   0.4870
   0.700   0.6944   0.03346   0.02605  -0.1623  0.7585  0.7519  -0.9343   0.0000   0.0000   0.0000   0.4821
   0.800   0.7094   0.03309   0.02567  -0.1623  0.7570  0.7566  -0.9471   0.0000   0.0000   0.0000   0.4769
   0.900   0.7270   0.03269   0.02526  -0.1629  0.7557  0.7619  -0.9626   0.0000   0.0000   0.0000   0.4719
   1.000   0.7468   0.03231   0.02486  -0.1639  0.7545  0.7675  -0.9805   0.0000   0.0000   0.0000   0.4672
   1.100   0.7684   0.03194   0.02445  -0.1654  0.7534  0.7729  -0.9996   0.0000   0.0000   0.0000   0.4628
   1.200   0.7915   0.03157   0.02404  -0.1672  0.7523  0.7779  -1.0198   0.0000   0.0000   0.0000   0.4586
   1.300   0.8080   0.03116   0.02362  -0.1675  0.7512  0.7819  -1.0357   0.0000   0.0000   0.0000   0.4545
   1.400   0.8254   0.03078   0.02322  -0.1680  0.7501  0.7863  -1.0524   0.0000   0.0000   0.0000   0.4506
   1.600   0.8011   0.03313   0.02568  -0.1626  0.7320  0.7926  -1.0354   0.0000   0.0000   0.0000   0.4498
   1.700   0.8204   0.03279   0.02532  -0.1637  0.7304  0.7985  -1.0530   0.0000   0.0000   0.0000   0.4461
   1.800   0.8423   0.03243   0.02493  -0.1652  0.7290  0.8046  -1.0726   0.0000   0.0000   0.0000   0.4426
   1.900   0.8559   0.03201   0.02452  -0.1650  0.7273  0.8096  -1.0867   0.0000   0.0000   0.0000   0.4391
   2.000   0.8716   0.03159   0.02410  -0.1651  0.7259  0.8157  -1.1031   0.0000   0.0000   0.0000   0.4356
   2.100   0.8899   0.03115   0.02367  -0.1658  0.7246  0.8222  -1.1233   0.0000   0.0000   0.0000   0.4323
   2.200   0.9115   0.03072   0.02320  -0.1672  0.7234  0.8289  -1.1460   0.0000   0.0000   0.0000   0.4292
   2.300   0.9282   0.03023   0.02271  -0.1674  0.7222  0.8342  -1.1652   0.0000   0.0000   0.0000   0.4260
   2.500   0.9063   0.03259   0.02518  -0.1623  0.7050  0.8419  -1.1519   0.0000   0.0000   0.0000   0.4245
   2.600   0.9238   0.03219   0.02477  -0.1630  0.7028  0.8476  -1.1715   0.0000   0.0000   0.0000   0.4217
   2.700   0.9438   0.03174   0.02430  -0.1641  0.7007  0.8533  -1.1931   0.0000   0.0000   0.0000   0.4190
   2.800   0.9590   0.03120   0.02377  -0.1641  0.6988  0.8585  -1.2113   0.0000   0.0000   0.0000   0.4161
   2.900   0.9761   0.03065   0.02320  -0.1645  0.6971  0.8645  -1.2312   0.0000   0.0000   0.0000   0.4133
   3.000   0.9956   0.03009   0.02262  -0.1653  0.6955  0.8710  -1.2530   0.0000   0.0000   0.0000   0.4107
   3.100   1.0157   0.02955   0.02207  -0.1663  0.6941  0.8772  -1.2753   0.0000   0.0000   0.0000   0.4082
   3.200   1.0320   0.02903   0.02153  -0.1665  0.6926  0.8838  -1.2947   0.0000   0.0000   0.0000   0.4056
   3.400   1.0198   0.03093   0.02356  -0.1626  0.6780  0.8963  -1.2914   0.0000   0.0000   0.0000   0.4034
   3.500   1.0272   0.03078   0.02349  -0.1617  0.6744  0.9040  -1.3052   0.0000   0.0000   0.0000   0.4013
   3.600   1.0406   0.03038   0.02310  -0.1616  0.6718  0.9137  -1.3250   0.0000   0.0000   0.0000   0.3991
   3.700   1.0534   0.02986   0.02259  -0.1613  0.6696  0.9248  -1.3446   0.0000   0.0000   0.0000   0.3967
   3.800   1.0683   0.02925   0.02198  -0.1613  0.6676  0.9392  -1.3664   0.0000   0.0000   0.0000   0.3944
   4.000   1.1116   0.02787   0.02056  -0.1637  0.6638  1.0000  -1.4229   0.0000   0.0000   0.0000   0.3904
   4.100   1.1397   0.02725   0.01988  -0.1662  0.6619  1.0000  -1.4573   0.0000   0.0000   0.0000   0.3888
   4.200   1.1414   0.02810   0.02079  -0.1657  0.6554  1.0000  -1.4659   0.0000   0.0000   0.0000   0.3880
   4.300   1.1425   0.02892   0.02167  -0.1650  0.6481  1.0000  -1.4745   0.0000   0.0000   0.0000   0.3871
   4.400   1.1596   0.02879   0.02153  -0.1661  0.6438  1.0000  -1.5024   0.0000   0.0000   0.0000   0.3857
   4.500   1.1810   0.02837   0.02109  -0.1676  0.6404  1.0000  -1.5410   0.0000   0.0000   0.0000   0.3843
   4.600   1.2043   0.02784   0.02052  -0.1694  0.6374  1.0000  -1.5926   0.0000   0.0000   0.0000   0.3828
   4.700   1.2300   0.02717   0.01979  -0.1714  0.6345  1.0000  -1.6488   0.0000   0.0000   0.0000   0.3813
   4.800   1.2571   0.02644   0.01906  -0.1735  0.6315  1.0000  -1.7082   0.0000   0.0000   0.0000   0.3799
   4.900   1.2720   0.02640   0.01901  -0.1742  0.6268  1.0000  -1.7474   0.0000   0.0000   0.0000   0.3787
   5.000   1.2726   0.02706   0.01975  -0.1731  0.6199  1.0000  -1.7625   0.0000   0.0000   0.0000   0.3776
   5.100   1.2842   0.02706   0.01975  -0.1733  0.6141  1.0000  -1.7969   0.0000   0.0000   0.0000   0.3763
   5.200   1.3026   0.02665   0.01930  -0.1742  0.6092  1.0000  -1.8433   0.0000   0.0000   0.0000   0.3749
   5.300   1.3242   0.02607   0.01865  -0.1755  0.6047  1.0000  -1.8955   0.0000   0.0000   0.0000   0.3736
   5.400   1.3466   0.02551   0.01799  -0.1770  0.6005  1.0000  -1.9496   0.0000   0.0000   0.0000   0.3723
   5.500   1.3633   0.02534   0.01777  -0.1778  0.5959  1.0000  -1.9939   0.0000   0.0000   0.0000   0.3710
   5.600   1.3641   0.02587   0.01840  -0.1765  0.5896  1.0000  -2.0105   0.0000   0.0000   0.0000   0.3698
   5.700   1.3716   0.02606   0.01862  -0.1760  0.5837  1.0000  -2.0391   0.0000   0.0000   0.0000   0.3686
   5.800   1.3838   0.02603   0.01857  -0.1761  0.5785  1.0000  -2.0761   0.0000   0.0000   0.0000   0.3674
   5.900   1.3987   0.02587   0.01838  -0.1766  0.5739  1.0000  -2.1181   0.0000   0.0000   0.0000   0.3662
   6.000   1.4150   0.02568   0.01815  -0.1773  0.5700  1.0000  -2.1627   0.0000   0.0000   0.0000   0.3651
   6.100   1.4329   0.02551   0.01790  -0.1782  0.5664  1.0000  -2.2102   0.0000   0.0000   0.0000   0.3640
   6.200   1.4402   0.02578   0.01822  -0.1777  0.5617  1.0000  -2.2390   0.0000   0.0000   0.0000   0.3629
   6.300   1.4446   0.02614   0.01865  -0.1768  0.5564  1.0000  -2.2627   0.0000   0.0000   0.0000   0.3617
   6.400   1.4525   0.02633   0.01887  -0.1763  0.5513  1.0000  -2.2929   0.0000   0.0000   0.0000   0.3605
   6.500   1.4632   0.02638   0.01891  -0.1762  0.5464  1.0000  -2.3285   0.0000   0.0000   0.0000   0.3594
   6.600   1.4760   0.02631   0.01891  -0.1763  0.5418  1.0000  -2.3682   0.0000   0.0000   0.0000   0.3583
   6.700   1.4914   0.02616   0.01870  -0.1768  0.5374  1.0000  -2.4126   0.0000   0.0000   0.0000   0.3572
   6.800   1.5103   0.02598   0.01841  -0.1778  0.5328  1.0000  -2.4638   0.0000   0.0000   0.0000   0.3562
   6.900   1.5116   0.02641   0.01895  -0.1764  0.5275  1.0000  -2.4825   0.0000   0.0000   0.0000   0.3550
   7.000   1.5152   0.02674   0.01935  -0.1752  0.5218  1.0000  -2.5057   0.0000   0.0000   0.0000   0.3538
   7.100   1.5220   0.02693   0.01957  -0.1745  0.5160  1.0000  -2.5351   0.0000   0.0000   0.0000   0.3526
   7.200   1.5315   0.02697   0.01961  -0.1742  0.5105  1.0000  -2.5697   0.0000   0.0000   0.0000   0.3515
   7.300   1.5438   0.02691   0.01949  -0.1742  0.5052  1.0000  -2.6101   0.0000   0.0000   0.0000   0.3504
   7.400   1.5605   0.02677   0.01924  -0.1748  0.4998  1.0000  -2.6585   0.0000   0.0000   0.0000   0.3494
   7.500   1.5616   0.02718   0.01975  -0.1733  0.4943  1.0000  -2.6775   0.0000   0.0000   0.0000   0.3482
   7.600   1.5655   0.02746   0.02010  -0.1722  0.4884  1.0000  -2.7019   0.0000   0.0000   0.0000   0.3471
   7.700   1.5718   0.02763   0.02029  -0.1714  0.4825  1.0000  -2.7311   0.0000   0.0000   0.0000   0.3459
   7.800   1.5808   0.02769   0.02032  -0.1709  0.4767  1.0000  -2.7658   0.0000   0.0000   0.0000   0.3448
   7.900   1.5943   0.02762   0.02015  -0.1711  0.4708  1.0000  -2.8090   0.0000   0.0000   0.0000   0.3438
   8.000   1.6036   0.02777   0.02026  -0.1707  0.4649  1.0000  -2.8441   0.0000   0.0000   0.0000   0.3428
   8.100   1.6037   0.02818   0.02079  -0.1690  0.4590  1.0000  -2.8615   0.0000   0.0000   0.0000   0.3416
   8.200   1.6061   0.02851   0.02118  -0.1677  0.4528  1.0000  -2.8835   0.0000   0.0000   0.0000   0.3404
   8.300   1.6108   0.02874   0.02143  -0.1666  0.4466  1.0000  -2.9100   0.0000   0.0000   0.0000   0.3393
   8.400   1.6187   0.02886   0.02151  -0.1660  0.4407  1.0000  -2.9430   0.0000   0.0000   0.0000   0.3382
   8.500   1.6310   0.02891   0.02146  -0.1660  0.4349  1.0000  -2.9843   0.0000   0.0000   0.0000   0.3372
   8.600   1.6313   0.02931   0.02195  -0.1644  0.4298  1.0000  -3.0020   0.0000   0.0000   0.0000   0.3361
   8.700   1.6324   0.02969   0.02239  -0.1629  0.4243  1.0000  -3.0215   0.0000   0.0000   0.0000   0.3349
   8.800   1.6353   0.03001   0.02274  -0.1616  0.4186  1.0000  -3.0445   0.0000   0.0000   0.0000   0.3337
   8.900   1.6408   0.03023   0.02295  -0.1607  0.4128  1.0000  -3.0728   0.0000   0.0000   0.0000   0.3327
   9.000   1.6493   0.03038   0.02311  -0.1602  0.4068  1.0000  -3.1071   0.0000   0.0000   0.0000   0.3316
   9.100   1.6565   0.03063   0.02331  -0.1595  0.4006  1.0000  -3.1419   0.0000   0.0000   0.0000   0.3306
   9.200   1.6540   0.03116   0.02397  -0.1576  0.3951  1.0000  -3.1571   0.0000   0.0000   0.0000   0.3295
   9.300   1.6532   0.03166   0.02455  -0.1559  0.3889  1.0000  -3.1763   0.0000   0.0000   0.0000   0.3283
   9.400   1.6543   0.03209   0.02501  -0.1545  0.3825  1.0000  -3.2001   0.0000   0.0000   0.0000   0.3272
   9.500   1.6579   0.03242   0.02531  -0.1534  0.3761  1.0000  -3.2296   0.0000   0.0000   0.0000   0.3262
   9.600   1.6635   0.03271   0.02552  -0.1526  0.3697  1.0000  -3.2637   0.0000   0.0000   0.0000   0.3251
   9.700   1.6621   0.03331   0.02623  -0.1510  0.3638  1.0000  -3.2811   0.0000   0.0000   0.0000   0.3241
   9.800   1.6619   0.03386   0.02683  -0.1495  0.3574  1.0000  -3.3014   0.0000   0.0000   0.0000   0.3230
   9.900   1.6627   0.03436   0.02731  -0.1482  0.3508  1.0000  -3.3246   0.0000   0.0000   0.0000   0.3220
  10.000   1.6651   0.03479   0.02767  -0.1471  0.3442  1.0000  -3.3518   0.0000   0.0000   0.0000   0.3210
  10.100   1.6679   0.03527   0.02808  -0.1460  0.3374  1.0000  -3.3790   0.0000   0.0000   0.0000   0.3200
  10.200   1.6648   0.03607   0.02901  -0.1445  0.3307  1.0000  -3.3915   0.0000   0.0000   0.0000   0.3190
  10.300   1.6627   0.03682   0.02984  -0.1431  0.3233  1.0000  -3.4068   0.0000   0.0000   0.0000   0.3181
  10.400   1.6617   0.03751   0.03053  -0.1417  0.3157  1.0000  -3.4250   0.0000   0.0000   0.0000   0.3172
  10.500   1.6620   0.03814   0.03105  -0.1405  0.3085  1.0000  -3.4468   0.0000   0.0000   0.0000   0.3162
  10.600   1.6600   0.03901   0.03200  -0.1393  0.3013  1.0000  -3.4612   0.0000   0.0000   0.0000   0.3154
  10.700   1.6580   0.03986   0.03286  -0.1380  0.2939  1.0000  -3.4764   0.0000   0.0000   0.0000   0.3145
  10.800   1.6560   0.04071   0.03365  -0.1368  0.2866  1.0000  -3.4920   0.0000   0.0000   0.0000   0.3136
  10.900   1.6552   0.04151   0.03426  -0.1356  0.2788  1.0000  -3.5107   0.0000   0.0000   0.0000   0.3127
  11.000   1.6511   0.04265   0.03556  -0.1344  0.2706  1.0000  -3.5185   0.0000   0.0000   0.0000   0.3121
  11.100   1.6471   0.04378   0.03674  -0.1333  0.2616  1.0000  -3.5275   0.0000   0.0000   0.0000   0.3113
  11.200   1.6430   0.04491   0.03779  -0.1321  0.2532  1.0000  -3.5372   0.0000   0.0000   0.0000   0.3106
  11.300   1.6391   0.04608   0.03893  -0.1310  0.2453  1.0000  -3.5465   0.0000   0.0000   0.0000   0.3099
  11.400   1.6347   0.04731   0.04015  -0.1300  0.2376  1.0000  -3.5544   0.0000   0.0000   0.0000   0.3093
  11.500   1.6296   0.04860   0.04135  -0.1289  0.2305  1.0000  -3.5614   0.0000   0.0000   0.0000   0.3087
  11.600   1.6253   0.04983   0.04241  -0.1278  0.2230  1.0000  -3.5704   0.0000   0.0000   0.0000   0.3080
  11.700   1.6215   0.05120   0.04388  -0.1270  0.2148  1.0000  -3.5764   0.0000   0.0000   0.0000   0.3075
  11.800   1.6170   0.05263   0.04535  -0.1263  0.2066  1.0000  -3.5818   0.0000   0.0000   0.0000   0.3070
  11.900   1.6120   0.05407   0.04673  -0.1254  0.1995  1.0000  -3.5874   0.0000   0.0000   0.0000   0.3065
  12.000   1.6076   0.05549   0.04808  -0.1247  0.1932  1.0000  -3.5944   0.0000   0.0000   0.0000   0.3060
  12.100   1.6040   0.05692   0.04954  -0.1241  0.1869  1.0000  -3.6051   0.0000   0.0000   0.0000   0.3056
  12.200   1.5997   0.05840   0.05097  -0.1235  0.1813  1.0000  -3.6150   0.0000   0.0000   0.0000   0.3052
  12.300   1.5953   0.05988   0.05235  -0.1229  0.1760  1.0000  -3.6251   0.0000   0.0000   0.0000   0.3048
  12.400   1.5921   0.06121   0.05351  -0.1221  0.1700  1.0000  -3.6380   0.0000   0.0000   0.0000   0.3043
  12.500   1.5895   0.06270   0.05514  -0.1218  0.1648  1.0000  -3.6491   0.0000   0.0000   0.0000   0.3040
  12.600   1.5868   0.06416   0.05667  -0.1215  0.1591  1.0000  -3.6614   0.0000   0.0000   0.0000   0.3037
  12.700   1.5837   0.06566   0.05819  -0.1212  0.1541  1.0000  -3.6734   0.0000   0.0000   0.0000   0.3035
  12.800   1.5798   0.06723   0.05970  -0.1209  0.1498  1.0000  -3.6842   0.0000   0.0000   0.0000   0.3032
  12.900   1.5764   0.06872   0.06112  -0.1205  0.1459  1.0000  -3.6961   0.0000   0.0000   0.0000   0.3030
  13.000   1.5750   0.07011   0.06256  -0.1204  0.1420  1.0000  -3.7121   0.0000   0.0000   0.0000   0.3027
  13.100   1.5730   0.07155   0.06404  -0.1202  0.1383  1.0000  -3.7271   0.0000   0.0000   0.0000   0.3025
  13.200   1.5703   0.07307   0.06556  -0.1201  0.1351  1.0000  -3.7606   0.0000   0.0000   0.0000   0.3023
  13.300   1.5672   0.07462   0.06708  -0.1199  0.1321  1.0000  -3.7931   0.0000   0.0000   0.0000   0.3021
  13.400   1.5636   0.07622   0.06867  -0.1198  0.1289  1.0000  -3.8224   0.0000   0.0000   0.0000   0.3020
  13.500   1.5625   0.07743   0.06978  -0.1194  0.1255  1.0000  -3.8651   0.0000   0.0000   0.0000   0.3016
  13.600   1.5632   0.07854   0.07092  -0.1192  0.1228  1.0000  -3.9154   0.0000   0.0000   0.0000   0.3012
  13.700   1.5638   0.07976   0.07223  -0.1191  0.1207  1.0000  -3.9638   0.0000   0.0000   0.0000   0.3009
  13.800   1.5645   0.08094   0.07349  -0.1190  0.1187  1.0000  -4.0135   0.0000   0.0000   0.0000   0.3006
  13.900   1.5653   0.08212   0.07473  -0.1188  0.1168  1.0000  -4.0632   0.0000   0.0000   0.0000   0.3002
  14.000   1.5660   0.08329   0.07596  -0.1187  0.1148  1.0000  -4.1132   0.0000   0.0000   0.0000   0.2999
  14.100   1.5667   0.08447   0.07718  -0.1186  0.1130  1.0000  -4.1633   0.0000   0.0000   0.0000   0.2996
  14.200   1.5673   0.08566   0.07841  -0.1186  0.1113  1.0000  -4.2134   0.0000   0.0000   0.0000   0.2993
  14.300   1.5678   0.08685   0.07963  -0.1185  0.1097  1.0000  -4.2634   0.0000   0.0000   0.0000   0.2990
  14.400   1.5681   0.08807   0.08087  -0.1185  0.1082  1.0000  -4.3124   0.0000   0.0000   0.0000   0.2987
  14.500   1.5684   0.08928   0.08209  -0.1184  0.1068  1.0000  -4.3616   0.0000   0.0000   0.0000   0.2985
  14.600   1.5690   0.09043   0.08323  -0.1184  0.1054  1.0000  -4.4121   0.0000   0.0000   0.0000   0.2982
  14.700   1.5705   0.09139   0.08416  -0.1182  0.1038  1.0000  -4.4688   0.0000   0.0000   0.0000   0.2977
  14.800   1.5721   0.09244   0.08523  -0.1181  0.1026  1.0000  -4.5242   0.0000   0.0000   0.0000   0.2974
  14.900   1.5732   0.09363   0.08649  -0.1182  0.1016  1.0000  -4.5755   0.0000   0.0000   0.0000   0.2971
  15.000   1.5741   0.09484   0.08778  -0.1182  0.1005  1.0000  -4.6257   0.0000   0.0000   0.0000   0.2969
  15.100   1.5749   0.09606   0.08906  -0.1183  0.0993  1.0000  -4.6757   0.0000   0.0000   0.0000   0.2967
  15.200   1.5757   0.09728   0.09035  -0.1185  0.0982  1.0000  -4.7255   0.0000   0.0000   0.0000   0.2965
  15.300   1.5763   0.09852   0.09164  -0.1186  0.0971  1.0000  -4.7747   0.0000   0.0000   0.0000   0.2964
  15.400   1.5767   0.09980   0.09297  -0.1188  0.0960  1.0000  -4.8223   0.0000   0.0000   0.0000   0.2962
  15.500   1.5768   0.10112   0.09435  -0.1190  0.0949  1.0000  -4.8682   0.0000   0.0000   0.0000   0.2961
  15.600   1.5766   0.10250   0.09577  -0.1193  0.0938  1.0000  -4.9122   0.0000   0.0000   0.0000   0.2961
  15.700   1.5756   0.10402   0.09733  -0.1197  0.0926  1.0000  -4.9519   0.0000   0.0000   0.0000   0.2961
  15.800   1.5740   0.10562   0.09895  -0.1202  0.0912  1.0000  -4.9890   0.0000   0.0000   0.0000   0.2963
  15.900   1.5723   0.10721   0.10053  -0.1207  0.0896  1.0000  -5.0257   0.0000   0.0000   0.0000   0.2964
  16.000   1.5710   0.10867   0.10194  -0.1211  0.0877  1.0000  -5.0658   0.0000   0.0000   0.0000   0.2965
  16.100   1.5736   0.10925   0.10236  -0.1208  0.0843  1.0000  -5.1318   0.0000   0.0000   0.0000   0.2960
  16.200   1.5694   0.11148   0.10472  -0.1218  0.0835  1.0000  -5.1486   0.0000   0.0000   0.0000   0.2966
  16.300   1.5657   0.11364   0.10700  -0.1228  0.0824  1.0000  -5.1672   0.0000   0.0000   0.0000   0.2971
  16.400   1.5624   0.11573   0.10919  -0.1237  0.0811  1.0000  -5.1881   0.0000   0.0000   0.0000   0.2976
  16.500   1.5593   0.11777   0.11133  -0.1246  0.0797  1.0000  -5.2103   0.0000   0.0000   0.0000   0.2981
  16.600   1.5569   0.11969   0.11333  -0.1254  0.0784  1.0000  -5.2357   0.0000   0.0000   0.0000   0.2985
  16.700   1.5556   0.12139   0.11511  -0.1261  0.0773  1.0000  -5.2675   0.0000   0.0000   0.0000   0.2988
  16.800   1.5545   0.12304   0.11683  -0.1268  0.0761  1.0000  -5.3007   0.0000   0.0000   0.0000   0.2990
  16.900   1.5534   0.12469   0.11855  -0.1275  0.0750  1.0000  -5.3340   0.0000   0.0000   0.0000   0.2993
  17.000   1.5522   0.12638   0.12029  -0.1282  0.0739  1.0000  -5.3656   0.0000   0.0000   0.0000   0.2996
  17.100   1.5506   0.12813   0.12210  -0.1290  0.0729  1.0000  -5.3946   0.0000   0.0000   0.0000   0.2999
  17.200   1.5490   0.12988   0.12390  -0.1298  0.0719  1.0000  -5.4233   0.0000   0.0000   0.0000   0.3003
  17.300   1.5475   0.13163   0.12570  -0.1306  0.0710  1.0000  -5.4524   0.0000   0.0000   0.0000   0.3007
  17.400   1.5460   0.13336   0.12747  -0.1314  0.0701  1.0000  -5.4812   0.0000   0.0000   0.0000   0.3010
  17.500   1.5445   0.13505   0.12918  -0.1323  0.0692  1.0000  -5.5099   0.0000   0.0000   0.0000   0.3014
  17.600   1.5430   0.13670   0.13086  -0.1331  0.0683  1.0000  -5.5377   0.0000   0.0000   0.0000   0.3018
  17.700   1.5420   0.13822   0.13246  -0.1338  0.0675  1.0000  -5.5704   0.0000   0.0000   0.0000   0.3021
  17.800   1.5412   0.13975   0.13401  -0.1346  0.0668  1.0000  -5.6014   0.0000   0.0000   0.0000   0.3023
  17.900   1.5404   0.14139   0.13573  -0.1355  0.0661  1.0000  -5.6297   0.0000   0.0000   0.0000   0.3027
  18.000   1.5395   0.14303   0.13746  -0.1363  0.0654  1.0000  -5.6573   0.0000   0.0000   0.0000   0.3031
  18.100   1.5385   0.14469   0.13920  -0.1372  0.0648  1.0000  -5.6841   0.0000   0.0000   0.0000   0.3034
  18.200   1.5373   0.14642   0.14100  -0.1381  0.0641  1.0000  -5.7083   0.0000   0.0000   0.0000   0.3039
  18.300   1.5359   0.14821   0.14287  -0.1391  0.0634  1.0000  -5.7308   0.0000   0.0000   0.0000   0.3043
  18.400   1.5345   0.15001   0.14474  -0.1401  0.0628  1.0000  -5.7530   0.0000   0.0000   0.0000   0.3048
  18.500   1.5331   0.15181   0.14661  -0.1411  0.0621  1.0000  -5.7750   0.0000   0.0000   0.0000   0.3053
  18.600   1.5317   0.15363   0.14850  -0.1421  0.0615  1.0000  -5.7963   0.0000   0.0000   0.0000   0.3058
  18.700   1.5302   0.15548   0.15042  -0.1431  0.0609  1.0000  -5.8164   0.0000   0.0000   0.0000   0.3063
  18.800   1.5284   0.15742   0.15243  -0.1442  0.0603  1.0000  -5.8334   0.0000   0.0000   0.0000   0.3069
  18.900   1.5266   0.15939   0.15446  -0.1453  0.0598  1.0000  -5.8500   0.0000   0.0000   0.0000   0.3075
  19.000   1.5248   0.16135   0.15649  -0.1464  0.0592  1.0000  -5.8665   0.0000   0.0000   0.0000   0.3080
  19.100   1.5231   0.16331   0.15852  -0.1475  0.0587  1.0000  -5.8830   0.0000   0.0000   0.0000   0.3086
  19.200   1.5215   0.16528   0.16055  -0.1486  0.0582  1.0000  -5.8993   0.0000   0.0000   0.0000   0.3092
  19.300   1.5199   0.16724   0.16257  -0.1497  0.0576  1.0000  -5.9160   0.0000   0.0000   0.0000   0.3098
  19.400   1.5181   0.16927   0.16465  -0.1509  0.0571  1.0000  -5.9308   0.0000   0.0000   0.0000   0.3104
  19.500   1.5163   0.17134   0.16677  -0.1520  0.0565  1.0000  -5.9445   0.0000   0.0000   0.0000   0.3111
  19.600   1.5147   0.17335   0.16882  -0.1532  0.0559  1.0000  -5.9601   0.0000   0.0000   0.0000   0.3117
  19.700   1.5135   0.17525   0.17076  -0.1543  0.0552  1.0000  -5.9794   0.0000   0.0000   0.0000   0.3122
  19.800   1.5130   0.17697   0.17249  -0.1552  0.0543  1.0000  -6.0046   0.0000   0.0000   0.0000   0.3126
  19.900   1.5137   0.17832   0.17383  -0.1559  0.0532  1.0000  -6.0413   0.0000   0.0000   0.0000   0.3127
  20.000   1.5164   0.17909   0.17456  -0.1562  0.0517  1.0000  -6.0941   0.0000   0.0000   0.0000   0.3124


