xflr5 v6.61

 Calculated polar for: WORTMANN FX 63-137 AIRFOIL

 1 1 Reynolds number fixed          Mach number fixed         

 xtrf =   1.000 (top)        1.000 (bottom)
 Mach =   0.000     Re =     0.160 e 6     Ncrit =   9.000

  alpha     CL        CD       CDp       Cm    Top Xtr Bot Xtr   Cpmin    Chinge    XCp    
 ------- -------- --------- --------- -------- ------- ------- -------- --------- ---------
   0.000   0.8686   0.01636   0.00928  -0.1993  0.7480  0.6359  -1.0696   0.0000   0.0000   0.0000   0.4781
   0.100   0.8735   0.01648   0.00949  -0.1978  0.7438  0.6441  -1.0757   0.0000   0.0000   0.0000   0.4748
   0.200   0.8816   0.01657   0.00960  -0.1969  0.7396  0.6534  -1.0838   0.0000   0.0000   0.0000   0.4716
   0.300   0.8931   0.01661   0.00961  -0.1968  0.7355  0.6612  -1.0941   0.0000   0.0000   0.0000   0.4685
   0.400   0.9032   0.01652   0.00953  -0.1963  0.7318  0.6651  -1.1037   0.0000   0.0000   0.0000   0.4654
   0.500   0.9144   0.01644   0.00944  -0.1961  0.7284  0.6683  -1.1140   0.0000   0.0000   0.0000   0.4623
   0.600   0.9263   0.01639   0.00935  -0.1960  0.7253  0.6718  -1.1248   0.0000   0.0000   0.0000   0.4593
   0.700   0.9393   0.01637   0.00929  -0.1962  0.7222  0.6756  -1.1373   0.0000   0.0000   0.0000   0.4564
   0.800   0.9490   0.01640   0.00933  -0.1959  0.7185  0.6794  -1.1481   0.0000   0.0000   0.0000   0.4537
   0.900   0.9581   0.01643   0.00938  -0.1955  0.7141  0.6833  -1.1583   0.0000   0.0000   0.0000   0.4512
   1.000   0.9687   0.01643   0.00939  -0.1954  0.7098  0.6872  -1.1697   0.0000   0.0000   0.0000   0.4488
   1.100   0.9805   0.01643   0.00937  -0.1955  0.7056  0.6907  -1.1820   0.0000   0.0000   0.0000   0.4463
   1.200   0.9916   0.01635   0.00929  -0.1954  0.7019  0.6936  -1.1940   0.0000   0.0000   0.0000   0.4438
   1.300   1.0025   0.01628   0.00921  -0.1952  0.6985  0.6964  -1.2059   0.0000   0.0000   0.0000   0.4413
   1.400   1.0141   0.01623   0.00913  -0.1951  0.6953  0.6993  -1.2184   0.0000   0.0000   0.0000   0.4388
   1.500   1.0266   0.01621   0.00907  -0.1952  0.6922  0.7026  -1.2321   0.0000   0.0000   0.0000   0.4365
   1.600   1.0361   0.01624   0.00912  -0.1949  0.6886  0.7061  -1.2451   0.0000   0.0000   0.0000   0.4342
   1.700   1.0452   0.01627   0.00919  -0.1945  0.6846  0.7100  -1.2576   0.0000   0.0000   0.0000   0.4321
   1.800   1.0555   0.01630   0.00922  -0.1943  0.6806  0.7142  -1.2712   0.0000   0.0000   0.0000   0.4299
   1.900   1.0669   0.01631   0.00923  -0.1944  0.6767  0.7186  -1.2857   0.0000   0.0000   0.0000   0.4279
   2.000   1.0783   0.01630   0.00920  -0.1944  0.6732  0.7224  -1.3003   0.0000   0.0000   0.0000   0.4258
   2.100   1.0885   0.01626   0.00917  -0.1940  0.6699  0.7257  -1.3140   0.0000   0.0000   0.0000   0.4237
   2.200   1.0994   0.01624   0.00914  -0.1939  0.6669  0.7293  -1.3284   0.0000   0.0000   0.0000   0.4216
   2.300   1.1111   0.01624   0.00911  -0.1938  0.6640  0.7331  -1.3434   0.0000   0.0000   0.0000   0.4196
   2.400   1.1236   0.01627   0.00910  -0.1940  0.6611  0.7371  -1.3590   0.0000   0.0000   0.0000   0.4176
   2.500   1.1330   0.01633   0.00925  -0.1937  0.6577  0.7411  -1.3719   0.0000   0.0000   0.0000   0.4158
   2.600   1.1426   0.01638   0.00933  -0.1935  0.6536  0.7450  -1.3850   0.0000   0.0000   0.0000   0.4140
   2.700   1.1533   0.01642   0.00939  -0.1935  0.6492  0.7487  -1.3997   0.0000   0.0000   0.0000   0.4123
   2.800   1.1634   0.01640   0.00939  -0.1933  0.6447  0.7519  -1.4164   0.0000   0.0000   0.0000   0.4105
   2.900   1.1731   0.01637   0.00936  -0.1929  0.6403  0.7551  -1.4329   0.0000   0.0000   0.0000   0.4087
   3.000   1.1837   0.01633   0.00929  -0.1926  0.6360  0.7585  -1.4503   0.0000   0.0000   0.0000   0.4068
   3.100   1.1952   0.01630   0.00922  -0.1926  0.6318  0.7622  -1.4687   0.0000   0.0000   0.0000   0.4050
   3.200   1.2059   0.01632   0.00922  -0.1924  0.6275  0.7662  -1.4862   0.0000   0.0000   0.0000   0.4033
   3.300   1.2149   0.01636   0.00930  -0.1921  0.6226  0.7704  -1.5019   0.0000   0.0000   0.0000   0.4017
   3.400   1.2250   0.01639   0.00935  -0.1919  0.6174  0.7746  -1.5198   0.0000   0.0000   0.0000   0.4001
   3.500   1.2357   0.01640   0.00935  -0.1918  0.6124  0.7786  -1.5412   0.0000   0.0000   0.0000   0.3985
   3.600   1.2454   0.01638   0.00932  -0.1914  0.6078  0.7821  -1.5618   0.0000   0.0000   0.0000   0.3969
   3.700   1.2557   0.01637   0.00928  -0.1911  0.6035  0.7861  -1.5831   0.0000   0.0000   0.0000   0.3952
   3.800   1.2669   0.01639   0.00924  -0.1910  0.5994  0.7904  -1.6054   0.0000   0.0000   0.0000   0.3937
   3.900   1.2771   0.01645   0.00931  -0.1909  0.5953  0.7952  -1.6363   0.0000   0.0000   0.0000   0.3922
   4.000   1.2864   0.01652   0.00943  -0.1906  0.5908  0.8004  -1.6663   0.0000   0.0000   0.0000   0.3907
   4.100   1.2962   0.01658   0.00959  -0.1904  0.5860  0.8054  -1.6972   0.0000   0.0000   0.0000   0.3893
   4.200   1.3046   0.01660   0.00965  -0.1898  0.5813  0.8099  -1.7264   0.0000   0.0000   0.0000   0.3877
   4.300   1.3137   0.01663   0.00969  -0.1893  0.5767  0.8152  -1.7568   0.0000   0.0000   0.0000   0.3862
   4.400   1.3236   0.01666   0.00970  -0.1891  0.5721  0.8210  -1.7888   0.0000   0.0000   0.0000   0.3848
   4.500   1.3346   0.01672   0.00971  -0.1890  0.5676  0.8271  -1.8226   0.0000   0.0000   0.0000   0.3834
   4.600   1.3441   0.01676   0.00975  -0.1886  0.5633  0.8326  -1.8540   0.0000   0.0000   0.0000   0.3820
   4.700   1.3516   0.01680   0.00985  -0.1879  0.5586  0.8386  -1.8824   0.0000   0.0000   0.0000   0.3805
   4.800   1.3600   0.01685   0.00993  -0.1874  0.5535  0.8455  -1.9124   0.0000   0.0000   0.0000   0.3791
   4.900   1.3696   0.01691   0.00998  -0.1871  0.5483  0.8528  -1.9445   0.0000   0.0000   0.0000   0.3778
   5.000   1.3771   0.01693   0.00999  -0.1863  0.5433  0.8596  -1.9735   0.0000   0.0000   0.0000   0.3763
   5.100   1.3854   0.01697   0.01000  -0.1857  0.5384  0.8676  -2.0040   0.0000   0.0000   0.0000   0.3749
   5.300   1.4005   0.01706   0.01009  -0.1842  0.5285  0.8854  -2.0626   0.0000   0.0000   0.0000   0.3721
   5.400   1.4073   0.01710   0.01020  -0.1834  0.5230  0.8966  -2.0907   0.0000   0.0000   0.0000   0.3707
   5.500   1.4119   0.01710   0.01024  -0.1821  0.5175  0.9104  -2.1154   0.0000   0.0000   0.0000   0.3692
   5.700   1.4235   0.01707   0.01022  -0.1800  0.5065  1.0000  -2.1690   0.0000   0.0000   0.0000   0.3664
   5.800   1.4360   0.01725   0.01031  -0.1805  0.5004  1.0000  -2.2071   0.0000   0.0000   0.0000   0.3655
   5.900   1.4476   0.01740   0.01048  -0.1808  0.4948  1.0000  -2.2433   0.0000   0.0000   0.0000   0.3645
   6.000   1.4587   0.01756   0.01064  -0.1810  0.4888  1.0000  -2.2790   0.0000   0.0000   0.0000   0.3635
   6.100   1.4694   0.01772   0.01078  -0.1811  0.4830  1.0000  -2.3143   0.0000   0.0000   0.0000   0.3625
   6.200   1.4798   0.01789   0.01091  -0.1811  0.4774  1.0000  -2.3493   0.0000   0.0000   0.0000   0.3615
   6.300   1.4899   0.01808   0.01104  -0.1811  0.4721  1.0000  -2.3842   0.0000   0.0000   0.0000   0.3605
   6.400   1.4999   0.01829   0.01124  -0.1810  0.4669  1.0000  -2.4189   0.0000   0.0000   0.0000   0.3595
   6.500   1.5093   0.01843   0.01144  -0.1808  0.4618  1.0000  -2.4522   0.0000   0.0000   0.0000   0.3584
   6.600   1.5183   0.01860   0.01164  -0.1805  0.4559  1.0000  -2.4852   0.0000   0.0000   0.0000   0.3574
   6.700   1.5269   0.01877   0.01182  -0.1802  0.4496  1.0000  -2.5178   0.0000   0.0000   0.0000   0.3563
   6.800   1.5352   0.01897   0.01199  -0.1798  0.4434  1.0000  -2.5500   0.0000   0.0000   0.0000   0.3552
   6.900   1.5430   0.01918   0.01215  -0.1793  0.4375  1.0000  -2.5817   0.0000   0.0000   0.0000   0.3542
   7.000   1.5511   0.01939   0.01234  -0.1788  0.4323  1.0000  -2.6136   0.0000   0.0000   0.0000   0.3531
   7.100   1.5592   0.01958   0.01254  -0.1784  0.4269  1.0000  -2.6456   0.0000   0.0000   0.0000   0.3520
   7.200   1.5667   0.01978   0.01274  -0.1778  0.4213  1.0000  -2.6769   0.0000   0.0000   0.0000   0.3510
   7.300   1.5737   0.02001   0.01294  -0.1771  0.4158  1.0000  -2.7073   0.0000   0.0000   0.0000   0.3499
   7.400   1.5802   0.02025   0.01315  -0.1764  0.4103  1.0000  -2.7370   0.0000   0.0000   0.0000   0.3488
   7.500   1.5861   0.02052   0.01336  -0.1756  0.4051  1.0000  -2.7658   0.0000   0.0000   0.0000   0.3476
   7.600   1.5927   0.02075   0.01359  -0.1748  0.4002  1.0000  -2.7955   0.0000   0.0000   0.0000   0.3466
   7.700   1.5995   0.02093   0.01383  -0.1741  0.3949  1.0000  -2.8255   0.0000   0.0000   0.0000   0.3455
   7.800   1.6057   0.02115   0.01408  -0.1734  0.3888  1.0000  -2.8546   0.0000   0.0000   0.0000   0.3444
   7.900   1.6110   0.02140   0.01433  -0.1724  0.3822  1.0000  -2.8823   0.0000   0.0000   0.0000   0.3433
   8.000   1.6154   0.02169   0.01460  -0.1714  0.3757  1.0000  -2.9084   0.0000   0.0000   0.0000   0.3422
   8.100   1.6194   0.02201   0.01488  -0.1702  0.3697  1.0000  -2.9338   0.0000   0.0000   0.0000   0.3410
   8.200   1.6244   0.02229   0.01517  -0.1693  0.3631  1.0000  -2.9610   0.0000   0.0000   0.0000   0.3400
   8.300   1.6277   0.02263   0.01548  -0.1681  0.3556  1.0000  -2.9852   0.0000   0.0000   0.0000   0.3388
   8.400   1.6293   0.02305   0.01583  -0.1666  0.3477  1.0000  -3.0066   0.0000   0.0000   0.0000   0.3377
   8.500   1.6295   0.02354   0.01623  -0.1650  0.3400  1.0000  -3.0254   0.0000   0.0000   0.0000   0.3365
   8.600   1.6342   0.02385   0.01658  -0.1641  0.3302  1.0000  -3.0517   0.0000   0.0000   0.0000   0.3354
   8.700   1.6359   0.02428   0.01700  -0.1627  0.3175  1.0000  -3.0730   0.0000   0.0000   0.0000   0.3343
   8.800   1.6349   0.02487   0.01750  -0.1611  0.3062  1.0000  -3.0895   0.0000   0.0000   0.0000   0.3332
   8.900   1.6347   0.02545   0.01801  -0.1595  0.2955  1.0000  -3.1073   0.0000   0.0000   0.0000   0.3321
   9.000   1.6327   0.02615   0.01861  -0.1578  0.2856  1.0000  -3.1215   0.0000   0.0000   0.0000   0.3310
   9.200   1.6389   0.02710   0.01965  -0.1558  0.2767  1.0000  -3.1676   0.0000   0.0000   0.0000   0.3290
   9.300   1.6422   0.02758   0.02015  -0.1549  0.2629  1.0000  -3.1910   0.0000   0.0000   0.0000   0.3281
   9.400   1.6400   0.02838   0.02087  -0.1534  0.2493  1.0000  -3.2079   0.0000   0.0000   0.0000   0.3271
   9.500   1.6379   0.02922   0.02162  -0.1519  0.2395  1.0000  -3.2250   0.0000   0.0000   0.0000   0.3261
   9.600   1.6348   0.03014   0.02245  -0.1504  0.2305  1.0000  -3.2398   0.0000   0.0000   0.0000   0.3252
   9.700   1.6310   0.03114   0.02336  -0.1489  0.2226  1.0000  -3.2529   0.0000   0.0000   0.0000   0.3243
   9.800   1.6346   0.03168   0.02393  -0.1482  0.2097  1.0000  -3.2819   0.0000   0.0000   0.0000   0.3234
   9.900   1.6327   0.03262   0.02481  -0.1469  0.1954  1.0000  -3.2990   0.0000   0.0000   0.0000   0.3226
  10.000   1.6301   0.03364   0.02575  -0.1457  0.1873  1.0000  -3.3143   0.0000   0.0000   0.0000   0.3218
  10.100   1.6274   0.03470   0.02673  -0.1445  0.1798  1.0000  -3.3293   0.0000   0.0000   0.0000   0.3210
  10.200   1.6243   0.03581   0.02777  -0.1433  0.1731  1.0000  -3.3432   0.0000   0.0000   0.0000   0.3202
  10.300   1.6264   0.03653   0.02851  -0.1426  0.1660  1.0000  -3.3685   0.0000   0.0000   0.0000   0.3195
  10.400   1.6292   0.03721   0.02920  -0.1419  0.1560  1.0000  -3.3954   0.0000   0.0000   0.0000   0.3187
  10.500   1.6289   0.03815   0.03013  -0.1411  0.1465  1.0000  -3.4151   0.0000   0.0000   0.0000   0.3180
  10.600   1.6282   0.03914   0.03109  -0.1402  0.1422  1.0000  -3.4339   0.0000   0.0000   0.0000   0.3173
  10.700   1.6274   0.04015   0.03206  -0.1394  0.1381  1.0000  -3.4525   0.0000   0.0000   0.0000   0.3167
  10.800   1.6263   0.04119   0.03309  -0.1386  0.1343  1.0000  -3.4701   0.0000   0.0000   0.0000   0.3160
  10.900   1.6251   0.04227   0.03414  -0.1378  0.1305  1.0000  -3.4871   0.0000   0.0000   0.0000   0.3154
  11.000   1.6239   0.04335   0.03521  -0.1370  0.1268  1.0000  -3.5042   0.0000   0.0000   0.0000   0.3147
  11.100   1.6244   0.04428   0.03615  -0.1363  0.1235  1.0000  -3.5268   0.0000   0.0000   0.0000   0.3141
  11.200   1.6279   0.04494   0.03687  -0.1358  0.1202  1.0000  -3.5590   0.0000   0.0000   0.0000   0.3134
  11.300   1.6302   0.04572   0.03770  -0.1353  0.1160  1.0000  -3.5881   0.0000   0.0000   0.0000   0.3127
  11.400   1.6313   0.04661   0.03862  -0.1347  0.1112  1.0000  -3.6142   0.0000   0.0000   0.0000   0.3121
  11.500   1.6313   0.04763   0.03964  -0.1340  0.1065  1.0000  -3.6373   0.0000   0.0000   0.0000   0.3115
  11.600   1.6302   0.04877   0.04077  -0.1334  0.1029  1.0000  -3.6578   0.0000   0.0000   0.0000   0.3110
  11.700   1.6296   0.04989   0.04189  -0.1328  0.1007  1.0000  -3.6792   0.0000   0.0000   0.0000   0.3105
  11.800   1.6291   0.05101   0.04301  -0.1323  0.0986  1.0000  -3.7009   0.0000   0.0000   0.0000   0.3099
  11.900   1.6287   0.05214   0.04414  -0.1318  0.0966  1.0000  -3.7227   0.0000   0.0000   0.0000   0.3094
  12.000   1.6281   0.05330   0.04529  -0.1313  0.0946  1.0000  -3.7441   0.0000   0.0000   0.0000   0.3089
  12.100   1.6271   0.05452   0.04652  -0.1308  0.0928  1.0000  -3.7638   0.0000   0.0000   0.0000   0.3085
  12.200   1.6257   0.05581   0.04781  -0.1303  0.0910  1.0000  -3.7822   0.0000   0.0000   0.0000   0.3080
  12.300   1.6243   0.05710   0.04911  -0.1299  0.0891  1.0000  -3.8006   0.0000   0.0000   0.0000   0.3076
  12.400   1.6231   0.05839   0.05041  -0.1295  0.0873  1.0000  -3.8189   0.0000   0.0000   0.0000   0.3072
  12.500   1.6216   0.05973   0.05177  -0.1291  0.0855  1.0000  -3.8360   0.0000   0.0000   0.0000   0.3068
  12.600   1.6215   0.06093   0.05299  -0.1287  0.0841  1.0000  -3.8587   0.0000   0.0000   0.0000   0.3064
  12.700   1.6254   0.06166   0.05383  -0.1285  0.0829  1.0000  -3.9253   0.0000   0.0000   0.0000   0.3058
  12.800   1.6285   0.06248   0.05471  -0.1283  0.0815  1.0000  -3.9888   0.0000   0.0000   0.0000   0.3053
  12.900   1.6311   0.06336   0.05565  -0.1280  0.0799  1.0000  -4.0503   0.0000   0.0000   0.0000   0.3048
  13.000   1.6335   0.06428   0.05662  -0.1278  0.0783  1.0000  -4.1104   0.0000   0.0000   0.0000   0.3043
  13.100   1.6355   0.06524   0.05763  -0.1275  0.0767  1.0000  -4.1686   0.0000   0.0000   0.0000   0.3039
  13.200   1.6371   0.06625   0.05868  -0.1273  0.0750  1.0000  -4.2247   0.0000   0.0000   0.0000   0.3034
  13.300   1.6380   0.06737   0.05984  -0.1271  0.0735  1.0000  -4.2767   0.0000   0.0000   0.0000   0.3031
  13.400   1.6384   0.06854   0.06104  -0.1269  0.0719  1.0000  -4.3264   0.0000   0.0000   0.0000   0.3027
  13.500   1.6382   0.06981   0.06231  -0.1268  0.0698  1.0000  -4.3730   0.0000   0.0000   0.0000   0.3024
  13.600   1.6367   0.07123   0.06373  -0.1266  0.0675  1.0000  -4.4133   0.0000   0.0000   0.0000   0.3021
  13.700   1.6367   0.07247   0.06496  -0.1265  0.0653  1.0000  -4.4615   0.0000   0.0000   0.0000   0.3018
  13.800   1.6357   0.07386   0.06632  -0.1264  0.0631  1.0000  -4.5044   0.0000   0.0000   0.0000   0.3016
  13.900   1.6334   0.07541   0.06785  -0.1264  0.0610  1.0000  -4.5402   0.0000   0.0000   0.0000   0.3015
  14.000   1.6307   0.07701   0.06941  -0.1263  0.0591  1.0000  -4.5734   0.0000   0.0000   0.0000   0.3013
  14.100   1.6285   0.07856   0.07096  -0.1263  0.0575  1.0000  -4.6078   0.0000   0.0000   0.0000   0.3012
  14.200   1.6270   0.08005   0.07246  -0.1263  0.0563  1.0000  -4.6450   0.0000   0.0000   0.0000   0.3010
  14.300   1.6252   0.08158   0.07402  -0.1263  0.0550  1.0000  -4.6802   0.0000   0.0000   0.0000   0.3009
  14.400   1.6231   0.08319   0.07566  -0.1263  0.0539  1.0000  -4.7131   0.0000   0.0000   0.0000   0.3008
  14.500   1.6213   0.08480   0.07729  -0.1264  0.0527  1.0000  -4.7465   0.0000   0.0000   0.0000   0.3007
  14.600   1.6202   0.08628   0.07880  -0.1265  0.0517  1.0000  -4.7840   0.0000   0.0000   0.0000   0.3005
  14.700   1.6251   0.08693   0.07951  -0.1264  0.0507  1.0000  -4.8542   0.0000   0.0000   0.0000   0.3000
  14.800   1.6285   0.08779   0.08043  -0.1264  0.0497  1.0000  -4.9156   0.0000   0.0000   0.0000   0.2996
  14.900   1.6309   0.08878   0.08148  -0.1264  0.0485  1.0000  -4.9715   0.0000   0.0000   0.0000   0.2993
  15.000   1.6325   0.08992   0.08267  -0.1265  0.0472  1.0000  -5.0224   0.0000   0.0000   0.0000   0.2990
  15.100   1.6335   0.09116   0.08396  -0.1266  0.0460  1.0000  -5.0695   0.0000   0.0000   0.0000   0.2988
  15.200   1.6340   0.09245   0.08530  -0.1267  0.0448  1.0000  -5.1144   0.0000   0.0000   0.0000   0.2986
  15.300   1.6343   0.09378   0.08668  -0.1269  0.0436  1.0000  -5.1578   0.0000   0.0000   0.0000   0.2984
  15.400   1.6341   0.09518   0.08811  -0.1270  0.0425  1.0000  -5.1984   0.0000   0.0000   0.0000   0.2983
  15.500   1.6335   0.09665   0.08962  -0.1272  0.0414  1.0000  -5.2367   0.0000   0.0000   0.0000   0.2982
  15.600   1.6325   0.09820   0.09119  -0.1274  0.0404  1.0000  -5.2725   0.0000   0.0000   0.0000   0.2981
  15.700   1.6307   0.09988   0.09291  -0.1277  0.0396  1.0000  -5.3036   0.0000   0.0000   0.0000   0.2981
  15.800   1.6284   0.10164   0.09471  -0.1281  0.0388  1.0000  -5.3319   0.0000   0.0000   0.0000   0.2982
  15.900   1.6268   0.10329   0.09639  -0.1284  0.0382  1.0000  -5.3641   0.0000   0.0000   0.0000   0.2982
  16.000   1.6285   0.10447   0.09763  -0.1286  0.0376  1.0000  -5.4137   0.0000   0.0000   0.0000   0.2980
  16.100   1.6298   0.10568   0.09891  -0.1288  0.0369  1.0000  -5.4618   0.0000   0.0000   0.0000   0.2978
  16.200   1.6308   0.10695   0.10025  -0.1290  0.0362  1.0000  -5.5078   0.0000   0.0000   0.0000   0.2977
  16.300   1.6312   0.10831   0.10167  -0.1293  0.0355  1.0000  -5.5506   0.0000   0.0000   0.0000   0.2976
  16.400   1.6309   0.10978   0.10321  -0.1296  0.0347  1.0000  -5.5895   0.0000   0.0000   0.0000   0.2975
  16.500   1.6307   0.11125   0.10475  -0.1300  0.0339  1.0000  -5.6285   0.0000   0.0000   0.0000   0.2975
  16.600   1.6307   0.11270   0.10631  -0.1303  0.0331  1.0000  -5.6710   0.0000   0.0000   0.0000   0.2975
  16.700   1.6306   0.11413   0.10781  -0.1307  0.0321  1.0000  -5.7115   0.0000   0.0000   0.0000   0.2975
  16.800   1.6306   0.11557   0.10932  -0.1310  0.0307  1.0000  -5.7514   0.0000   0.0000   0.0000   0.2974
  16.900   1.6304   0.11701   0.11083  -0.1314  0.0284  1.0000  -5.7904   0.0000   0.0000   0.0000   0.2974
  17.000   1.6241   0.11946   0.11323  -0.1323  0.0228  1.0000  -5.7956   0.0000   0.0000   0.0000   0.2980
  17.100   1.6169   0.12211   0.11583  -0.1334  0.0193  1.0000  -5.7931   0.0000   0.0000   0.0000   0.2988
  17.200   1.6099   0.12469   0.11836  -0.1344  0.0161  1.0000  -5.7910   0.0000   0.0000   0.0000   0.2995
  17.300   1.6037   0.12717   0.12082  -0.1353  0.0132  1.0000  -5.7911   0.0000   0.0000   0.0000   0.3002
  17.400   1.5975   0.12968   0.12334  -0.1364  0.0113  1.0000  -5.7902   0.0000   0.0000   0.0000   0.3010
  17.500   1.5919   0.13212   0.12580  -0.1374  0.0099  1.0000  -5.7914   0.0000   0.0000   0.0000   0.3017
  17.600   1.5898   0.13394   0.12768  -0.1382  0.0098  1.0000  -5.8161   0.0000   0.0000   0.0000   0.3020
  17.700   1.5879   0.13574   0.12953  -0.1389  0.0097  1.0000  -5.8412   0.0000   0.0000   0.0000   0.3023
  17.800   1.5859   0.13757   0.13141  -0.1397  0.0096  1.0000  -5.8649   0.0000   0.0000   0.0000   0.3027
  17.900   1.5833   0.13950   0.13340  -0.1405  0.0095  1.0000  -5.8851   0.0000   0.0000   0.0000   0.3031
  18.000   1.5802   0.14156   0.13552  -0.1415  0.0094  1.0000  -5.9003   0.0000   0.0000   0.0000   0.3037
  18.100   1.5775   0.14349   0.13750  -0.1425  0.0093  1.0000  -5.9178   0.0000   0.0000   0.0000   0.3042
  18.200   1.5752   0.14531   0.13938  -0.1434  0.0092  1.0000  -5.9378   0.0000   0.0000   0.0000   0.3047
  18.300   1.5731   0.14711   0.14123  -0.1443  0.0091  1.0000  -5.9580   0.0000   0.0000   0.0000   0.3051
  18.400   1.5709   0.14895   0.14314  -0.1453  0.0090  1.0000  -5.9772   0.0000   0.0000   0.0000   0.3056
  18.500   1.5681   0.15094   0.14519  -0.1464  0.0089  1.0000  -5.9914   0.0000   0.0000   0.0000   0.3062
  18.600   1.5655   0.15292   0.14723  -0.1475  0.0088  1.0000  -6.0061   0.0000   0.0000   0.0000   0.3068
  18.700   1.5631   0.15485   0.14922  -0.1485  0.0088  1.0000  -6.0223   0.0000   0.0000   0.0000   0.3074
  18.800   1.5609   0.15678   0.15121  -0.1496  0.0087  1.0000  -6.0393   0.0000   0.0000   0.0000   0.3080
  18.900   1.5587   0.15875   0.15324  -0.1507  0.0086  1.0000  -6.0555   0.0000   0.0000   0.0000   0.3086
  19.000   1.5561   0.16081   0.15537  -0.1518  0.0086  1.0000  -6.0687   0.0000   0.0000   0.0000   0.3092
  19.100   1.5530   0.16303   0.15766  -0.1531  0.0085  1.0000  -6.0763   0.0000   0.0000   0.0000   0.3100
  19.200   1.5500   0.16524   0.15994  -0.1544  0.0085  1.0000  -6.0847   0.0000   0.0000   0.0000   0.3108
  19.300   1.5472   0.16745   0.16222  -0.1556  0.0084  1.0000  -6.0936   0.0000   0.0000   0.0000   0.3115
  19.400   1.5444   0.16969   0.16452  -0.1569  0.0084  1.0000  -6.1019   0.0000   0.0000   0.0000   0.3123
  19.500   1.5409   0.17213   0.16703  -0.1583  0.0084  1.0000  -6.1033   0.0000   0.0000   0.0000   0.3132
  19.600   1.5374   0.17460   0.16957  -0.1597  0.0084  1.0000  -6.1037   0.0000   0.0000   0.0000   0.3141
  19.700   1.5342   0.17701   0.17205  -0.1611  0.0083  1.0000  -6.1067   0.0000   0.0000   0.0000   0.3150
  19.800   1.5312   0.17943   0.17454  -0.1625  0.0083  1.0000  -6.1096   0.0000   0.0000   0.0000   0.3159
  19.900   1.5280   0.18191   0.17709  -0.1639  0.0083  1.0000  -6.1103   0.0000   0.0000   0.0000   0.3168
  20.000   1.5241   0.18460   0.17985  -0.1655  0.0083  1.0000  -6.1038   0.0000   0.0000   0.0000   0.3179


