  
       XFOIL         Version 6.99
  
 Calculated polar for: NACA 23021                                      
  
 1 1 Reynolds number fixed          Mach number fixed         
  
 xtrf =   1.000 (top)        1.000 (bottom)  
 Mach =   0.000     Re =     0.525 e 6     Ncrit =   9.000  9.000
  
   alpha    CL        CD       CDp       CM     Top_Xtr  Bot_Xtr  Top_Itr  Bot_Itr
  ------ -------- --------- --------- -------- -------- -------- -------- --------
   0.000   0.1233   0.00946   0.00164   0.0003   0.4956   0.6403  59.6517 252.5702
   0.000   0.1233   0.00946   0.00164   0.0003   0.4956   0.6402  59.6517 252.5694
   0.000   0.1233   0.00946   0.00164   0.0003   0.4956   0.6402  59.6517 252.5694
   0.000   0.1233   0.00946   0.00164   0.0003   0.4956   0.6402  59.6517 252.5694
   0.000   0.1233   0.00946   0.00164   0.0003   0.4956   0.6402  59.6517 252.5694
   1.000   0.2255   0.00969   0.00173   0.0026   0.4426   0.6900  63.8387 256.3115
   1.000   0.2255   0.00969   0.00173   0.0026   0.4426   0.6900  63.8387 256.3117
   1.000   0.2255   0.00969   0.00173   0.0026   0.4426   0.6900  63.8387 256.3117
   1.000   0.2255   0.00969   0.00173   0.0026   0.4426   0.6900  63.8387 256.3117
   1.000   0.2255   0.00969   0.00173   0.0026   0.4426   0.6900  63.8387 256.3117
   2.000   0.3275   0.00998   0.00187   0.0050   0.3955   0.7442  67.6421 260.4459
   2.000   0.3275   0.00998   0.00187   0.0050   0.3955   0.7442  67.6421 260.4456
   2.000   0.3275   0.00998   0.00187   0.0050   0.3955   0.7442  67.6421 260.4456
   2.000   0.3275   0.00998   0.00187   0.0050   0.3955   0.7442  67.6421 260.4456
   2.000   0.3275   0.00998   0.00187   0.0050   0.3955   0.7442  67.6421 260.4456
   3.000   0.4279   0.01041   0.00207   0.0076   0.3491   0.8012  71.5226 264.9729
   3.000   0.4279   0.01041   0.00207   0.0076   0.3491   0.8012  71.5226 264.9728
   3.000   0.4279   0.01041   0.00207   0.0076   0.3491   0.8012  71.5226 264.9728
   3.000   0.4279   0.01041   0.00207   0.0076   0.3491   0.8012  71.5226 264.9728
   3.000   0.4279   0.01041   0.00207   0.0076   0.3491   0.8012  71.5226 264.9728
   4.000   0.5248   0.01103   0.00240   0.0109   0.3051   0.8598  75.3920 270.2466
   4.000   0.5248   0.01103   0.00240   0.0109   0.3051   0.8598  75.3920 270.2466
   4.000   0.5248   0.01103   0.00240   0.0109   0.3051   0.8598  75.3920 270.2466
   4.000   0.5248   0.01103   0.00240   0.0109   0.3051   0.8598  75.3920 270.2466
   4.000   0.5248   0.01103   0.00240   0.0109   0.3051   0.8598  75.3920 270.2466
   5.000   0.6183   0.01185   0.00278   0.0147   0.2701   0.9075  78.6224 275.8378
   5.000   0.6183   0.01185   0.00278   0.0147   0.2701   0.9075  78.6223 275.8432
   5.000   0.6183   0.01185   0.00278   0.0147   0.2701   0.9075  78.6223 275.8432
   5.000   0.6183   0.01185   0.00278   0.0147   0.2701   0.9075  78.6223 275.8432
   5.000   0.6183   0.01185   0.00278   0.0147   0.2701   0.9075  78.6223 275.8432
   6.000   0.7092   0.01287   0.00323   0.0188   0.2396   0.9462  81.6081 282.5326
   6.000   0.7092   0.01287   0.00323   0.0188   0.2396   0.9462  81.6082 282.5347
   6.000   0.7092   0.01287   0.00323   0.0188   0.2396   0.9462  81.6082 282.5347
   6.000   0.7092   0.01287   0.00323   0.0188   0.2396   0.9462  81.6082 282.5347
   6.000   0.7092   0.01287   0.00323   0.0188   0.2396   0.9462  81.6082 282.5347
   7.000   0.8177   0.01425   0.00383   0.0186   0.2066   0.9728  85.0962 289.3987
   7.000   0.8177   0.01425   0.00383   0.0186   0.2066   0.9728  85.0960 289.3989
   7.000   0.8177   0.01425   0.00383   0.0186   0.2066   0.9728  85.0960 289.3989
   7.000   0.8177   0.01425   0.00383   0.0186   0.2066   0.9728  85.0960 289.3989
   7.000   0.8177   0.01425   0.00383   0.0186   0.2066   0.9728  85.0960 289.3989
   8.000   0.9467   0.01636   0.00475   0.0125   0.1463   0.9866  92.7001 294.1551
   8.000   0.9467   0.01636   0.00475   0.0125   0.1463   0.9866  92.6995 294.1585
   8.000   0.9467   0.01636   0.00475   0.0125   0.1463   0.9866  92.6995 294.1585
   8.000   0.9467   0.01636   0.00475   0.0125   0.1463   0.9866  92.6995 294.1585
   8.000   0.9467   0.01636   0.00475   0.0125   0.1463   0.9866  92.6995 294.1585
   9.000   1.0476   0.02042   0.00694   0.0084   0.0716   1.0000 106.7796 299.9859
   9.000   1.0476   0.02042   0.00694   0.0084   0.0716   1.0000 106.7795 299.9663
   9.000   1.0476   0.02042   0.00694   0.0084   0.0716   1.0000 106.7795 299.9662
   9.000   1.0476   0.02042   0.00694   0.0084   0.0716   1.0000 106.7795 299.9662
   9.000   1.0476   0.02042   0.00694   0.0084   0.0716   1.0000 106.7795 299.9662
  10.000   1.0312   0.02265   0.00763   0.0271   0.0685   1.0000 107.5764 300.0000
  10.000   1.0312   0.02265   0.00763   0.0271   0.0685   1.0000 107.5763 300.0000
  10.000   1.0312   0.02265   0.00763   0.0271   0.0685   1.0000 107.5763 300.0000
  10.000   1.0312   0.02265   0.00763   0.0271   0.0685   1.0000 107.5763 300.0000
  10.000   1.0312   0.02265   0.00763   0.0271   0.0685   1.0000 107.5763 300.0000
  11.000   1.0518   0.02678   0.00988   0.0358   0.0662   1.0000 108.2001 300.0000
  11.000   1.0518   0.02678   0.00988   0.0358   0.0662   1.0000 108.2001 300.0000
  11.000   1.0518   0.02678   0.00988   0.0358   0.0662   1.0000 108.2001 300.0000
  11.000   1.0518   0.02678   0.00988   0.0358   0.0662   1.0000 108.2001 300.0000
  11.000   1.0518   0.02678   0.00988   0.0358   0.0662   1.0000 108.2001 300.0000
  12.000   1.0792   0.03272   0.01361   0.0395   0.0644   1.0000 108.6775 300.0000
  12.000   1.0792   0.03272   0.01361   0.0395   0.0644   1.0000 108.6775 300.0000
  12.000   1.0792   0.03272   0.01361   0.0395   0.0644   1.0000 108.6775 300.0000
  12.000   1.0792   0.03272   0.01361   0.0395   0.0644   1.0000 108.6775 300.0000
  12.000   1.0792   0.03272   0.01361   0.0395   0.0644   1.0000 108.6775 300.0000
  13.000   1.0885   0.04157   0.01965   0.0410   0.0631   1.0000 109.0347 300.0000
  13.000   1.0885   0.04157   0.01965   0.0410   0.0631   1.0000 109.0346 300.0000
  13.000   1.0885   0.04157   0.01965   0.0410   0.0631   1.0000 109.0346 300.0000
  13.000   1.0885   0.04157   0.01965   0.0410   0.0631   1.0000 109.0346 300.0000
  13.000   1.0885   0.04157   0.01965   0.0410   0.0631   1.0000 109.0346 300.0000
  14.000   1.1028   0.05107   0.02640   0.0404   0.0622   1.0000 109.3032 300.0000
  14.000   1.1028   0.05107   0.02639   0.0404   0.0622   1.0000 109.3032 300.0000
  14.000   1.1028   0.05107   0.02639   0.0404   0.0622   1.0000 109.3032 300.0000
  14.000   1.1028   0.05107   0.02639   0.0404   0.0622   1.0000 109.3032 300.0000
  14.000   1.1028   0.05107   0.02639   0.0404   0.0622   1.0000 109.3032 300.0000
  15.000   1.1131   0.06155   0.03399   0.0388   0.0614   1.0000 109.5340 300.0000
  15.000   1.1131   0.06155   0.03399   0.0388   0.0614   1.0000 109.5340 300.0000
  15.000   1.1131   0.06155   0.03399   0.0388   0.0614   1.0000 109.5340 300.0000
  15.000   1.1131   0.06155   0.03399   0.0388   0.0614   1.0000 109.5340 300.0000
  15.000   1.1131   0.06155   0.03399   0.0388   0.0614   1.0000 109.5340 300.0000
  16.000   1.1295   0.07145   0.04107   0.0369   0.0606   1.0000 109.7386 300.0000
  16.000   1.1295   0.07145   0.04107   0.0369   0.0606   1.0000 109.7385 300.0000
  16.000   1.1295   0.07145   0.04107   0.0369   0.0606   1.0000 109.7385 300.0000
  16.000   1.1295   0.07145   0.04107   0.0369   0.0606   1.0000 109.7385 300.0000
  16.000   1.1295   0.07145   0.04107   0.0369   0.0606   1.0000 109.7385 300.0000
  17.000   1.1611   0.07917   0.04601   0.0356   0.0600   1.0000 109.9282 300.0000
  17.000   1.1611   0.07917   0.04601   0.0356   0.0600   1.0000 109.9282 300.0000
  17.000   1.1611   0.07917   0.04601   0.0356   0.0600   1.0000 109.9282 300.0000
  17.000   1.1611   0.07917   0.04601   0.0356   0.0600   1.0000 109.9282 300.0000
  17.000   1.1611   0.07917   0.04601   0.0356   0.0600   1.0000 109.9282 300.0000
  18.000   1.2004   0.08594   0.05011   0.0343   0.0595   1.0000 110.0737 300.0000
  18.000   1.2004   0.08594   0.05010   0.0343   0.0595   1.0000 110.0736 300.0000
  18.000   1.2004   0.08594   0.05010   0.0343   0.0595   1.0000 110.0736 300.0000
  18.000   1.2004   0.08594   0.05010   0.0343   0.0595   1.0000 110.0736 300.0000
  18.000   1.2004   0.08594   0.05010   0.0343   0.0595   1.0000 110.0736 300.0000
  19.000   1.2331   0.09395   0.05564   0.0318   0.0590   1.0000 110.2136 300.0000
  19.000   1.2331   0.09395   0.05564   0.0318   0.0590   1.0000 110.2136 300.0000
  19.000   1.2331   0.09395   0.05564   0.0318   0.0590   1.0000 110.2136 300.0000
  19.000   1.2331   0.09395   0.05564   0.0318   0.0590   1.0000 110.2136 300.0000
  19.000   1.2331   0.09395   0.05564   0.0318   0.0590   1.0000 110.2136 300.0000
