  
       XFOIL         Version 6.99
  
 Calculated polar for: GOE 777 AIRFOIL                                 
  
 1 1 Reynolds number fixed          Mach number fixed         
  
 xtrf =   1.000 (top)        1.000 (bottom)  
 Mach =   0.000     Re =     0.525 e 6     Ncrit =   9.000  9.000
  
   alpha    CL        CD       CDp       CM     Top_Xtr  Bot_Xtr  Top_Itr  Bot_Itr
  ------ -------- --------- --------- -------- -------- -------- -------- --------
   0.000   0.5038   0.01133   0.00314  -0.0598   0.4777   0.6884  62.8590 254.8663
   0.000   0.5038   0.01133   0.00314  -0.0598   0.4777   0.6884  62.8590 254.8663
   0.000   0.5038   0.01133   0.00314  -0.0598   0.4777   0.6884  62.8590 254.8663
   0.000   0.5038   0.01133   0.00314  -0.0598   0.4777   0.6884  62.8590 254.8663
   0.000   0.5038   0.01133   0.00314  -0.0598   0.4777   0.6884  62.8590 254.8663
   1.000   0.6163   0.01129   0.00311  -0.0597   0.4675   0.7385  63.7635 258.4978
   1.000   0.6163   0.01129   0.00311  -0.0597   0.4675   0.7385  63.7635 258.4976
   1.000   0.6163   0.01129   0.00311  -0.0597   0.4675   0.7385  63.7635 258.4976
   1.000   0.6163   0.01129   0.00311  -0.0597   0.4675   0.7385  63.7635 258.4976
   1.000   0.6163   0.01129   0.00311  -0.0597   0.4675   0.7385  63.7635 258.4976
   2.000   0.7261   0.01119   0.00302  -0.0593   0.4558   0.8024  64.8269 263.3461
   2.000   0.7261   0.01119   0.00302  -0.0593   0.4558   0.8024  64.8269 263.3452
   2.000   0.7261   0.01119   0.00302  -0.0593   0.4558   0.8024  64.8269 263.3452
   2.000   0.7261   0.01119   0.00302  -0.0593   0.4558   0.8024  64.8269 263.3452
   2.000   0.7261   0.01119   0.00302  -0.0593   0.4558   0.8024  64.8269 263.3452
   3.000   0.8312   0.01109   0.00294  -0.0577   0.4411   0.9009  66.2117 273.1542
   3.000   0.8312   0.01109   0.00294  -0.0577   0.4411   0.9009  66.2117 273.1508
   3.000   0.8312   0.01109   0.00294  -0.0577   0.4411   0.9009  66.2117 273.1509
   3.000   0.8312   0.01109   0.00294  -0.0577   0.4411   0.9009  66.2117 273.1509
   3.000   0.8312   0.01109   0.00294  -0.0577   0.4411   0.9009  66.2117 273.1509
   4.000   0.9752   0.01148   0.00306  -0.0646   0.4181   0.9800  68.4533 291.0210
   4.000   0.9752   0.01148   0.00306  -0.0646   0.4181   0.9801  68.4532 291.0318
   4.000   0.9752   0.01148   0.00306  -0.0646   0.4181   0.9801  68.4532 291.0318
   4.000   0.9752   0.01148   0.00306  -0.0646   0.4181   0.9801  68.4532 291.0318
   4.000   0.9752   0.01148   0.00306  -0.0646   0.4181   0.9801  68.4532 291.0318
   5.000   1.1299   0.01229   0.00321  -0.0752   0.3856   1.0000  71.7600 300.0000
   5.000   1.1299   0.01229   0.00321  -0.0752   0.3856   1.0000  71.7600 300.0000
   5.000   1.1299   0.01229   0.00321  -0.0752   0.3856   1.0000  71.7600 300.0000
   5.000   1.1299   0.01229   0.00321  -0.0752   0.3856   1.0000  71.7600 300.0000
   5.000   1.1299   0.01229   0.00321  -0.0752   0.3856   1.0000  71.7600 300.0000
   6.000   1.1844   0.01331   0.00324  -0.0660   0.3645   1.0000  73.9371 300.0000
   6.000   1.1844   0.01331   0.00324  -0.0660   0.3645   1.0000  73.9373 300.0000
   6.000   1.1844   0.01331   0.00324  -0.0660   0.3645   1.0000  73.9373 300.0000
   6.000   1.1844   0.01331   0.00324  -0.0660   0.3645   1.0000  73.9373 300.0000
   6.000   1.1844   0.01331   0.00324  -0.0660   0.3645   1.0000  73.9373 300.0000
   7.000   1.2418   0.01458   0.00347  -0.0576   0.3500   1.0000  75.4298 300.0000
   7.000   1.2418   0.01458   0.00347  -0.0576   0.3500   1.0000  75.4300 300.0000
   7.000   1.2418   0.01458   0.00347  -0.0576   0.3500   1.0000  75.4300 300.0000
   7.000   1.2418   0.01458   0.00347  -0.0576   0.3500   1.0000  75.4300 300.0000
   7.000   1.2418   0.01458   0.00347  -0.0576   0.3500   1.0000  75.4300 300.0000
   8.000   1.3076   0.01628   0.00395  -0.0522   0.3397   1.0000  76.4984 300.0000
   8.000   1.3076   0.01628   0.00395  -0.0522   0.3397   1.0000  76.4984 300.0000
   8.000   1.3076   0.01628   0.00395  -0.0522   0.3397   1.0000  76.4984 300.0000
   8.000   1.3076   0.01628   0.00395  -0.0522   0.3397   1.0000  76.4984 300.0000
   8.000   1.3076   0.01628   0.00395  -0.0522   0.3397   1.0000  76.4984 300.0000
   9.000   1.3770   0.01844   0.00465  -0.0488   0.3313   1.0000  77.3687 300.0000
   9.000   1.3770   0.01844   0.00465  -0.0488   0.3313   1.0000  77.3687 300.0000
   9.000   1.3770   0.01844   0.00465  -0.0488   0.3313   1.0000  77.3687 300.0000
   9.000   1.3770   0.01844   0.00465  -0.0488   0.3313   1.0000  77.3687 300.0000
   9.000   1.3770   0.01844   0.00465  -0.0488   0.3313   1.0000  77.3687 300.0000
  10.000   1.4489   0.02085   0.00540  -0.0466   0.3243   1.0000  78.0874 300.0000
  10.000   1.4489   0.02085   0.00540  -0.0466   0.3243   1.0000  78.0874 300.0000
  10.000   1.4489   0.02085   0.00540  -0.0466   0.3243   1.0000  78.0875 300.0000
  10.000   1.4489   0.02085   0.00540  -0.0466   0.3243   1.0000  78.0875 300.0000
  10.000   1.4489   0.02085   0.00540  -0.0466   0.3243   1.0000  78.0875 300.0000
  11.000   1.5167   0.02369   0.00641  -0.0449   0.3178   1.0000  78.7631 300.0000
  11.000   1.5167   0.02369   0.00641  -0.0449   0.3178   1.0000  78.7631 300.0000
  11.000   1.5167   0.02369   0.00641  -0.0449   0.3178   1.0000  78.7631 300.0000
  11.000   1.5167   0.02369   0.00641  -0.0449   0.3178   1.0000  78.7631 300.0000
  11.000   1.5167   0.02369   0.00641  -0.0449   0.3178   1.0000  78.7631 300.0000
  12.000   1.5801   0.02699   0.00753  -0.0434   0.3111   1.0000  79.4615 300.0000
  12.000   1.5801   0.02699   0.00753  -0.0434   0.3111   1.0000  79.4616 300.0000
  12.000   1.5801   0.02699   0.00753  -0.0434   0.3111   1.0000  79.4616 300.0000
  12.000   1.5801   0.02699   0.00753  -0.0434   0.3111   1.0000  79.4616 300.0000
  12.000   1.5801   0.02699   0.00753  -0.0434   0.3111   1.0000  79.4616 300.0000
  13.000   1.6320   0.03118   0.00898  -0.0420   0.3029   1.0000  80.3255 300.0000
  13.000   1.6320   0.03118   0.00898  -0.0420   0.3029   1.0000  80.3255 300.0000
  13.000   1.6320   0.03118   0.00898  -0.0420   0.3029   1.0000  80.3256 300.0000
  13.000   1.6320   0.03118   0.00898  -0.0420   0.3029   1.0000  80.3256 300.0000
  13.000   1.6320   0.03118   0.00898  -0.0420   0.3029   1.0000  80.3256 300.0000
  14.000   1.6888   0.03505   0.01003  -0.0411   0.2958   1.0000  81.0753 300.0000
  14.000   1.6888   0.03505   0.01003  -0.0411   0.2958   1.0000  81.0753 300.0000
  14.000   1.6888   0.03505   0.01003  -0.0411   0.2958   1.0000  81.0753 300.0000
  14.000   1.6888   0.03505   0.01003  -0.0411   0.2958   1.0000  81.0753 300.0000
  14.000   1.6888   0.03505   0.01003  -0.0411   0.2958   1.0000  81.0753 300.0000
  15.000   1.7257   0.04073   0.01221  -0.0402   0.2883   1.0000  81.8688 300.0000
  15.000   1.7257   0.04073   0.01221  -0.0402   0.2883   1.0000  81.8688 300.0000
  15.000   1.7257   0.04073   0.01221  -0.0402   0.2883   1.0000  81.8688 300.0000
  15.000   1.7257   0.04073   0.01221  -0.0402   0.2883   1.0000  81.8688 300.0000
  15.000   1.7257   0.04073   0.01221  -0.0402   0.2883   1.0000  81.8688 300.0000
  16.000   1.7506   0.04783   0.01523  -0.0398   0.2802   1.0000  82.7480 300.0000
  16.000   1.7506   0.04783   0.01523  -0.0398   0.2802   1.0000  82.7480 300.0000
  16.000   1.7506   0.04783   0.01523  -0.0398   0.2802   1.0000  82.7480 300.0000
  16.000   1.7506   0.04783   0.01523  -0.0398   0.2802   1.0000  82.7480 300.0000
  16.000   1.7506   0.04783   0.01523  -0.0398   0.2802   1.0000  82.7480 300.0000
  17.000   1.7637   0.05650   0.01916  -0.0400   0.2702   1.0000  83.8530 300.0000
  17.000   1.7637   0.05649   0.01916  -0.0400   0.2702   1.0000  83.8530 300.0000
  17.000   1.7637   0.05649   0.01916  -0.0400   0.2702   1.0000  83.8530 300.0000
  17.000   1.7637   0.05649   0.01916  -0.0400   0.2702   1.0000  83.8530 300.0000
  17.000   1.7637   0.05649   0.01916  -0.0400   0.2702   1.0000  83.8530 300.0000
  18.000   1.7593   0.06745   0.02486  -0.0408   0.2587   1.0000  85.1510 300.0000
  18.000   1.7593   0.06745   0.02486  -0.0408   0.2587   1.0000  85.1509 300.0000
  18.000   1.7593   0.06745   0.02486  -0.0408   0.2587   1.0000  85.1509 300.0000
  18.000   1.7593   0.06745   0.02486  -0.0408   0.2587   1.0000  85.1509 300.0000
  18.000   1.7593   0.06745   0.02486  -0.0408   0.2587   1.0000  85.1509 300.0000
  19.000   1.7352   0.08112   0.03319  -0.0423   0.2455   1.0000  86.6885 300.0000
  19.000   1.7352   0.08112   0.03319  -0.0423   0.2455   1.0000  86.6885 300.0000
  19.000   1.7352   0.08112   0.03319  -0.0423   0.2455   1.0000  86.6885 300.0000
  19.000   1.7352   0.08112   0.03319  -0.0423   0.2455   1.0000  86.6885 300.0000
  19.000   1.7352   0.08112   0.03319  -0.0423   0.2455   1.0000  86.6885 300.0000
