  
       XFOIL         Version 6.99
  
 Calculated polar for: GOE 777 AIRFOIL                                 
  
 1 1 Reynolds number fixed          Mach number fixed         
  
 xtrf =   1.000 (top)        1.000 (bottom)  
 Mach =   0.000     Re =     0.500 e 6     Ncrit =   9.000  9.000
  
   alpha    CL        CD       CDp       CM     Top_Xtr  Bot_Xtr  Top_Itr  Bot_Itr
  ------ -------- --------- --------- -------- -------- -------- -------- --------
   0.000   0.5028   0.01158   0.00334  -0.0597   0.4792   0.6934  62.7250 255.2228
   0.000   0.5028   0.01158   0.00334  -0.0597   0.4792   0.6934  62.7250 255.2227
   0.000   0.5028   0.01158   0.00334  -0.0597   0.4792   0.6934  62.7250 255.2227
   0.000   0.5028   0.01158   0.00334  -0.0597   0.4792   0.6934  62.7250 255.2227
   0.000   0.5028   0.01158   0.00334  -0.0597   0.4792   0.6934  62.7250 255.2227
   1.000   0.6152   0.01155   0.00329  -0.0596   0.4690   0.7447  63.6310 258.9525
   1.000   0.6152   0.01155   0.00329  -0.0596   0.4690   0.7447  63.6310 258.9525
   1.000   0.6152   0.01155   0.00329  -0.0596   0.4690   0.7447  63.6310 258.9525
   1.000   0.6152   0.01155   0.00329  -0.0596   0.4690   0.7447  63.6310 258.9525
   1.000   0.6152   0.01155   0.00329  -0.0596   0.4690   0.7447  63.6310 258.9525
   3.000   0.8303   0.01135   0.00307  -0.0575   0.4430   0.9088  66.0243 274.2679
   3.000   0.8303   0.01135   0.00307  -0.0575   0.4430   0.9088  66.0243 274.2678
   3.000   0.8303   0.01135   0.00307  -0.0575   0.4430   0.9088  66.0243 274.2678
   3.000   0.8303   0.01135   0.00307  -0.0575   0.4430   0.9088  66.0243 274.2678
   3.000   0.8303   0.01135   0.00307  -0.0575   0.4430   0.9088  66.0243 274.2678
   4.000   0.9781   0.01175   0.00320  -0.0653   0.4204   0.9813  68.2319 291.5077
   4.000   0.9781   0.01175   0.00320  -0.0653   0.4204   0.9813  68.2319 291.5088
   4.000   0.9781   0.01175   0.00320  -0.0653   0.4204   0.9813  68.2319 291.5089
   4.000   0.9781   0.01175   0.00320  -0.0653   0.4204   0.9813  68.2319 291.5089
   4.000   0.9781   0.01175   0.00320  -0.0653   0.4204   0.9813  68.2319 291.5089
   5.000   1.1276   0.01249   0.00330  -0.0748   0.3889   1.0000  71.4241 300.0000
   5.000   1.1276   0.01249   0.00330  -0.0748   0.3889   1.0000  71.4241 300.0000
   5.000   1.1276   0.01249   0.00330  -0.0748   0.3889   1.0000  71.4241 300.0000
   5.000   1.1276   0.01249   0.00330  -0.0748   0.3889   1.0000  71.4241 300.0000
   5.000   1.1276   0.01249   0.00330  -0.0748   0.3889   1.0000  71.4241 300.0000
   6.000   1.1838   0.01347   0.00332  -0.0658   0.3673   1.0000  73.6413 300.0000
   6.000   1.1838   0.01347   0.00332  -0.0658   0.3673   1.0000  73.6413 300.0000
   6.000   1.1838   0.01347   0.00332  -0.0658   0.3673   1.0000  73.6413 300.0000
   6.000   1.1838   0.01347   0.00332  -0.0658   0.3673   1.0000  73.6413 300.0000
   6.000   1.1838   0.01347   0.00332  -0.0658   0.3673   1.0000  73.6413 300.0000
   7.000   1.2396   0.01481   0.00353  -0.0573   0.3528   1.0000  75.1387 300.0000
   7.000   1.2396   0.01481   0.00353  -0.0573   0.3528   1.0000  75.1389 300.0000
   7.000   1.2396   0.01481   0.00353  -0.0573   0.3528   1.0000  75.1389 300.0000
   7.000   1.2396   0.01481   0.00353  -0.0573   0.3528   1.0000  75.1389 300.0000
   7.000   1.2396   0.01481   0.00353  -0.0573   0.3528   1.0000  75.1389 300.0000
   8.000   1.3060   0.01651   0.00401  -0.0520   0.3422   1.0000  76.2402 300.0000
   8.000   1.3060   0.01651   0.00401  -0.0520   0.3422   1.0000  76.2401 300.0000
   8.000   1.3060   0.01651   0.00401  -0.0520   0.3422   1.0000  76.2401 300.0000
   8.000   1.3060   0.01651   0.00401  -0.0520   0.3422   1.0000  76.2401 300.0000
   8.000   1.3060   0.01651   0.00401  -0.0520   0.3422   1.0000  76.2401 300.0000
   9.000   1.3765   0.01863   0.00467  -0.0487   0.3336   1.0000  77.1296 300.0000
   9.000   1.3765   0.01863   0.00467  -0.0487   0.3336   1.0000  77.1296 300.0000
   9.000   1.3765   0.01863   0.00467  -0.0487   0.3336   1.0000  77.1296 300.0000
   9.000   1.3765   0.01863   0.00467  -0.0487   0.3336   1.0000  77.1296 300.0000
   9.000   1.3765   0.01863   0.00467  -0.0487   0.3336   1.0000  77.1296 300.0000
  10.000   1.4482   0.02101   0.00545  -0.0464   0.3263   1.0000  77.8786 300.0000
  10.000   1.4482   0.02101   0.00545  -0.0464   0.3263   1.0000  77.8787 300.0000
  10.000   1.4482   0.02101   0.00545  -0.0464   0.3263   1.0000  77.8787 300.0000
  10.000   1.4482   0.02101   0.00545  -0.0464   0.3263   1.0000  77.8787 300.0000
  10.000   1.4482   0.02101   0.00545  -0.0464   0.3263   1.0000  77.8787 300.0000
  11.000   1.5166   0.02382   0.00644  -0.0447   0.3198   1.0000  78.5596 300.0000
  11.000   1.5166   0.02382   0.00644  -0.0447   0.3198   1.0000  78.5596 300.0000
  11.000   1.5166   0.02382   0.00644  -0.0447   0.3198   1.0000  78.5596 300.0000
  11.000   1.5166   0.02382   0.00644  -0.0447   0.3198   1.0000  78.5596 300.0000
  11.000   1.5166   0.02382   0.00644  -0.0447   0.3198   1.0000  78.5596 300.0000
  12.000   1.5846   0.02681   0.00733  -0.0434   0.3133   1.0000  79.2363 300.0000
  12.000   1.5846   0.02681   0.00733  -0.0434   0.3133   1.0000  79.2363 300.0000
  12.000   1.5846   0.02681   0.00733  -0.0434   0.3133   1.0000  79.2363 300.0000
  12.000   1.5846   0.02681   0.00733  -0.0434   0.3133   1.0000  79.2363 300.0000
  12.000   1.5846   0.02681   0.00733  -0.0434   0.3133   1.0000  79.2363 300.0000
  13.000   1.6409   0.03060   0.00849  -0.0420   0.3049   1.0000  80.1098 300.0000
  13.000   1.6409   0.03060   0.00849  -0.0420   0.3049   1.0000  80.1098 300.0000
  13.000   1.6409   0.03060   0.00849  -0.0420   0.3049   1.0000  80.1098 300.0000
  13.000   1.6409   0.03060   0.00849  -0.0420   0.3049   1.0000  80.1098 300.0000
  13.000   1.6409   0.03060   0.00849  -0.0420   0.3049   1.0000  80.1098 300.0000
  14.000   1.6893   0.03509   0.01001  -0.0408   0.2975   1.0000  80.8941 300.0000
  14.000   1.6893   0.03508   0.01001  -0.0408   0.2975   1.0000  80.8941 300.0000
  14.000   1.6893   0.03508   0.01001  -0.0408   0.2975   1.0000  80.8941 300.0000
  14.000   1.6893   0.03508   0.01001  -0.0408   0.2975   1.0000  80.8941 300.0000
  14.000   1.6893   0.03508   0.01001  -0.0408   0.2975   1.0000  80.8941 300.0000
  15.000   1.7223   0.04106   0.01241  -0.0398   0.2899   1.0000  81.7015 300.0000
  15.000   1.7223   0.04106   0.01241  -0.0398   0.2899   1.0000  81.7014 300.0000
  15.000   1.7223   0.04106   0.01241  -0.0398   0.2899   1.0000  81.7014 300.0000
  15.000   1.7223   0.04106   0.01241  -0.0398   0.2899   1.0000  81.7014 300.0000
  15.000   1.7223   0.04106   0.01241  -0.0398   0.2899   1.0000  81.7014 300.0000
  16.000   1.7493   0.04790   0.01523  -0.0393   0.2819   1.0000  82.5692 300.0000
  16.000   1.7493   0.04790   0.01523  -0.0393   0.2819   1.0000  82.5691 300.0000
  16.000   1.7493   0.04790   0.01523  -0.0393   0.2819   1.0000  82.5691 300.0000
  16.000   1.7493   0.04790   0.01523  -0.0393   0.2819   1.0000  82.5691 300.0000
  16.000   1.7493   0.04790   0.01523  -0.0393   0.2819   1.0000  82.5691 300.0000
  17.000   1.7598   0.05679   0.01934  -0.0395   0.2716   1.0000  83.6917 300.0000
  17.000   1.7598   0.05679   0.01933  -0.0395   0.2716   1.0000  83.6916 300.0000
  17.000   1.7598   0.05679   0.01933  -0.0395   0.2716   1.0000  83.6916 300.0000
  17.000   1.7598   0.05679   0.01933  -0.0395   0.2716   1.0000  83.6916 300.0000
  17.000   1.7598   0.05679   0.01933  -0.0395   0.2716   1.0000  83.6916 300.0000
  18.000   1.7662   0.06650   0.02399  -0.0404   0.2604   1.0000  84.9558 300.0000
  18.000   1.7662   0.06649   0.02399  -0.0404   0.2604   1.0000  84.9558 300.0000
  18.000   1.7662   0.06649   0.02399  -0.0404   0.2604   1.0000  84.9558 300.0000
  18.000   1.7662   0.06649   0.02399  -0.0404   0.2604   1.0000  84.9558 300.0000
  18.000   1.7662   0.06649   0.02399  -0.0404   0.2604   1.0000  84.9558 300.0000
  19.000   1.7325   0.08123   0.03321  -0.0419   0.2470   1.0000  86.5077 300.0000
  19.000   1.7325   0.08122   0.03321  -0.0419   0.2470   1.0000  86.5076 300.0000
  19.000   1.7325   0.08122   0.03321  -0.0419   0.2470   1.0000  86.5076 300.0000
  19.000   1.7325   0.08122   0.03321  -0.0419   0.2470   1.0000  86.5076 300.0000
  19.000   1.7325   0.08122   0.03321  -0.0419   0.2470   1.0000  86.5076 300.0000
