  
       XFOIL         Version 6.99
  
 Calculated polar for: GOE 777 AIRFOIL                                 
  
 1 1 Reynolds number fixed          Mach number fixed         
  
 xtrf =   1.000 (top)        1.000 (bottom)  
 Mach =   0.000     Re =     0.550 e 6     Ncrit =   9.000  9.000
  
   alpha    CL        CD       CDp       CM     Top_Xtr  Bot_Xtr  Top_Itr  Bot_Itr
  ------ -------- --------- --------- -------- -------- -------- -------- --------
   0.000   0.5048   0.01114   0.00298  -0.0600   0.4762   0.6832  62.9862 254.4949
   0.000   0.5048   0.01114   0.00298  -0.0600   0.4762   0.6832  62.9862 254.4950
   0.000   0.5048   0.01114   0.00298  -0.0600   0.4762   0.6832  62.9862 254.4950
   0.000   0.5048   0.01114   0.00298  -0.0600   0.4762   0.6832  62.9862 254.4950
   0.000   0.5048   0.01114   0.00298  -0.0600   0.4762   0.6832  62.9862 254.4950
   1.000   0.6175   0.01107   0.00294  -0.0599   0.4662   0.7331  63.8807 258.1032
   1.000   0.6175   0.01107   0.00294  -0.0599   0.4662   0.7331  63.8807 258.1042
   1.000   0.6175   0.01107   0.00294  -0.0599   0.4662   0.7331  63.8807 258.1042
   1.000   0.6175   0.01107   0.00294  -0.0599   0.4662   0.7331  63.8807 258.1042
   1.000   0.6175   0.01107   0.00294  -0.0599   0.4662   0.7331  63.8807 258.1042
   2.000   0.7276   0.01098   0.00285  -0.0596   0.4545   0.7953  64.9451 262.7768
   2.000   0.7276   0.01098   0.00285  -0.0596   0.4545   0.7953  64.9451 262.7767
   2.000   0.7276   0.01098   0.00285  -0.0596   0.4545   0.7953  64.9451 262.7767
   2.000   0.7276   0.01098   0.00285  -0.0596   0.4545   0.7953  64.9451 262.7767
   2.000   0.7276   0.01098   0.00285  -0.0596   0.4545   0.7953  64.9451 262.7767
   3.000   0.8326   0.01087   0.00281  -0.0580   0.4392   0.8930  66.3878 272.1178
   3.000   0.8326   0.01087   0.00281  -0.0580   0.4392   0.8930  66.3878 272.1177
   3.000   0.8326   0.01087   0.00281  -0.0580   0.4392   0.8930  66.3878 272.1177
   3.000   0.8326   0.01087   0.00281  -0.0580   0.4392   0.8930  66.3878 272.1177
   3.000   0.8326   0.01087   0.00281  -0.0580   0.4392   0.8930  66.3878 272.1177
   4.000   0.9731   0.01124   0.00292  -0.0642   0.4161   0.9781  68.6565 290.2883
   4.000   0.9731   0.01124   0.00292  -0.0642   0.4161   0.9781  68.6565 290.2949
   4.000   0.9731   0.01124   0.00292  -0.0642   0.4161   0.9781  68.6565 290.2949
   4.000   0.9731   0.01124   0.00292  -0.0642   0.4161   0.9781  68.6565 290.2949
   4.000   0.9731   0.01124   0.00292  -0.0642   0.4161   0.9781  68.6565 290.2949
   5.000   1.1318   0.01213   0.00313  -0.0756   0.3827   1.0000  72.0602 300.0000
   5.000   1.1318   0.01213   0.00313  -0.0756   0.3827   1.0000  72.0602 300.0000
   5.000   1.1318   0.01213   0.00313  -0.0756   0.3827   1.0000  72.0602 300.0000
   5.000   1.1318   0.01213   0.00313  -0.0756   0.3827   1.0000  72.0602 300.0000
   5.000   1.1318   0.01213   0.00313  -0.0756   0.3827   1.0000  72.0602 300.0000
   6.000   1.1869   0.01313   0.00319  -0.0664   0.3616   1.0000  74.2312 300.0000
   6.000   1.1869   0.01313   0.00319  -0.0664   0.3616   1.0000  74.2312 300.0000
   6.000   1.1869   0.01313   0.00319  -0.0664   0.3616   1.0000  74.2312 300.0000
   6.000   1.1869   0.01313   0.00319  -0.0664   0.3616   1.0000  74.2312 300.0000
   6.000   1.1869   0.01313   0.00319  -0.0664   0.3616   1.0000  74.2312 300.0000
   7.000   1.2429   0.01440   0.00341  -0.0578   0.3475   1.0000  75.6922 300.0000
   7.000   1.2429   0.01440   0.00341  -0.0578   0.3475   1.0000  75.6922 300.0000
   7.000   1.2429   0.01440   0.00341  -0.0578   0.3475   1.0000  75.6922 300.0000
   7.000   1.2429   0.01440   0.00341  -0.0578   0.3475   1.0000  75.6922 300.0000
   7.000   1.2429   0.01440   0.00341  -0.0578   0.3475   1.0000  75.6922 300.0000
   8.000   1.3086   0.01610   0.00389  -0.0524   0.3374   1.0000  76.7307 300.0000
   8.000   1.3086   0.01610   0.00389  -0.0524   0.3374   1.0000  76.7309 300.0000
   8.000   1.3086   0.01610   0.00389  -0.0524   0.3374   1.0000  76.7309 300.0000
   8.000   1.3086   0.01610   0.00389  -0.0524   0.3374   1.0000  76.7309 300.0000
   8.000   1.3086   0.01610   0.00389  -0.0524   0.3374   1.0000  76.7309 300.0000
   9.000   1.3782   0.01824   0.00461  -0.0490   0.3291   1.0000  77.5892 300.0000
   9.000   1.3782   0.01824   0.00461  -0.0490   0.3291   1.0000  77.5892 300.0000
   9.000   1.3782   0.01824   0.00461  -0.0490   0.3291   1.0000  77.5892 300.0000
   9.000   1.3782   0.01824   0.00461  -0.0490   0.3291   1.0000  77.5892 300.0000
   9.000   1.3782   0.01824   0.00461  -0.0490   0.3291   1.0000  77.5892 300.0000
  10.000   1.4480   0.02077   0.00546  -0.0467   0.3223   1.0000  78.2917 300.0000
  10.000   1.4480   0.02077   0.00546  -0.0467   0.3223   1.0000  78.2917 300.0000
  10.000   1.4480   0.02077   0.00546  -0.0467   0.3223   1.0000  78.2917 300.0000
  10.000   1.4480   0.02077   0.00546  -0.0467   0.3223   1.0000  78.2917 300.0000
  10.000   1.4480   0.02077   0.00546  -0.0467   0.3223   1.0000  78.2917 300.0000
  11.000   1.5198   0.02340   0.00622  -0.0451   0.3160   1.0000  78.9511 300.0000
  11.000   1.5198   0.02340   0.00622  -0.0451   0.3160   1.0000  78.9511 300.0000
  11.000   1.5198   0.02340   0.00622  -0.0451   0.3160   1.0000  78.9511 300.0000
  11.000   1.5198   0.02340   0.00622  -0.0451   0.3160   1.0000  78.9511 300.0000
  11.000   1.5198   0.02340   0.00622  -0.0451   0.3160   1.0000  78.9511 300.0000
  12.000   1.5789   0.02699   0.00759  -0.0436   0.3091   1.0000  79.6651 300.0000
  12.000   1.5789   0.02698   0.00759  -0.0436   0.3091   1.0000  79.6650 300.0000
  12.000   1.5789   0.02698   0.00759  -0.0436   0.3091   1.0000  79.6650 300.0000
  12.000   1.5789   0.02698   0.00759  -0.0436   0.3091   1.0000  79.6650 300.0000
  12.000   1.5789   0.02698   0.00759  -0.0436   0.3091   1.0000  79.6650 300.0000
  13.000   1.6286   0.03140   0.00921  -0.0422   0.3009   1.0000  80.5287 300.0000
  13.000   1.6286   0.03140   0.00921  -0.0422   0.3009   1.0000  80.5287 300.0000
  13.000   1.6286   0.03140   0.00921  -0.0422   0.3009   1.0000  80.5286 300.0000
  13.000   1.6286   0.03140   0.00921  -0.0422   0.3009   1.0000  80.5286 300.0000
  13.000   1.6286   0.03140   0.00921  -0.0422   0.3009   1.0000  80.5286 300.0000
  14.000   1.6787   0.03588   0.01071  -0.0411   0.2940   1.0000  81.2631 300.0000
  14.000   1.6787   0.03588   0.01071  -0.0411   0.2940   1.0000  81.2631 300.0000
  14.000   1.6787   0.03588   0.01071  -0.0411   0.2940   1.0000  81.2631 300.0000
  14.000   1.6787   0.03588   0.01071  -0.0411   0.2940   1.0000  81.2631 300.0000
  14.000   1.6787   0.03588   0.01071  -0.0411   0.2940   1.0000  81.2631 300.0000
  15.000   1.7307   0.04027   0.01192  -0.0405   0.2868   1.0000  82.0271 300.0000
  15.000   1.7307   0.04026   0.01192  -0.0405   0.2868   1.0000  82.0271 300.0000
  15.000   1.7307   0.04026   0.01192  -0.0405   0.2868   1.0000  82.0271 300.0000
  15.000   1.7307   0.04026   0.01192  -0.0405   0.2868   1.0000  82.0271 300.0000
  15.000   1.7307   0.04026   0.01192  -0.0405   0.2868   1.0000  82.0271 300.0000
  16.000   1.7545   0.04750   0.01503  -0.0402   0.2788   1.0000  82.9050 300.0000
  16.000   1.7545   0.04750   0.01503  -0.0402   0.2788   1.0000  82.9050 300.0000
  16.000   1.7545   0.04750   0.01503  -0.0402   0.2788   1.0000  82.9050 300.0000
  16.000   1.7545   0.04750   0.01503  -0.0402   0.2788   1.0000  82.9050 300.0000
  16.000   1.7545   0.04750   0.01503  -0.0402   0.2788   1.0000  82.9050 300.0000
  18.000   1.7526   0.06842   0.02575  -0.0413   0.2569   1.0000  85.3536 300.0000
  18.000   1.7526   0.06842   0.02575  -0.0413   0.2569   1.0000  85.3535 300.0000
  18.000   1.7526   0.06842   0.02575  -0.0413   0.2569   1.0000  85.3535 300.0000
  18.000   1.7526   0.06842   0.02575  -0.0413   0.2569   1.0000  85.3535 300.0000
  18.000   1.7526   0.06842   0.02575  -0.0413   0.2569   1.0000  85.3535 300.0000
  19.000   1.7403   0.08072   0.03288  -0.0426   0.2442   1.0000  86.8418 300.0000
  19.000   1.7403   0.08072   0.03288  -0.0426   0.2442   1.0000  86.8417 300.0000
  19.000   1.7403   0.08072   0.03288  -0.0426   0.2442   1.0000  86.8417 300.0000
  19.000   1.7403   0.08072   0.03288  -0.0426   0.2442   1.0000  86.8417 300.0000
  19.000   1.7403   0.08072   0.03288  -0.0426   0.2442   1.0000  86.8417 300.0000
