  
       XFOIL         Version 6.99
  
 Calculated polar for: GOE 777 AIRFOIL                                 
  
 1 1 Reynolds number fixed          Mach number fixed         
  
 xtrf =   1.000 (top)        1.000 (bottom)  
 Mach =   0.000     Re =     0.475 e 6     Ncrit =   9.000  9.000
  
   alpha    CL        CD       CDp       CM     Top_Xtr  Bot_Xtr  Top_Itr  Bot_Itr
  ------ -------- --------- --------- -------- -------- -------- -------- --------
   0.000   0.5017   0.01187   0.00355  -0.0595   0.4810   0.6990  62.5707 255.6314
   0.000   0.5017   0.01187   0.00355  -0.0595   0.4810   0.6990  62.5707 255.6313
   0.000   0.5017   0.01187   0.00355  -0.0595   0.4810   0.6990  62.5707 255.6313
   0.000   0.5017   0.01187   0.00355  -0.0595   0.4810   0.6990  62.5707 255.6313
   0.000   0.5017   0.01187   0.00355  -0.0595   0.4810   0.6990  62.5707 255.6313
   1.000   0.6139   0.01183   0.00350  -0.0593   0.4707   0.7507  63.4774 259.3973
   1.000   0.6139   0.01183   0.00350  -0.0593   0.4707   0.7507  63.4774 259.3967
   1.000   0.6139   0.01183   0.00350  -0.0593   0.4707   0.7507  63.4774 259.3967
   1.000   0.6139   0.01183   0.00350  -0.0593   0.4707   0.7507  63.4774 259.3967
   1.000   0.6139   0.01183   0.00350  -0.0593   0.4707   0.7507  63.4774 259.3967
   2.000   0.7228   0.01173   0.00341  -0.0586   0.4589   0.8184  64.5472 264.6455
   2.000   0.7228   0.01173   0.00341  -0.0586   0.4589   0.8184  64.5472 264.6453
   2.000   0.7228   0.01173   0.00341  -0.0586   0.4589   0.8184  64.5472 264.6453
   2.000   0.7228   0.01173   0.00341  -0.0586   0.4589   0.8184  64.5472 264.6453
   2.000   0.7228   0.01173   0.00341  -0.0586   0.4589   0.8184  64.5472 264.6453
   3.000   0.8296   0.01162   0.00327  -0.0573   0.4444   0.9169  65.8906 275.5096
   3.000   0.8296   0.01162   0.00327  -0.0573   0.4444   0.9169  65.8906 275.5095
   3.000   0.8296   0.01162   0.00327  -0.0573   0.4444   0.9169  65.8906 275.5095
   3.000   0.8296   0.01162   0.00327  -0.0573   0.4444   0.9169  65.8906 275.5095
   3.000   0.8296   0.01162   0.00327  -0.0573   0.4444   0.9169  65.8906 275.5095
   4.000   0.9810   0.01205   0.00334  -0.0659   0.4228   0.9830  67.9919 292.1433
   4.000   0.9810   0.01205   0.00334  -0.0659   0.4228   0.9830  67.9919 292.1455
   4.000   0.9810   0.01205   0.00334  -0.0659   0.4228   0.9830  67.9919 292.1455
   4.000   0.9810   0.01205   0.00334  -0.0659   0.4228   0.9830  67.9919 292.1455
   4.000   0.9810   0.01205   0.00334  -0.0659   0.4228   0.9830  67.9919 292.1455
   5.000   1.1245   0.01272   0.00339  -0.0743   0.3924   1.0000  71.0554 300.0000
   5.000   1.1245   0.01272   0.00339  -0.0743   0.3925   1.0000  71.0551 300.0000
   5.000   1.1245   0.01272   0.00339  -0.0743   0.3925   1.0000  71.0551 300.0000
   5.000   1.1245   0.01272   0.00339  -0.0743   0.3925   1.0000  71.0551 300.0000
   5.000   1.1245   0.01272   0.00339  -0.0743   0.3925   1.0000  71.0551 300.0000
   6.000   1.1820   0.01368   0.00340  -0.0655   0.3707   1.0000  73.2985 300.0000
   6.000   1.1820   0.01368   0.00340  -0.0655   0.3707   1.0000  73.2985 300.0000
   6.000   1.1820   0.01368   0.00340  -0.0655   0.3707   1.0000  73.2985 300.0000
   6.000   1.1820   0.01368   0.00340  -0.0655   0.3707   1.0000  73.2985 300.0000
   6.000   1.1820   0.01368   0.00340  -0.0655   0.3707   1.0000  73.2985 300.0000
   7.000   1.2388   0.01501   0.00361  -0.0572   0.3556   1.0000  74.8540 300.0000
   7.000   1.2388   0.01501   0.00361  -0.0572   0.3556   1.0000  74.8540 300.0000
   7.000   1.2388   0.01501   0.00361  -0.0572   0.3556   1.0000  74.8540 300.0000
   7.000   1.2388   0.01501   0.00361  -0.0572   0.3556   1.0000  74.8540 300.0000
   7.000   1.2388   0.01501   0.00361  -0.0572   0.3556   1.0000  74.8540 300.0000
   8.000   1.3048   0.01676   0.00406  -0.0519   0.3448   1.0000  75.9730 300.0000
   8.000   1.3048   0.01676   0.00406  -0.0519   0.3448   1.0000  75.9730 300.0000
   8.000   1.3048   0.01676   0.00406  -0.0519   0.3448   1.0000  75.9730 300.0000
   8.000   1.3048   0.01676   0.00406  -0.0519   0.3448   1.0000  75.9730 300.0000
   8.000   1.3048   0.01676   0.00406  -0.0519   0.3448   1.0000  75.9730 300.0000
   9.000   1.3761   0.01881   0.00472  -0.0486   0.3359   1.0000  76.8889 300.0000
   9.000   1.3761   0.01881   0.00472  -0.0486   0.3359   1.0000  76.8889 300.0000
   9.000   1.3761   0.01881   0.00472  -0.0486   0.3359   1.0000  76.8889 300.0000
   9.000   1.3761   0.01881   0.00472  -0.0486   0.3359   1.0000  76.8889 300.0000
   9.000   1.3761   0.01881   0.00472  -0.0486   0.3359   1.0000  76.8889 300.0000
  10.000   1.4470   0.02123   0.00556  -0.0463   0.3285   1.0000  77.6522 300.0000
  10.000   1.4470   0.02123   0.00556  -0.0463   0.3285   1.0000  77.6522 300.0000
  10.000   1.4470   0.02123   0.00556  -0.0463   0.3285   1.0000  77.6522 300.0000
  10.000   1.4470   0.02123   0.00556  -0.0463   0.3285   1.0000  77.6522 300.0000
  10.000   1.4470   0.02123   0.00556  -0.0463   0.3285   1.0000  77.6522 300.0000
  11.000   1.5186   0.02387   0.00640  -0.0447   0.3220   1.0000  78.3265 300.0000
  11.000   1.5186   0.02387   0.00640  -0.0447   0.3220   1.0000  78.3265 300.0000
  11.000   1.5186   0.02387   0.00640  -0.0447   0.3220   1.0000  78.3265 300.0000
  11.000   1.5186   0.02387   0.00640  -0.0447   0.3220   1.0000  78.3265 300.0000
  11.000   1.5186   0.02387   0.00640  -0.0447   0.3220   1.0000  78.3265 300.0000
  12.000   1.5964   0.02627   0.00686  -0.0439   0.3154   1.0000  79.0132 300.0000
  12.000   1.5964   0.02627   0.00686  -0.0439   0.3154   1.0000  79.0133 300.0000
  12.000   1.5964   0.02627   0.00686  -0.0439   0.3154   1.0000  79.0133 300.0000
  12.000   1.5964   0.02627   0.00686  -0.0439   0.3154   1.0000  79.0133 300.0000
  12.000   1.5964   0.02627   0.00686  -0.0439   0.3154   1.0000  79.0133 300.0000
  13.000   1.6439   0.03051   0.00838  -0.0419   0.3069   1.0000  79.8969 300.0000
  13.000   1.6439   0.03051   0.00838  -0.0419   0.3069   1.0000  79.8969 300.0000
  13.000   1.6439   0.03051   0.00838  -0.0419   0.3069   1.0000  79.8969 300.0000
  13.000   1.6439   0.03051   0.00838  -0.0419   0.3069   1.0000  79.8969 300.0000
  13.000   1.6439   0.03051   0.00838  -0.0419   0.3069   1.0000  79.8969 300.0000
  14.000   1.6853   0.03550   0.01027  -0.0405   0.2992   1.0000  80.7065 300.0000
  14.000   1.6853   0.03550   0.01027  -0.0405   0.2992   1.0000  80.7065 300.0000
  14.000   1.6853   0.03550   0.01027  -0.0405   0.2992   1.0000  80.7065 300.0000
  14.000   1.6853   0.03550   0.01027  -0.0405   0.2992   1.0000  80.7065 300.0000
  14.000   1.6853   0.03550   0.01027  -0.0405   0.2992   1.0000  80.7065 300.0000
  15.000   1.7225   0.04108   0.01236  -0.0394   0.2917   1.0000  81.5039 300.0000
  15.000   1.7225   0.04107   0.01236  -0.0394   0.2917   1.0000  81.5039 300.0000
  15.000   1.7225   0.04107   0.01236  -0.0394   0.2917   1.0000  81.5039 300.0000
  15.000   1.7225   0.04107   0.01236  -0.0394   0.2917   1.0000  81.5039 300.0000
  15.000   1.7225   0.04107   0.01236  -0.0394   0.2917   1.0000  81.5039 300.0000
  16.000   1.7533   0.04749   0.01485  -0.0389   0.2838   1.0000  82.3593 300.0000
  16.000   1.7533   0.04749   0.01485  -0.0389   0.2838   1.0000  82.3593 300.0000
  16.000   1.7533   0.04749   0.01485  -0.0389   0.2838   1.0000  82.3592 300.0000
  16.000   1.7533   0.04749   0.01485  -0.0389   0.2838   1.0000  82.3592 300.0000
  16.000   1.7533   0.04749   0.01485  -0.0389   0.2838   1.0000  82.3592 300.0000
  17.000   1.7587   0.05677   0.01925  -0.0390   0.2734   1.0000  83.4966 300.0000
  17.000   1.7587   0.05677   0.01925  -0.0390   0.2734   1.0000  83.4966 300.0000
  17.000   1.7587   0.05677   0.01925  -0.0390   0.2734   1.0000  83.4966 300.0000
  17.000   1.7587   0.05677   0.01925  -0.0390   0.2734   1.0000  83.4966 300.0000
  17.000   1.7587   0.05677   0.01925  -0.0390   0.2734   1.0000  83.4966 300.0000
  18.000   1.7565   0.06742   0.02470  -0.0399   0.2618   1.0000  84.8006 300.0000
  18.000   1.7565   0.06742   0.02470  -0.0399   0.2618   1.0000  84.8007 300.0000
  18.000   1.7565   0.06742   0.02470  -0.0399   0.2618   1.0000  84.8007 300.0000
  18.000   1.7565   0.06742   0.02470  -0.0399   0.2618   1.0000  84.8007 300.0000
  18.000   1.7565   0.06742   0.02470  -0.0399   0.2618   1.0000  84.8007 300.0000
  19.000   1.7338   0.08084   0.03278  -0.0414   0.2488   1.0000  86.2902 300.0000
  19.000   1.7338   0.08084   0.03278  -0.0414   0.2489   1.0000  86.2901 300.0000
  19.000   1.7338   0.08084   0.03278  -0.0414   0.2489   1.0000  86.2901 300.0000
  19.000   1.7338   0.08084   0.03278  -0.0414   0.2489   1.0000  86.2901 300.0000
  19.000   1.7338   0.08084   0.03278  -0.0414   0.2489   1.0000  86.2901 300.0000
