  
       XFOIL         Version 6.99
  
 Calculated polar for: FX 69-PR-281                                    
  
 1 1 Reynolds number fixed          Mach number fixed         
  
 xtrf =   1.000 (top)        1.000 (bottom)  
 Mach =   0.000     Re =     0.350 e 6     Ncrit =   9.000  9.000
  
   alpha    CL        CD       CDp       CM     Top_Xtr  Bot_Xtr  Top_Itr  Bot_Itr
  ------ -------- --------- --------- -------- -------- -------- -------- --------
   0.000   0.6089   0.01660   0.00353  -0.1303   0.4193   0.2653  60.7094 230.5882
   0.000   0.6089   0.01660   0.00353  -0.1303   0.4193   0.2653  60.7094 230.5880
   0.000   0.6089   0.01660   0.00353  -0.1303   0.4193   0.2653  60.7094 230.5880
   0.000   0.6089   0.01660   0.00353  -0.1303   0.4193   0.2653  60.7094 230.5880
   0.000   0.6089   0.01660   0.00353  -0.1303   0.4193   0.2653  60.7094 230.5880
   1.000   0.7018   0.01717   0.00345  -0.1267   0.3926   0.2781  62.9219 231.6707
   1.000   0.7018   0.01717   0.00345  -0.1267   0.3926   0.2781  62.9219 231.6704
   1.000   0.7018   0.01717   0.00345  -0.1267   0.3926   0.2781  62.9219 231.6705
   1.000   0.7018   0.01717   0.00345  -0.1267   0.3926   0.2781  62.9219 231.6705
   1.000   0.7018   0.01717   0.00345  -0.1267   0.3926   0.2781  62.9219 231.6705
   2.000   0.7959   0.01799   0.00356  -0.1236   0.3701   0.2927  64.8649 232.8419
   2.000   0.7959   0.01799   0.00356  -0.1236   0.3701   0.2927  64.8649 232.8425
   2.000   0.7959   0.01799   0.00356  -0.1236   0.3701   0.2927  64.8649 232.8425
   2.000   0.7959   0.01799   0.00356  -0.1236   0.3701   0.2927  64.8649 232.8425
   2.000   0.7959   0.01799   0.00356  -0.1236   0.3701   0.2927  64.8649 232.8425
   3.000   0.8890   0.01897   0.00383  -0.1207   0.3519   0.3102  66.4837 234.1465
   3.000   0.8890   0.01897   0.00383  -0.1207   0.3519   0.3102  66.4837 234.1461
   3.000   0.8890   0.01897   0.00383  -0.1207   0.3519   0.3102  66.4837 234.1461
   3.000   0.8890   0.01897   0.00383  -0.1207   0.3519   0.3102  66.4837 234.1461
   3.000   0.8890   0.01897   0.00383  -0.1207   0.3519   0.3102  66.4837 234.1461
   4.000   0.9806   0.02022   0.00422  -0.1180   0.3369   0.3326  67.8440 235.6934
   4.000   0.9806   0.02022   0.00422  -0.1180   0.3369   0.3326  67.8439 235.6907
   4.000   0.9806   0.02022   0.00422  -0.1180   0.3369   0.3326  67.8439 235.6908
   4.000   0.9806   0.02022   0.00422  -0.1180   0.3369   0.3326  67.8439 235.6908
   4.000   0.9806   0.02022   0.00422  -0.1180   0.3369   0.3326  67.8439 235.6908
   5.000   1.0712   0.02167   0.00471  -0.1155   0.3240   0.3620  69.0554 237.5572
   5.000   1.0712   0.02167   0.00471  -0.1155   0.3240   0.3620  69.0554 237.5561
   5.000   1.0712   0.02167   0.00471  -0.1155   0.3240   0.3620  69.0554 237.5561
   5.000   1.0712   0.02167   0.00471  -0.1155   0.3240   0.3620  69.0554 237.5561
   5.000   1.0712   0.02167   0.00471  -0.1155   0.3240   0.3620  69.0554 237.5561
   6.000   1.1550   0.02340   0.00539  -0.1126   0.3121   0.4005  70.2132 239.7625
   6.000   1.1550   0.02340   0.00539  -0.1126   0.3121   0.4005  70.2132 239.7633
   6.000   1.1550   0.02340   0.00539  -0.1126   0.3121   0.4005  70.2132 239.7633
   6.000   1.1550   0.02340   0.00539  -0.1126   0.3121   0.4005  70.2132 239.7633
   6.000   1.1550   0.02340   0.00539  -0.1126   0.3121   0.4005  70.2132 239.7633
   7.000   1.2341   0.02552   0.00626  -0.1097   0.3009   0.4463  71.3329 242.2332
   7.000   1.2341   0.02552   0.00626  -0.1097   0.3009   0.4463  71.3329 242.2329
   7.000   1.2341   0.02552   0.00626  -0.1097   0.3009   0.4463  71.3329 242.2329
   7.000   1.2341   0.02552   0.00626  -0.1097   0.3009   0.4463  71.3329 242.2329
   7.000   1.2341   0.02552   0.00626  -0.1097   0.3009   0.4463  71.3329 242.2329
   9.000   1.3774   0.03113   0.00865  -0.1040   0.2802   0.5575  73.5079 248.1483
   9.000   1.3774   0.03113   0.00865  -0.1040   0.2802   0.5575  73.5079 248.1485
   9.000   1.3774   0.03113   0.00865  -0.1040   0.2802   0.5575  73.5079 248.1486
   9.000   1.3774   0.03113   0.00865  -0.1040   0.2802   0.5575  73.5079 248.1486
   9.000   1.3774   0.03113   0.00865  -0.1040   0.2802   0.5575  73.5079 248.1486
  10.000   1.4421   0.03467   0.01029  -0.1015   0.2706   0.6380  74.5600 252.6911
  10.000   1.4421   0.03467   0.01029  -0.1015   0.2706   0.6380  74.5600 252.6909
  10.000   1.4421   0.03467   0.01029  -0.1015   0.2706   0.6380  74.5600 252.6911
  10.000   1.4421   0.03467   0.01029  -0.1015   0.2706   0.6380  74.5600 252.6911
  10.000   1.4421   0.03467   0.01029  -0.1015   0.2706   0.6380  74.5600 252.6911
  12.000   1.5345   0.04286   0.01395  -0.0930   0.2536   1.0000  76.5239 300.0000
  12.000   1.5345   0.04286   0.01395  -0.0930   0.2536   1.0000  76.5239 300.0000
  12.000   1.5345   0.04286   0.01395  -0.0930   0.2536   1.0000  76.5239 300.0000
  12.000   1.5345   0.04286   0.01395  -0.0930   0.2536   1.0000  76.5239 300.0000
  12.000   1.5345   0.04286   0.01395  -0.0930   0.2536   1.0000  76.5239 300.0000
  14.000   1.6226   0.05530   0.01989  -0.0907   0.2377   1.0000  78.4722 300.0000
  14.000   1.6226   0.05530   0.01989  -0.0907   0.2377   1.0000  78.4722 300.0000
  14.000   1.6226   0.05530   0.01989  -0.0907   0.2377   1.0000  78.4722 300.0000
  14.000   1.6226   0.05530   0.01989  -0.0907   0.2377   1.0000  78.4722 300.0000
  14.000   1.6226   0.05530   0.01989  -0.0907   0.2377   1.0000  78.4722 300.0000
  15.000   1.6556   0.06294   0.02387  -0.0903   0.2302   1.0000  79.4435 300.0000
  15.000   1.6556   0.06293   0.02387  -0.0903   0.2302   1.0000  79.4435 300.0000
  15.000   1.6556   0.06293   0.02387  -0.0903   0.2302   1.0000  79.4435 300.0000
  15.000   1.6556   0.06293   0.02387  -0.0903   0.2302   1.0000  79.4435 300.0000
  15.000   1.6556   0.06293   0.02387  -0.0903   0.2302   1.0000  79.4435 300.0000
  16.000   1.6819   0.07156   0.02867  -0.0905   0.2229   1.0000  80.4250 300.0000
  16.000   1.6819   0.07156   0.02867  -0.0905   0.2229   1.0000  80.4250 300.0000
  16.000   1.6819   0.07156   0.02867  -0.0905   0.2229   1.0000  80.4250 300.0000
  16.000   1.6819   0.07156   0.02867  -0.0905   0.2229   1.0000  80.4250 300.0000
  16.000   1.6819   0.07156   0.02867  -0.0905   0.2229   1.0000  80.4250 300.0000
  17.000   1.7016   0.08115   0.03442  -0.0914   0.2156   1.0000  81.4226 300.0000
  17.000   1.7016   0.08115   0.03442  -0.0914   0.2156   1.0000  81.4226 300.0000
  17.000   1.7016   0.08115   0.03442  -0.0914   0.2156   1.0000  81.4226 300.0000
  17.000   1.7016   0.08115   0.03442  -0.0914   0.2156   1.0000  81.4226 300.0000
  17.000   1.7016   0.08115   0.03442  -0.0914   0.2156   1.0000  81.4226 300.0000
  18.000   1.7138   0.09179   0.04152  -0.0932   0.2084   1.0000  82.4459 300.0000
  18.000   1.7138   0.09178   0.04152  -0.0932   0.2084   1.0000  82.4460 300.0000
  18.000   1.7138   0.09178   0.04152  -0.0932   0.2084   1.0000  82.4460 300.0000
  18.000   1.7138   0.09178   0.04152  -0.0932   0.2084   1.0000  82.4460 300.0000
  18.000   1.7138   0.09178   0.04152  -0.0932   0.2084   1.0000  82.4460 300.0000
  19.000   1.7182   0.10353   0.05060  -0.0959   0.2012   1.0000  83.5049 300.0000
  19.000   1.7182   0.10353   0.05060  -0.0959   0.2012   1.0000  83.5049 300.0000
  19.000   1.7182   0.10353   0.05060  -0.0959   0.2012   1.0000  83.5049 300.0000
  19.000   1.7182   0.10353   0.05060  -0.0959   0.2012   1.0000  83.5049 300.0000
  19.000   1.7182   0.10353   0.05060  -0.0959   0.2012   1.0000  83.5049 300.0000
