  
       XFOIL         Version 6.99
  
 Calculated polar for: FX 69-PR-281                                    
  
 1 1 Reynolds number fixed          Mach number fixed         
  
 xtrf =   1.000 (top)        1.000 (bottom)  
 Mach =   0.000     Re =     0.400 e 6     Ncrit =   9.000  9.000
  
   alpha    CL        CD       CDp       CM     Top_Xtr  Bot_Xtr  Top_Itr  Bot_Itr
  ------ -------- --------- --------- -------- -------- -------- -------- --------
   0.000   0.6097   0.01579   0.00302  -0.1304   0.4109   0.2598  61.3940 230.1086
   0.000   0.6097   0.01579   0.00302  -0.1304   0.4109   0.2598  61.3940 230.1084
   0.000   0.6097   0.01579   0.00302  -0.1304   0.4109   0.2598  61.3940 230.1084
   0.000   0.6097   0.01579   0.00302  -0.1304   0.4109   0.2598  61.3940 230.1084
   0.000   0.6097   0.01579   0.00302  -0.1304   0.4109   0.2598  61.3940 230.1084
   1.000   0.7047   0.01639   0.00304  -0.1272   0.3839   0.2721  63.6612 231.1747
   1.000   0.7047   0.01639   0.00304  -0.1272   0.3839   0.2721  63.6612 231.1748
   1.000   0.7047   0.01639   0.00304  -0.1272   0.3839   0.2721  63.6612 231.1748
   1.000   0.7047   0.01639   0.00304  -0.1272   0.3839   0.2721  63.6612 231.1748
   1.000   0.7047   0.01639   0.00304  -0.1272   0.3839   0.2721  63.6612 231.1748
   2.000   0.7988   0.01721   0.00321  -0.1241   0.3622   0.2861  65.5651 232.3165
   2.000   0.7988   0.01721   0.00321  -0.1241   0.3622   0.2861  65.5651 232.3168
   2.000   0.7988   0.01721   0.00321  -0.1241   0.3622   0.2861  65.5651 232.3168
   2.000   0.7988   0.01721   0.00321  -0.1241   0.3622   0.2861  65.5651 232.3168
   2.000   0.7988   0.01721   0.00321  -0.1241   0.3622   0.2861  65.5651 232.3168
   3.000   0.8907   0.01831   0.00349  -0.1211   0.3450   0.3031  67.1039 233.6222
   3.000   0.8907   0.01831   0.00349  -0.1211   0.3450   0.3031  67.1039 233.6225
   3.000   0.8907   0.01831   0.00349  -0.1211   0.3450   0.3031  67.1039 233.6226
   3.000   0.8907   0.01831   0.00349  -0.1211   0.3450   0.3031  67.1039 233.6226
   3.000   0.8907   0.01831   0.00349  -0.1211   0.3450   0.3031  67.1039 233.6226
   4.000   0.9816   0.01952   0.00391  -0.1183   0.3303   0.3249  68.4639 235.1754
   4.000   0.9816   0.01952   0.00391  -0.1183   0.3303   0.3249  68.4639 235.1757
   4.000   0.9816   0.01952   0.00391  -0.1183   0.3303   0.3249  68.4639 235.1757
   4.000   0.9816   0.01952   0.00391  -0.1183   0.3303   0.3249  68.4639 235.1757
   4.000   0.9816   0.01952   0.00391  -0.1183   0.3303   0.3249  68.4639 235.1757
   5.000   1.0688   0.02102   0.00444  -0.1154   0.3176   0.3537  69.6696 237.0524
   5.000   1.0688   0.02102   0.00444  -0.1154   0.3176   0.3537  69.6696 237.0525
   5.000   1.0688   0.02102   0.00444  -0.1154   0.3176   0.3537  69.6696 237.0525
   5.000   1.0688   0.02102   0.00444  -0.1154   0.3176   0.3537  69.6696 237.0525
   5.000   1.0688   0.02102   0.00444  -0.1154   0.3176   0.3537  69.6696 237.0525
   6.000   1.1527   0.02281   0.00513  -0.1126   0.3062   0.3909  70.7956 239.2264
   6.000   1.1527   0.02281   0.00513  -0.1126   0.3062   0.3909  70.7956 239.2270
   6.000   1.1527   0.02281   0.00513  -0.1126   0.3062   0.3909  70.7956 239.2270
   6.000   1.1527   0.02281   0.00513  -0.1126   0.3062   0.3909  70.7956 239.2270
   6.000   1.1527   0.02281   0.00513  -0.1126   0.3062   0.3909  70.7956 239.2270
   7.000   1.2322   0.02499   0.00600  -0.1098   0.2955   0.4358  71.8844 241.6781
   7.000   1.2322   0.02499   0.00600  -0.1098   0.2955   0.4358  71.8844 241.6785
   7.000   1.2322   0.02499   0.00600  -0.1098   0.2955   0.4358  71.8844 241.6786
   7.000   1.2322   0.02499   0.00600  -0.1098   0.2955   0.4358  71.8844 241.6786
   7.000   1.2322   0.02499   0.00600  -0.1098   0.2955   0.4358  71.8844 241.6786
   8.000   1.3074   0.02759   0.00705  -0.1071   0.2853   0.4856  72.9576 244.3049
   8.000   1.3074   0.02759   0.00705  -0.1071   0.2853   0.4856  72.9576 244.3043
   8.000   1.3074   0.02759   0.00705  -0.1071   0.2853   0.4856  72.9576 244.3043
   8.000   1.3074   0.02759   0.00705  -0.1071   0.2853   0.4856  72.9576 244.3043
   8.000   1.3074   0.02759   0.00705  -0.1071   0.2853   0.4856  72.9576 244.3043
   9.000   1.3779   0.03064   0.00834  -0.1045   0.2755   0.5431  74.0209 247.3713
   9.000   1.3779   0.03064   0.00834  -0.1045   0.2755   0.5431  74.0209 247.3710
   9.000   1.3779   0.03064   0.00834  -0.1045   0.2755   0.5431  74.0209 247.3710
   9.000   1.3779   0.03064   0.00834  -0.1045   0.2755   0.5431  74.0209 247.3710
   9.000   1.3779   0.03064   0.00834  -0.1045   0.2755   0.5431  74.0209 247.3710
  10.000   1.4422   0.03429   0.01005  -0.1021   0.2661   0.6187  75.0638 251.5612
  10.000   1.4422   0.03429   0.01005  -0.1021   0.2661   0.6187  75.0638 251.5606
  10.000   1.4422   0.03429   0.01005  -0.1021   0.2661   0.6187  75.0638 251.5605
  10.000   1.4422   0.03429   0.01005  -0.1021   0.2661   0.6187  75.0638 251.5605
  10.000   1.4422   0.03429   0.01005  -0.1021   0.2661   0.6187  75.0638 251.5605
  11.000   1.5019   0.03847   0.01215  -0.1000   0.2573   0.7435  76.0805 259.3682
  11.000   1.5019   0.03847   0.01215  -0.1000   0.2573   0.7435  76.0805 259.3735
  11.000   1.5019   0.03847   0.01215  -0.1000   0.2573   0.7435  76.0805 259.3738
  11.000   1.5019   0.03847   0.01215  -0.1000   0.2573   0.7435  76.0805 259.3738
  11.000   1.5019   0.03847   0.01215  -0.1000   0.2573   0.7435  76.0805 259.3738
  12.000   1.5390   0.04251   0.01379  -0.0943   0.2494   1.0000  77.0232 300.0000
  12.000   1.5390   0.04251   0.01379  -0.0943   0.2494   1.0000  77.0232 300.0000
  12.000   1.5390   0.04251   0.01379  -0.0943   0.2494   1.0000  77.0232 300.0000
  12.000   1.5390   0.04251   0.01379  -0.0943   0.2494   1.0000  77.0232 300.0000
  12.000   1.5390   0.04251   0.01379  -0.0943   0.2494   1.0000  77.0232 300.0000
  14.000   1.6295   0.05491   0.01968  -0.0922   0.2338   1.0000  78.9758 300.0000
  14.000   1.6295   0.05491   0.01968  -0.0922   0.2338   1.0000  78.9759 300.0000
  14.000   1.6295   0.05491   0.01968  -0.0922   0.2338   1.0000  78.9759 300.0000
  14.000   1.6295   0.05491   0.01968  -0.0922   0.2338   1.0000  78.9759 300.0000
  14.000   1.6295   0.05491   0.01968  -0.0922   0.2338   1.0000  78.9759 300.0000
  15.000   1.6642   0.06249   0.02360  -0.0919   0.2263   1.0000  79.9554 300.0000
  15.000   1.6642   0.06249   0.02360  -0.0919   0.2263   1.0000  79.9554 300.0000
  15.000   1.6641   0.06249   0.02360  -0.0919   0.2263   1.0000  79.9554 300.0000
  15.000   1.6641   0.06249   0.02360  -0.0919   0.2263   1.0000  79.9554 300.0000
  15.000   1.6641   0.06249   0.02360  -0.0919   0.2263   1.0000  79.9554 300.0000
  16.000   1.6939   0.07082   0.02809  -0.0921   0.2191   1.0000  80.9416 300.0000
  16.000   1.6938   0.07082   0.02809  -0.0921   0.2191   1.0000  80.9416 300.0000
  16.000   1.6938   0.07082   0.02809  -0.0921   0.2191   1.0000  80.9416 300.0000
  16.000   1.6938   0.07082   0.02809  -0.0921   0.2191   1.0000  80.9416 300.0000
  16.000   1.6938   0.07082   0.02809  -0.0921   0.2191   1.0000  80.9416 300.0000
  17.000   1.7196   0.07973   0.03312  -0.0928   0.2120   1.0000  81.9323 300.0000
  17.000   1.7196   0.07973   0.03312  -0.0928   0.2120   1.0000  81.9323 300.0000
  17.000   1.7196   0.07973   0.03312  -0.0928   0.2120   1.0000  81.9323 300.0000
  17.000   1.7196   0.07973   0.03312  -0.0928   0.2120   1.0000  81.9323 300.0000
  17.000   1.7196   0.07973   0.03312  -0.0928   0.2120   1.0000  81.9323 300.0000
  18.000   1.7422   0.08909   0.03880  -0.0942   0.2051   1.0000  82.9270 300.0000
  18.000   1.7422   0.08910   0.03880  -0.0942   0.2051   1.0000  82.9270 300.0000
  18.000   1.7422   0.08910   0.03880  -0.0942   0.2051   1.0000  82.9270 300.0000
  18.000   1.7422   0.08910   0.03880  -0.0942   0.2051   1.0000  82.9270 300.0000
  18.000   1.7422   0.08910   0.03880  -0.0942   0.2051   1.0000  82.9270 300.0000
  19.000   1.7615   0.09889   0.04535  -0.0962   0.1983   1.0000  83.9268 300.0000
  19.000   1.7615   0.09889   0.04535  -0.0962   0.1983   1.0000  83.9268 300.0000
  19.000   1.7615   0.09889   0.04535  -0.0962   0.1983   1.0000  83.9268 300.0000
  19.000   1.7615   0.09889   0.04535  -0.0962   0.1983   1.0000  83.9268 300.0000
  19.000   1.7615   0.09889   0.04535  -0.0962   0.1983   1.0000  83.9268 300.0000
