  
       XFOIL         Version 6.99
  
 Calculated polar for: FX 69-PR-281                                    
  
 1 1 Reynolds number fixed          Mach number fixed         
  
 xtrf =   1.000 (top)        1.000 (bottom)  
 Mach =   0.000     Re =     0.525 e 6     Ncrit =   9.000  9.000
  
   alpha    CL        CD       CDp       CM     Top_Xtr  Bot_Xtr  Top_Itr  Bot_Itr
  ------ -------- --------- --------- -------- -------- -------- -------- --------
   0.000   0.6174   0.01442   0.00235  -0.1318   0.3936   0.2497  62.8346 229.1761
   0.000   0.6174   0.01442   0.00235  -0.1318   0.3936   0.2497  62.8347 229.1756
   0.000   0.6174   0.01442   0.00235  -0.1318   0.3936   0.2497  62.8347 229.1756
   0.000   0.6174   0.01442   0.00235  -0.1318   0.3936   0.2497  62.8347 229.1756
   0.000   0.6174   0.01442   0.00235  -0.1318   0.3936   0.2497  62.8347 229.1756
   1.000   0.7147   0.01509   0.00243  -0.1289   0.3678   0.2612  65.0661 230.2309
   1.000   0.7147   0.01509   0.00243  -0.1289   0.3678   0.2612  65.0657 230.2307
   1.000   0.7147   0.01509   0.00243  -0.1289   0.3678   0.2612  65.0657 230.2307
   1.000   0.7147   0.01509   0.00243  -0.1289   0.3678   0.2612  65.0657 230.2307
   1.000   0.7147   0.01509   0.00243  -0.1289   0.3678   0.2612  65.0657 230.2307
   2.000   0.8098   0.01593   0.00263  -0.1260   0.3474   0.2744  66.8865 231.3631
   2.000   0.8098   0.01593   0.00263  -0.1260   0.3474   0.2743  66.8865 231.3628
   2.000   0.8098   0.01593   0.00263  -0.1260   0.3474   0.2744  66.8865 231.3629
   2.000   0.8098   0.01593   0.00263  -0.1260   0.3474   0.2744  66.8865 231.3629
   2.000   0.8098   0.01593   0.00263  -0.1260   0.3474   0.2744  66.8865 231.3629
   3.000   0.9035   0.01692   0.00293  -0.1231   0.3313   0.2905  68.3710 232.6688
   3.000   0.9035   0.01692   0.00293  -0.1231   0.3313   0.2905  68.3710 232.6688
   3.000   0.9035   0.01692   0.00293  -0.1231   0.3313   0.2905  68.3710 232.6688
   3.000   0.9035   0.01692   0.00293  -0.1231   0.3313   0.2905  68.3710 232.6688
   3.000   0.9035   0.01692   0.00293  -0.1231   0.3313   0.2905  68.3710 232.6688
   4.000   0.9939   0.01813   0.00332  -0.1202   0.3177   0.3113  69.6627 234.2183
   4.000   0.9939   0.01813   0.00332  -0.1202   0.3177   0.3113  69.6627 234.2185
   4.000   0.9939   0.01813   0.00332  -0.1202   0.3177   0.3113  69.6627 234.2185
   4.000   0.9939   0.01813   0.00332  -0.1202   0.3177   0.3113  69.6627 234.2185
   4.000   0.9939   0.01813   0.00332  -0.1202   0.3177   0.3113  69.6627 234.2185
   5.000   1.0801   0.01966   0.00386  -0.1171   0.3060   0.3390  70.8212 236.1163
   5.000   1.0801   0.01966   0.00386  -0.1171   0.3060   0.3390  70.8212 236.1164
   5.000   1.0801   0.01966   0.00386  -0.1171   0.3060   0.3390  70.8212 236.1164
   5.000   1.0801   0.01966   0.00386  -0.1171   0.3060   0.3390  70.8212 236.1164
   5.000   1.0801   0.01966   0.00386  -0.1171   0.3060   0.3390  70.8212 236.1164
   6.000   1.1623   0.02155   0.00461  -0.1142   0.2952   0.3747  71.9166 238.3064
   6.000   1.1623   0.02155   0.00461  -0.1142   0.2952   0.3747  71.9166 238.3062
   6.000   1.1623   0.02155   0.00461  -0.1142   0.2952   0.3747  71.9166 238.3062
   6.000   1.1623   0.02155   0.00461  -0.1142   0.2952   0.3747  71.9166 238.3062
   6.000   1.1623   0.02155   0.00461  -0.1142   0.2952   0.3747  71.9166 238.3062
   8.000   1.3124   0.02668   0.00678  -0.1084   0.2753   0.4642  74.0424 243.1740
   8.000   1.3124   0.02668   0.00678  -0.1084   0.2753   0.4642  74.0424 243.1732
   8.000   1.3124   0.02668   0.00678  -0.1084   0.2753   0.4642  74.0424 243.1731
   8.000   1.3124   0.02668   0.00678  -0.1084   0.2753   0.4642  74.0424 243.1731
   8.000   1.3124   0.02668   0.00678  -0.1084   0.2753   0.4642  74.0424 243.1731
   9.000   1.3798   0.03004   0.00830  -0.1058   0.2659   0.5168  75.0875 245.9671
   9.000   1.3798   0.03004   0.00830  -0.1058   0.2659   0.5168  75.0875 245.9667
   9.000   1.3798   0.03004   0.00830  -0.1058   0.2659   0.5168  75.0875 245.9667
   9.000   1.3798   0.03004   0.00830  -0.1058   0.2659   0.5168  75.0875 245.9667
   9.000   1.3798   0.03004   0.00830  -0.1058   0.2659   0.5168  75.0875 245.9667
  10.000   1.4425   0.03402   0.01023  -0.1036   0.2570   0.5825  76.1222 249.5199
  10.000   1.4425   0.03402   0.01023  -0.1036   0.2570   0.5825  76.1222 249.5204
  10.000   1.4425   0.03402   0.01023  -0.1036   0.2570   0.5825  76.1222 249.5205
  10.000   1.4425   0.03402   0.01023  -0.1036   0.2570   0.5825  76.1222 249.5205
  10.000   1.4425   0.03402   0.01023  -0.1036   0.2570   0.5825  76.1222 249.5205
  11.000   1.5010   0.03869   0.01264  -0.1019   0.2484   0.6816  77.1441 255.3346
  11.000   1.5010   0.03869   0.01264  -0.1019   0.2484   0.6815  77.1441 255.3305
  11.000   1.5010   0.03869   0.01264  -0.1019   0.2484   0.6815  77.1441 255.3298
  11.000   1.5010   0.03869   0.01264  -0.1019   0.2484   0.6815  77.1441 255.3297
  11.000   1.5010   0.03869   0.01264  -0.1019   0.2484   0.6815  77.1441 255.3297
  12.000   1.5369   0.04339   0.01505  -0.0970   0.2406   1.0000  78.1083 300.0000
  12.000   1.5369   0.04339   0.01505  -0.0970   0.2406   1.0000  78.1083 300.0000
  12.000   1.5369   0.04339   0.01505  -0.0970   0.2406   1.0000  78.1083 300.0000
  12.000   1.5369   0.04339   0.01505  -0.0970   0.2406   1.0000  78.1083 300.0000
  12.000   1.5369   0.04339   0.01505  -0.0970   0.2406   1.0000  78.1083 300.0000
  13.000   1.5827   0.04975   0.01817  -0.0960   0.2327   1.0000  79.1107 300.0000
  13.000   1.5827   0.04975   0.01817  -0.0960   0.2327   1.0000  79.1107 300.0000
  13.000   1.5827   0.04975   0.01817  -0.0960   0.2327   1.0000  79.1107 300.0000
  13.000   1.5827   0.04975   0.01817  -0.0960   0.2327   1.0000  79.1107 300.0000
  13.000   1.5827   0.04975   0.01817  -0.0960   0.2327   1.0000  79.1107 300.0000
  14.000   1.6225   0.05689   0.02182  -0.0953   0.2252   1.0000  80.1076 300.0000
  14.000   1.6225   0.05689   0.02182  -0.0953   0.2252   1.0000  80.1077 300.0000
  14.000   1.6225   0.05689   0.02182  -0.0953   0.2252   1.0000  80.1077 300.0000
  14.000   1.6225   0.05689   0.02182  -0.0953   0.2252   1.0000  80.1077 300.0000
  14.000   1.6225   0.05689   0.02182  -0.0953   0.2252   1.0000  80.1077 300.0000
  15.000   1.6572   0.06475   0.02595  -0.0951   0.2179   1.0000  81.1009 300.0000
  15.000   1.6572   0.06475   0.02595  -0.0951   0.2179   1.0000  81.1009 300.0000
  15.000   1.6572   0.06475   0.02595  -0.0951   0.2179   1.0000  81.1009 300.0000
  15.000   1.6572   0.06475   0.02595  -0.0951   0.2179   1.0000  81.1009 300.0000
  15.000   1.6572   0.06475   0.02595  -0.0951   0.2179   1.0000  81.1009 300.0000
  16.000   1.6873   0.07323   0.03057  -0.0954   0.2108   1.0000  82.0950 300.0000
  16.000   1.6873   0.07323   0.03057  -0.0954   0.2108   1.0000  82.0950 300.0000
  16.000   1.6873   0.07323   0.03057  -0.0954   0.2108   1.0000  82.0950 300.0000
  16.000   1.6873   0.07323   0.03057  -0.0954   0.2108   1.0000  82.0950 300.0000
  16.000   1.6873   0.07323   0.03057  -0.0954   0.2108   1.0000  82.0950 300.0000
  17.000   1.7134   0.08227   0.03573  -0.0963   0.2039   1.0000  83.0944 300.0000
  17.000   1.7134   0.08228   0.03573  -0.0963   0.2039   1.0000  83.0944 300.0000
  17.000   1.7134   0.08228   0.03573  -0.0963   0.2039   1.0000  83.0944 300.0000
  17.000   1.7134   0.08228   0.03573  -0.0963   0.2039   1.0000  83.0944 300.0000
  17.000   1.7134   0.08228   0.03573  -0.0963   0.2039   1.0000  83.0944 300.0000
  18.000   1.7363   0.09176   0.04152  -0.0977   0.1972   1.0000  84.0939 300.0000
  18.000   1.7363   0.09176   0.04152  -0.0977   0.1972   1.0000  84.0939 300.0000
  18.000   1.7363   0.09176   0.04152  -0.0977   0.1972   1.0000  84.0939 300.0000
  18.000   1.7363   0.09176   0.04152  -0.0977   0.1972   1.0000  84.0939 300.0000
  18.000   1.7363   0.09176   0.04152  -0.0977   0.1972   1.0000  84.0939 300.0000
  19.000   1.7571   0.10151   0.04804  -0.0997   0.1907   1.0000  85.0874 300.0000
  19.000   1.7570   0.10151   0.04804  -0.0997   0.1907   1.0000  85.0874 300.0000
  19.000   1.7570   0.10150   0.04804  -0.0997   0.1907   1.0000  85.0874 300.0000
  19.000   1.7570   0.10150   0.04804  -0.0997   0.1907   1.0000  85.0874 300.0000
  19.000   1.7570   0.10150   0.04804  -0.0997   0.1907   1.0000  85.0874 300.0000
