  
       XFOIL         Version 6.99
  
 Calculated polar for: FX 69-PR-281                                    
  
 1 1 Reynolds number fixed          Mach number fixed         
  
 xtrf =   1.000 (top)        1.000 (bottom)  
 Mach =   0.000     Re =     0.500 e 6     Ncrit =   9.000  9.000
  
   alpha    CL        CD       CDp       CM     Top_Xtr  Bot_Xtr  Top_Itr  Bot_Itr
  ------ -------- --------- --------- -------- -------- -------- -------- --------
   0.000   0.6159   0.01463   0.00246  -0.1316   0.3967   0.2513  62.5793 229.3282
   0.000   0.6159   0.01463   0.00246  -0.1316   0.3967   0.2513  62.5794 229.3270
   0.000   0.6159   0.01463   0.00246  -0.1316   0.3967   0.2513  62.5794 229.3270
   0.000   0.6159   0.01463   0.00246  -0.1316   0.3967   0.2513  62.5794 229.3270
   0.000   0.6159   0.01463   0.00246  -0.1316   0.3967   0.2513  62.5794 229.3270
   1.000   0.7128   0.01529   0.00253  -0.1286   0.3705   0.2630  64.8280 230.3875
   1.000   0.7128   0.01529   0.00253  -0.1286   0.3705   0.2630  64.8282 230.3878
   1.000   0.7128   0.01529   0.00253  -0.1286   0.3705   0.2630  64.8282 230.3878
   1.000   0.7128   0.01529   0.00253  -0.1286   0.3705   0.2630  64.8282 230.3878
   1.000   0.7128   0.01529   0.00253  -0.1286   0.3705   0.2630  64.8282 230.3878
   2.000   0.8079   0.01613   0.00272  -0.1256   0.3499   0.2764  66.6660 231.5303
   2.000   0.8079   0.01613   0.00272  -0.1256   0.3499   0.2764  66.6660 231.5291
   2.000   0.8079   0.01613   0.00272  -0.1256   0.3499   0.2764  66.6660 231.5291
   2.000   0.8079   0.01613   0.00272  -0.1256   0.3499   0.2764  66.6660 231.5291
   2.000   0.8079   0.01613   0.00272  -0.1256   0.3499   0.2764  66.6660 231.5291
   3.000   0.8996   0.01721   0.00302  -0.1225   0.3337   0.2926  68.1398 232.8339
   3.000   0.8996   0.01721   0.00302  -0.1225   0.3337   0.2926  68.1398 232.8330
   3.000   0.8996   0.01721   0.00302  -0.1225   0.3337   0.2926  68.1398 232.8330
   3.000   0.8996   0.01721   0.00302  -0.1225   0.3337   0.2926  68.1398 232.8330
   3.000   0.8996   0.01721   0.00302  -0.1225   0.3337   0.2926  68.1398 232.8330
   4.000   0.9910   0.01837   0.00343  -0.1197   0.3199   0.3135  69.4486 234.3795
   4.000   0.9910   0.01837   0.00343  -0.1197   0.3199   0.3135  69.4486 234.3782
   4.000   0.9910   0.01837   0.00343  -0.1197   0.3199   0.3135  69.4486 234.3782
   4.000   0.9910   0.01837   0.00343  -0.1197   0.3199   0.3135  69.4486 234.3782
   4.000   0.9910   0.01837   0.00343  -0.1197   0.3199   0.3135  69.4486 234.3782
   5.000   1.0777   0.01988   0.00397  -0.1168   0.3079   0.3414  70.6247 236.2704
   5.000   1.0777   0.01988   0.00397  -0.1168   0.3079   0.3414  70.6248 236.2721
   5.000   1.0777   0.01988   0.00397  -0.1168   0.3079   0.3414  70.6248 236.2724
   5.000   1.0777   0.01988   0.00397  -0.1168   0.3079   0.3414  70.6248 236.2724
   5.000   1.0777   0.01988   0.00397  -0.1168   0.3079   0.3414  70.6248 236.2724
   6.000   1.1601   0.02175   0.00471  -0.1139   0.2970   0.3775  71.7299 238.4659
   6.000   1.1601   0.02175   0.00471  -0.1139   0.2970   0.3775  71.7299 238.4656
   6.000   1.1601   0.02175   0.00471  -0.1139   0.2970   0.3775  71.7299 238.4656
   6.000   1.1601   0.02175   0.00471  -0.1139   0.2970   0.3775  71.7299 238.4656
   6.000   1.1601   0.02175   0.00471  -0.1139   0.2970   0.3775  71.7299 238.4656
   7.000   1.2376   0.02407   0.00566  -0.1109   0.2868   0.4202  72.8029 240.8392
   7.000   1.2376   0.02407   0.00566  -0.1109   0.2868   0.4202  72.8029 240.8400
   7.000   1.2376   0.02407   0.00566  -0.1109   0.2868   0.4202  72.8029 240.8400
   7.000   1.2376   0.02407   0.00566  -0.1109   0.2868   0.4202  72.8029 240.8400
   7.000   1.2376   0.02407   0.00566  -0.1109   0.2868   0.4202  72.8029 240.8400
   8.000   1.3100   0.02688   0.00688  -0.1081   0.2769   0.4677  73.8628 243.3586
   8.000   1.3100   0.02688   0.00688  -0.1081   0.2769   0.4677  73.8628 243.3578
   8.000   1.3100   0.02688   0.00688  -0.1081   0.2769   0.4677  73.8628 243.3578
   8.000   1.3100   0.02688   0.00688  -0.1081   0.2769   0.4677  73.8628 243.3578
   8.000   1.3100   0.02688   0.00688  -0.1081   0.2769   0.4677  73.8628 243.3578
   9.000   1.3776   0.03021   0.00837  -0.1054   0.2675   0.5208  74.9077 246.1784
   9.000   1.3776   0.03021   0.00837  -0.1054   0.2675   0.5208  74.9077 246.1798
   9.000   1.3776   0.03021   0.00837  -0.1054   0.2675   0.5208  74.9077 246.1801
   9.000   1.3776   0.03021   0.00837  -0.1054   0.2675   0.5208  74.9077 246.1802
   9.000   1.3776   0.03021   0.00837  -0.1054   0.2675   0.5208  74.9077 246.1802
  10.000   1.4409   0.03413   0.01023  -0.1032   0.2585   0.5886  75.9394 249.8581
  10.000   1.4409   0.03413   0.01023  -0.1032   0.2585   0.5886  75.9394 249.8564
  10.000   1.4409   0.03413   0.01023  -0.1032   0.2585   0.5886  75.9394 249.8561
  10.000   1.4409   0.03413   0.01023  -0.1032   0.2585   0.5886  75.9394 249.8561
  10.000   1.4409   0.03413   0.01023  -0.1032   0.2585   0.5886  75.9394 249.8561
  11.000   1.5001   0.03869   0.01255  -0.1015   0.2499   0.6915  76.9569 255.9480
  11.000   1.5001   0.03869   0.01255  -0.1015   0.2499   0.6915  76.9569 255.9476
  11.000   1.5001   0.03869   0.01255  -0.1015   0.2499   0.6915  76.9569 255.9470
  11.000   1.5001   0.03869   0.01255  -0.1015   0.2499   0.6915  76.9569 255.9470
  11.000   1.5001   0.03869   0.01255  -0.1015   0.2499   0.6915  76.9569 255.9469
  12.000   1.5351   0.04338   0.01493  -0.0964   0.2421   1.0000  77.9235 300.0000
  12.000   1.5351   0.04338   0.01493  -0.0964   0.2421   1.0000  77.9234 300.0000
  12.000   1.5351   0.04338   0.01493  -0.0964   0.2421   1.0000  77.9234 300.0000
  12.000   1.5351   0.04338   0.01493  -0.0964   0.2421   1.0000  77.9234 300.0000
  12.000   1.5351   0.04338   0.01493  -0.0964   0.2421   1.0000  77.9234 300.0000
  13.000   1.5813   0.04966   0.01801  -0.0954   0.2342   1.0000  78.9217 300.0000
  13.000   1.5813   0.04966   0.01801  -0.0954   0.2342   1.0000  78.9218 300.0000
  13.000   1.5813   0.04966   0.01801  -0.0954   0.2342   1.0000  78.9218 300.0000
  13.000   1.5813   0.04966   0.01801  -0.0954   0.2342   1.0000  78.9218 300.0000
  13.000   1.5813   0.04966   0.01801  -0.0954   0.2342   1.0000  78.9218 300.0000
  14.000   1.6214   0.05676   0.02162  -0.0948   0.2266   1.0000  79.9154 300.0000
  14.000   1.6214   0.05675   0.02162  -0.0948   0.2266   1.0000  79.9153 300.0000
  14.000   1.6214   0.05675   0.02162  -0.0948   0.2266   1.0000  79.9153 300.0000
  14.000   1.6214   0.05675   0.02162  -0.0948   0.2266   1.0000  79.9153 300.0000
  14.000   1.6214   0.05675   0.02162  -0.0948   0.2266   1.0000  79.9153 300.0000
  15.000   1.6561   0.06459   0.02574  -0.0946   0.2193   1.0000  80.9075 300.0000
  15.000   1.6561   0.06459   0.02574  -0.0946   0.2193   1.0000  80.9075 300.0000
  15.000   1.6561   0.06459   0.02574  -0.0946   0.2193   1.0000  80.9075 300.0000
  15.000   1.6561   0.06459   0.02574  -0.0946   0.2193   1.0000  80.9075 300.0000
  15.000   1.6561   0.06459   0.02574  -0.0946   0.2193   1.0000  80.9075 300.0000
  16.000   1.6861   0.07308   0.03037  -0.0949   0.2122   1.0000  81.9025 300.0000
  16.000   1.6861   0.07307   0.03037  -0.0949   0.2122   1.0000  81.9025 300.0000
  16.000   1.6861   0.07307   0.03037  -0.0949   0.2122   1.0000  81.9025 300.0000
  16.000   1.6861   0.07307   0.03037  -0.0949   0.2122   1.0000  81.9025 300.0000
  16.000   1.6861   0.07307   0.03037  -0.0949   0.2122   1.0000  81.9025 300.0000
  17.000   1.7123   0.08209   0.03551  -0.0957   0.2053   1.0000  82.9024 300.0000
  17.000   1.7123   0.08209   0.03551  -0.0957   0.2053   1.0000  82.9024 300.0000
  17.000   1.7123   0.08209   0.03551  -0.0957   0.2053   1.0000  82.9024 300.0000
  17.000   1.7123   0.08210   0.03551  -0.0957   0.2053   1.0000  82.9024 300.0000
  17.000   1.7123   0.08210   0.03551  -0.0957   0.2053   1.0000  82.9024 300.0000
  18.000   1.7354   0.09156   0.04129  -0.0972   0.1985   1.0000  83.9016 300.0000
  18.000   1.7353   0.09155   0.04129  -0.0972   0.1985   1.0000  83.9017 300.0000
  18.000   1.7353   0.09155   0.04129  -0.0972   0.1985   1.0000  83.9017 300.0000
  18.000   1.7353   0.09155   0.04129  -0.0972   0.1985   1.0000  83.9017 300.0000
  18.000   1.7353   0.09155   0.04129  -0.0972   0.1985   1.0000  83.9017 300.0000
  19.000   1.7557   0.10134   0.04786  -0.0992   0.1919   1.0000  84.8987 300.0000
  19.000   1.7557   0.10134   0.04786  -0.0992   0.1919   1.0000  84.8987 300.0000
  19.000   1.7557   0.10133   0.04786  -0.0992   0.1919   1.0000  84.8987 300.0000
  19.000   1.7557   0.10133   0.04786  -0.0992   0.1919   1.0000  84.8987 300.0000
  19.000   1.7557   0.10133   0.04786  -0.0992   0.1919   1.0000  84.8987 300.0000
