  
       XFOIL         Version 6.99
  
 Calculated polar for: FX 69-PR-281                                    
  
 1 1 Reynolds number fixed          Mach number fixed         
  
 xtrf =   1.000 (top)        1.000 (bottom)  
 Mach =   0.000     Re =     0.375 e 6     Ncrit =   9.000  9.000
  
   alpha    CL        CD       CDp       CM     Top_Xtr  Bot_Xtr  Top_Itr  Bot_Itr
  ------ -------- --------- --------- -------- -------- -------- -------- --------
   0.000   0.6085   0.01618   0.00325  -0.1302   0.4154   0.2623  61.0280 230.3234
   0.000   0.6085   0.01618   0.00325  -0.1302   0.4154   0.2623  61.0279 230.3233
   0.000   0.6085   0.01618   0.00325  -0.1302   0.4154   0.2623  61.0279 230.3233
   0.000   0.6085   0.01618   0.00325  -0.1302   0.4154   0.2623  61.0279 230.3233
   0.000   0.6085   0.01618   0.00325  -0.1302   0.4154   0.2623  61.0279 230.3233
   1.000   0.7032   0.01674   0.00324  -0.1269   0.3881   0.2748  63.3032 231.3995
   1.000   0.7032   0.01674   0.00324  -0.1269   0.3881   0.2748  63.3032 231.3995
   1.000   0.7032   0.01674   0.00324  -0.1269   0.3881   0.2748  63.3032 231.3995
   1.000   0.7032   0.01674   0.00324  -0.1269   0.3881   0.2748  63.3032 231.3995
   1.000   0.7032   0.01674   0.00324  -0.1269   0.3881   0.2748  63.3032 231.3995
   2.000   0.7970   0.01758   0.00338  -0.1238   0.3661   0.2891  65.2164 232.5581
   2.000   0.7970   0.01758   0.00338  -0.1238   0.3661   0.2891  65.2164 232.5583
   2.000   0.7970   0.01758   0.00338  -0.1238   0.3661   0.2891  65.2164 232.5583
   2.000   0.7970   0.01758   0.00338  -0.1238   0.3661   0.2891  65.2164 232.5583
   2.000   0.7970   0.01758   0.00338  -0.1238   0.3661   0.2891  65.2164 232.5583
   3.000   0.8894   0.01864   0.00364  -0.1208   0.3482   0.3066  66.8114 233.8824
   3.000   0.8894   0.01864   0.00364  -0.1208   0.3482   0.3066  66.8114 233.8824
   3.000   0.8894   0.01864   0.00364  -0.1208   0.3482   0.3066  66.8114 233.8824
   3.000   0.8894   0.01864   0.00364  -0.1208   0.3482   0.3066  66.8114 233.8824
   3.000   0.8894   0.01864   0.00364  -0.1208   0.3482   0.3066  66.8114 233.8824
   4.000   0.9810   0.01987   0.00405  -0.1181   0.3336   0.3284  68.1504 235.4129
   4.000   0.9810   0.01987   0.00405  -0.1181   0.3336   0.3284  68.1504 235.4131
   4.000   0.9810   0.01987   0.00405  -0.1181   0.3336   0.3284  68.1504 235.4131
   4.000   0.9810   0.01987   0.00405  -0.1181   0.3336   0.3284  68.1504 235.4131
   4.000   0.9810   0.01987   0.00405  -0.1181   0.3336   0.3284  68.1504 235.4131
   5.000   1.0688   0.02133   0.00460  -0.1153   0.3206   0.3574  69.3821 237.2798
   5.000   1.0688   0.02133   0.00460  -0.1153   0.3206   0.3574  69.3821 237.2796
   5.000   1.0688   0.02133   0.00460  -0.1153   0.3206   0.3574  69.3821 237.2796
   5.000   1.0688   0.02133   0.00460  -0.1153   0.3206   0.3574  69.3821 237.2796
   5.000   1.0688   0.02133   0.00460  -0.1153   0.3206   0.3574  69.3821 237.2796
   6.000   1.1528   0.02310   0.00529  -0.1125   0.3089   0.3952  70.5305 239.4681
   6.000   1.1528   0.02310   0.00529  -0.1125   0.3089   0.3952  70.5305 239.4679
   6.000   1.1528   0.02310   0.00529  -0.1125   0.3089   0.3952  70.5305 239.4679
   6.000   1.1528   0.02310   0.00529  -0.1125   0.3089   0.3952  70.5305 239.4679
   6.000   1.1528   0.02310   0.00529  -0.1125   0.3089   0.3952  70.5305 239.4679
   7.000   1.2316   0.02527   0.00615  -0.1096   0.2980   0.4409  71.6343 241.9485
   7.000   1.2316   0.02527   0.00615  -0.1096   0.2980   0.4409  71.6343 241.9482
   7.000   1.2316   0.02527   0.00615  -0.1096   0.2980   0.4409  71.6343 241.9482
   7.000   1.2316   0.02527   0.00615  -0.1096   0.2980   0.4409  71.6343 241.9482
   7.000   1.2316   0.02527   0.00615  -0.1096   0.2980   0.4409  71.6343 241.9482
   8.000   1.3059   0.02788   0.00725  -0.1068   0.2876   0.4911  72.7163 244.5956
   8.000   1.3059   0.02788   0.00725  -0.1068   0.2876   0.4911  72.7163 244.5962
   8.000   1.3059   0.02788   0.00725  -0.1068   0.2876   0.4911  72.7163 244.5962
   8.000   1.3059   0.02788   0.00725  -0.1068   0.2876   0.4911  72.7163 244.5962
   8.000   1.3059   0.02788   0.00725  -0.1068   0.2876   0.4911  72.7163 244.5962
   9.000   1.3755   0.03095   0.00857  -0.1041   0.2777   0.5497  73.7823 247.7286
   9.000   1.3755   0.03095   0.00857  -0.1041   0.2777   0.5498  73.7823 247.7306
   9.000   1.3755   0.03095   0.00857  -0.1041   0.2777   0.5498  73.7823 247.7308
   9.000   1.3755   0.03095   0.00857  -0.1041   0.2777   0.5498  73.7823 247.7308
   9.000   1.3755   0.03095   0.00857  -0.1041   0.2777   0.5498  73.7823 247.7308
  10.000   1.4409   0.03452   0.01020  -0.1018   0.2683   0.6277  74.8244 252.0802
  10.000   1.4409   0.03452   0.01020  -0.1018   0.2683   0.6277  74.8244 252.0805
  10.000   1.4409   0.03452   0.01020  -0.1018   0.2683   0.6277  74.8244 252.0805
  10.000   1.4409   0.03452   0.01020  -0.1018   0.2683   0.6277  74.8244 252.0806
  10.000   1.4409   0.03452   0.01020  -0.1018   0.2683   0.6277  74.8244 252.0806
  11.000   1.5008   0.03857   0.01223  -0.0995   0.2594   0.7600  75.8389 260.5433
  11.000   1.5008   0.03857   0.01223  -0.0995   0.2594   0.7601  75.8389 260.5486
  11.000   1.5008   0.03857   0.01223  -0.0995   0.2594   0.7601  75.8389 260.5492
  11.000   1.5008   0.03857   0.01223  -0.0995   0.2594   0.7601  75.8389 260.5492
  11.000   1.5008   0.03857   0.01223  -0.0995   0.2594   0.7601  75.8389 260.5493
  12.000   1.5345   0.04284   0.01402  -0.0937   0.2513   1.0000  76.7943 300.0000
  12.000   1.5345   0.04284   0.01402  -0.0937   0.2513   1.0000  76.7943 300.0000
  12.000   1.5345   0.04284   0.01402  -0.0937   0.2513   1.0000  76.7942 300.0000
  12.000   1.5345   0.04284   0.01402  -0.0937   0.2513   1.0000  76.7942 300.0000
  12.000   1.5345   0.04284   0.01402  -0.0937   0.2513   1.0000  76.7942 300.0000
  13.000   1.5823   0.04868   0.01674  -0.0924   0.2432   1.0000  77.7776 300.0000
  13.000   1.5823   0.04868   0.01673  -0.0924   0.2432   1.0000  77.7776 300.0000
  13.000   1.5823   0.04868   0.01673  -0.0924   0.2432   1.0000  77.7776 300.0000
  13.000   1.5823   0.04868   0.01673  -0.0924   0.2432   1.0000  77.7776 300.0000
  13.000   1.5823   0.04868   0.01673  -0.0924   0.2432   1.0000  77.7776 300.0000
  14.000   1.6229   0.05540   0.02005  -0.0915   0.2355   1.0000  78.7534 300.0000
  14.000   1.6229   0.05540   0.02005  -0.0915   0.2355   1.0000  78.7534 300.0000
  14.000   1.6229   0.05540   0.02005  -0.0915   0.2355   1.0000  78.7534 300.0000
  14.000   1.6229   0.05540   0.02005  -0.0915   0.2355   1.0000  78.7534 300.0000
  14.000   1.6229   0.05540   0.02005  -0.0915   0.2355   1.0000  78.7534 300.0000
  15.000   1.6568   0.06304   0.02404  -0.0911   0.2280   1.0000  79.7316 300.0000
  15.000   1.6568   0.06304   0.02404  -0.0911   0.2280   1.0000  79.7316 300.0000
  15.000   1.6568   0.06304   0.02404  -0.0911   0.2280   1.0000  79.7316 300.0000
  15.000   1.6568   0.06304   0.02404  -0.0911   0.2280   1.0000  79.7316 300.0000
  15.000   1.6568   0.06304   0.02404  -0.0911   0.2280   1.0000  79.7316 300.0000
  16.000   1.6846   0.07157   0.02873  -0.0914   0.2207   1.0000  80.7173 300.0000
  16.000   1.6846   0.07157   0.02873  -0.0914   0.2207   1.0000  80.7173 300.0000
  16.000   1.6846   0.07157   0.02873  -0.0914   0.2207   1.0000  80.7173 300.0000
  16.000   1.6846   0.07157   0.02873  -0.0914   0.2207   1.0000  80.7173 300.0000
  16.000   1.6846   0.07157   0.02873  -0.0914   0.2207   1.0000  80.7173 300.0000
  17.000   1.7071   0.08088   0.03419  -0.0922   0.2136   1.0000  81.7123 300.0000
  17.000   1.7070   0.08088   0.03419  -0.0922   0.2136   1.0000  81.7123 300.0000
  17.000   1.7070   0.08088   0.03419  -0.0922   0.2136   1.0000  81.7123 300.0000
  17.000   1.7070   0.08088   0.03419  -0.0922   0.2136   1.0000  81.7123 300.0000
  17.000   1.7070   0.08088   0.03419  -0.0922   0.2136   1.0000  81.7123 300.0000
  18.000   1.7249   0.09086   0.04057  -0.0938   0.2065   1.0000  82.7193 300.0000
  18.000   1.7249   0.09085   0.04057  -0.0938   0.2065   1.0000  82.7193 300.0000
  18.000   1.7249   0.09085   0.04057  -0.0938   0.2065   1.0000  82.7193 300.0000
  18.000   1.7249   0.09085   0.04057  -0.0938   0.2065   1.0000  82.7193 300.0000
  18.000   1.7249   0.09085   0.04057  -0.0938   0.2065   1.0000  82.7193 300.0000
  19.000   1.7385   0.10142   0.04816  -0.0962   0.1996   1.0000  83.7402 300.0000
  19.000   1.7384   0.10141   0.04816  -0.0962   0.1996   1.0000  83.7402 300.0000
  19.000   1.7384   0.10141   0.04816  -0.0962   0.1996   1.0000  83.7402 300.0000
  19.000   1.7384   0.10141   0.04816  -0.0962   0.1996   1.0000  83.7402 300.0000
  19.000   1.7384   0.10141   0.04816  -0.0962   0.1996   1.0000  83.7402 300.0000
