  
       XFOIL         Version 6.99
  
 Calculated polar for: FX 69-PR-281                                    
  
 1 1 Reynolds number fixed          Mach number fixed         
  
 xtrf =   1.000 (top)        1.000 (bottom)  
 Mach =   0.000     Re =     0.325 e 6     Ncrit =   9.000  9.000
  
   alpha    CL        CD       CDp       CM     Top_Xtr  Bot_Xtr  Top_Itr  Bot_Itr
  ------ -------- --------- --------- -------- -------- -------- -------- --------
   0.000   0.6102   0.01713   0.00381  -0.1305   0.4241   0.2689  60.3243 230.9047
   0.000   0.6102   0.01713   0.00381  -0.1305   0.4241   0.2689  60.3243 230.9046
   0.000   0.6102   0.01713   0.00381  -0.1305   0.4241   0.2689  60.3243 230.9046
   0.000   0.6102   0.01713   0.00381  -0.1305   0.4241   0.2689  60.3243 230.9046
   0.000   0.6102   0.01713   0.00381  -0.1305   0.4241   0.2689  60.3243 230.9046
   1.000   0.7021   0.01763   0.00368  -0.1267   0.3969   0.2818  62.5558 231.9787
   1.000   0.7021   0.01763   0.00368  -0.1267   0.3969   0.2818  62.5558 231.9788
   1.000   0.7021   0.01763   0.00368  -0.1267   0.3969   0.2818  62.5558 231.9788
   1.000   0.7021   0.01763   0.00368  -0.1267   0.3969   0.2818  62.5558 231.9788
   1.000   0.7021   0.01763   0.00368  -0.1267   0.3969   0.2818  62.5558 231.9788
   2.000   0.7960   0.01838   0.00380  -0.1236   0.3743   0.2965  64.4930 233.1318
   2.000   0.7960   0.01838   0.00380  -0.1236   0.3743   0.2965  64.4930 233.1318
   2.000   0.7960   0.01838   0.00380  -0.1236   0.3743   0.2965  64.4930 233.1318
   2.000   0.7960   0.01838   0.00380  -0.1236   0.3743   0.2965  64.4930 233.1318
   2.000   0.7960   0.01838   0.00380  -0.1236   0.3743   0.2965  64.4930 233.1318
   3.000   0.8898   0.01941   0.00404  -0.1208   0.3562   0.3143  66.0911 234.4314
   3.000   0.8898   0.01941   0.00404  -0.1208   0.3562   0.3143  66.0911 234.4318
   3.000   0.8898   0.01941   0.00404  -0.1208   0.3562   0.3143  66.0911 234.4318
   3.000   0.8898   0.01941   0.00404  -0.1208   0.3562   0.3143  66.0911 234.4318
   3.000   0.8898   0.01941   0.00404  -0.1208   0.3562   0.3143  66.0911 234.4318
   5.000   1.0707   0.02206   0.00494  -0.1154   0.3273   0.3670  68.7466 237.8547
   5.000   1.0707   0.02206   0.00494  -0.1154   0.3273   0.3670  68.7466 237.8567
   5.000   1.0707   0.02206   0.00494  -0.1154   0.3273   0.3670  68.7466 237.8568
   5.000   1.0707   0.02206   0.00494  -0.1154   0.3273   0.3670  68.7466 237.8568
   5.000   1.0707   0.02206   0.00494  -0.1154   0.3273   0.3670  68.7466 237.8568
   6.000   1.1581   0.02372   0.00553  -0.1129   0.3153   0.4062  69.8909 240.0782
   6.000   1.1581   0.02372   0.00553  -0.1129   0.3153   0.4062  69.8909 240.0783
   6.000   1.1581   0.02372   0.00553  -0.1129   0.3153   0.4062  69.8909 240.0783
   6.000   1.1581   0.02372   0.00553  -0.1129   0.3153   0.4062  69.8909 240.0783
   6.000   1.1581   0.02372   0.00553  -0.1129   0.3153   0.4062  69.8909 240.0783
   8.000   1.3162   0.02817   0.00728  -0.1073   0.2935   0.5055  72.0899 245.3613
   8.000   1.3162   0.02817   0.00728  -0.1073   0.2935   0.5055  72.0899 245.3622
   8.000   1.3162   0.02817   0.00728  -0.1073   0.2935   0.5055  72.0899 245.3623
   8.000   1.3162   0.02817   0.00728  -0.1073   0.2935   0.5055  72.0899 245.3623
   8.000   1.3162   0.02817   0.00728  -0.1073   0.2935   0.5055  72.0899 245.3623
  10.000   1.4492   0.03457   0.01014  -0.1016   0.2736   0.6507  74.2283 253.4530
  10.000   1.4492   0.03457   0.01014  -0.1016   0.2736   0.6507  74.2283 253.4542
  10.000   1.4492   0.03457   0.01014  -0.1016   0.2736   0.6507  74.2283 253.4544
  10.000   1.4492   0.03457   0.01014  -0.1016   0.2736   0.6507  74.2283 253.4544
  10.000   1.4492   0.03457   0.01014  -0.1016   0.2736   0.6507  74.2283 253.4544
  11.000   1.5057   0.03832   0.01199  -0.0983   0.2646   0.8098  75.2384 264.3943
  11.000   1.5057   0.03832   0.01199  -0.0983   0.2646   0.8098  75.2384 264.3932
  11.000   1.5057   0.03832   0.01199  -0.0983   0.2646   0.8098  75.2384 264.3930
  11.000   1.5057   0.03832   0.01199  -0.0983   0.2646   0.8098  75.2384 264.3930
  11.000   1.5057   0.03832   0.01199  -0.0983   0.2646   0.8098  75.2384 264.3930
  12.000   1.5436   0.04229   0.01336  -0.0927   0.2565   1.0000  76.1814 300.0000
  12.000   1.5436   0.04229   0.01336  -0.0927   0.2565   1.0000  76.1814 300.0000
  12.000   1.5436   0.04229   0.01336  -0.0927   0.2565   1.0000  76.1814 300.0000
  12.000   1.5436   0.04229   0.01336  -0.0927   0.2565   1.0000  76.1814 300.0000
  12.000   1.5436   0.04229   0.01336  -0.0927   0.2565   1.0000  76.1814 300.0000
  13.000   1.5935   0.04773   0.01573  -0.0913   0.2483   1.0000  77.1514 300.0000
  13.000   1.5935   0.04773   0.01573  -0.0913   0.2483   1.0000  77.1514 300.0000
  13.000   1.5935   0.04773   0.01573  -0.0913   0.2483   1.0000  77.1514 300.0000
  13.000   1.5935   0.04773   0.01573  -0.0913   0.2483   1.0000  77.1514 300.0000
  13.000   1.5935   0.04773   0.01573  -0.0913   0.2483   1.0000  77.1514 300.0000
  14.000   1.6373   0.05387   0.01855  -0.0901   0.2406   1.0000  78.1064 300.0000
  14.000   1.6373   0.05387   0.01855  -0.0901   0.2406   1.0000  78.1063 300.0000
  14.000   1.6373   0.05387   0.01855  -0.0901   0.2406   1.0000  78.1063 300.0000
  14.000   1.6373   0.05387   0.01855  -0.0901   0.2406   1.0000  78.1063 300.0000
  14.000   1.6373   0.05387   0.01855  -0.0901   0.2406   1.0000  78.1063 300.0000
  15.000   1.6755   0.06077   0.02187  -0.0895   0.2331   1.0000  79.0571 300.0000
  15.000   1.6755   0.06077   0.02187  -0.0895   0.2331   1.0000  79.0571 300.0000
  15.000   1.6755   0.06077   0.02187  -0.0895   0.2331   1.0000  79.0571 300.0000
  15.000   1.6755   0.06077   0.02187  -0.0895   0.2331   1.0000  79.0571 300.0000
  15.000   1.6755   0.06077   0.02187  -0.0895   0.2331   1.0000  79.0571 300.0000
  16.000   1.7088   0.06837   0.02569  -0.0893   0.2259   1.0000  80.0104 300.0000
  16.000   1.7088   0.06837   0.02569  -0.0893   0.2259   1.0000  80.0104 300.0000
  16.000   1.7088   0.06837   0.02569  -0.0893   0.2259   1.0000  80.0104 300.0000
  16.000   1.7088   0.06837   0.02569  -0.0893   0.2259   1.0000  80.0104 300.0000
  16.000   1.7088   0.06837   0.02569  -0.0893   0.2259   1.0000  80.0104 300.0000
  17.000   1.7309   0.07739   0.03081  -0.0899   0.2187   1.0000  80.9889 300.0000
  17.000   1.7309   0.07739   0.03081  -0.0899   0.2187   1.0000  80.9889 300.0000
  17.000   1.7309   0.07739   0.03081  -0.0899   0.2187   1.0000  80.9889 300.0000
  17.000   1.7309   0.07739   0.03081  -0.0899   0.2187   1.0000  80.9889 300.0000
  17.000   1.7309   0.07739   0.03081  -0.0899   0.2187   1.0000  80.9889 300.0000
  18.000   1.7471   0.08729   0.03699  -0.0913   0.2116   1.0000  81.9849 300.0000
  18.000   1.7470   0.08729   0.03699  -0.0913   0.2116   1.0000  81.9850 300.0000
  18.000   1.7470   0.08729   0.03699  -0.0913   0.2116   1.0000  81.9850 300.0000
  18.000   1.7470   0.08729   0.03699  -0.0913   0.2116   1.0000  81.9850 300.0000
  18.000   1.7470   0.08729   0.03699  -0.0913   0.2116   1.0000  81.9850 300.0000
  19.000   1.7602   0.09767   0.04420  -0.0934   0.2046   1.0000  82.9927 300.0000
  19.000   1.7602   0.09767   0.04420  -0.0934   0.2046   1.0000  82.9927 300.0000
  19.000   1.7602   0.09767   0.04420  -0.0934   0.2046   1.0000  82.9927 300.0000
  19.000   1.7602   0.09767   0.04420  -0.0934   0.2046   1.0000  82.9927 300.0000
  19.000   1.7602   0.09767   0.04420  -0.0934   0.2046   1.0000  82.9927 300.0000
