  
       XFOIL         Version 6.99
  
 Calculated polar for: FX 69-PR-281                                    
  
 1 1 Reynolds number fixed          Mach number fixed         
  
 xtrf =   1.000 (top)        1.000 (bottom)  
 Mach =   0.000     Re =     0.475 e 6     Ncrit =   9.000  9.000
  
   alpha    CL        CD       CDp       CM     Top_Xtr  Bot_Xtr  Top_Itr  Bot_Itr
  ------ -------- --------- --------- -------- -------- -------- -------- --------
   0.000   0.6137   0.01489   0.00259  -0.1312   0.4000   0.2531  62.2954 229.4956
   0.000   0.6137   0.01489   0.00259  -0.1312   0.4001   0.2531  62.2917 229.4947
   0.000   0.6137   0.01489   0.00259  -0.1312   0.4001   0.2531  62.2917 229.4946
   0.000   0.6137   0.01489   0.00259  -0.1312   0.4001   0.2531  62.2917 229.4946
   0.000   0.6137   0.01489   0.00259  -0.1312   0.4001   0.2531  62.2917 229.4946
   1.000   0.7108   0.01552   0.00264  -0.1282   0.3735   0.2650  64.5654 230.5639
   1.000   0.7108   0.01552   0.00264  -0.1282   0.3735   0.2650  64.5654 230.5642
   1.000   0.7108   0.01552   0.00264  -0.1282   0.3735   0.2650  64.5654 230.5642
   1.000   0.7108   0.01552   0.00264  -0.1282   0.3735   0.2650  64.5654 230.5642
   1.000   0.7108   0.01552   0.00264  -0.1282   0.3735   0.2650  64.5654 230.5642
   2.000   0.8053   0.01638   0.00282  -0.1252   0.3527   0.2785  66.4132 231.7113
   2.000   0.8053   0.01638   0.00282  -0.1252   0.3527   0.2786  66.4132 231.7118
   2.000   0.8053   0.01638   0.00282  -0.1252   0.3527   0.2786  66.4132 231.7118
   2.000   0.8053   0.01638   0.00282  -0.1252   0.3527   0.2786  66.4132 231.7118
   2.000   0.8053   0.01638   0.00282  -0.1252   0.3527   0.2786  66.4132 231.7118
   3.000   0.8964   0.01749   0.00310  -0.1220   0.3362   0.2947  67.9126 232.9998
   3.000   0.8964   0.01749   0.00310  -0.1220   0.3362   0.2947  67.9126 232.9995
   3.000   0.8964   0.01749   0.00310  -0.1220   0.3362   0.2947  67.9126 232.9995
   3.000   0.8964   0.01749   0.00310  -0.1220   0.3362   0.2947  67.9126 232.9995
   3.000   0.8964   0.01749   0.00310  -0.1220   0.3362   0.2947  67.9126 232.9995
   4.000   0.9875   0.01867   0.00354  -0.1192   0.3224   0.3160  69.2112 234.5520
   4.000   0.9875   0.01867   0.00354  -0.1192   0.3224   0.3160  69.2112 234.5527
   4.000   0.9875   0.01867   0.00354  -0.1192   0.3224   0.3160  69.2112 234.5528
   4.000   0.9875   0.01867   0.00354  -0.1192   0.3224   0.3160  69.2112 234.5528
   4.000   0.9875   0.01867   0.00354  -0.1192   0.3224   0.3160  69.2112 234.5528
   5.000   1.0749   0.02015   0.00409  -0.1164   0.3102   0.3440  70.4021 236.4382
   5.000   1.0749   0.02015   0.00409  -0.1164   0.3102   0.3440  70.4021 236.4397
   5.000   1.0749   0.02015   0.00409  -0.1164   0.3102   0.3440  70.4022 236.4398
   5.000   1.0749   0.02015   0.00409  -0.1164   0.3102   0.3440  70.4022 236.4398
   5.000   1.0749   0.02015   0.00409  -0.1164   0.3102   0.3440  70.4022 236.4398
   6.000   1.1577   0.02200   0.00482  -0.1135   0.2991   0.3805  71.5215 238.6374
   6.000   1.1577   0.02200   0.00482  -0.1135   0.2991   0.3805  71.5215 238.6373
   6.000   1.1577   0.02200   0.00482  -0.1135   0.2991   0.3805  71.5215 238.6373
   6.000   1.1577   0.02200   0.00482  -0.1135   0.2991   0.3805  71.5215 238.6373
   6.000   1.1577   0.02200   0.00482  -0.1135   0.2991   0.3805  71.5215 238.6373
   8.000   1.3079   0.02708   0.00699  -0.1077   0.2787   0.4716  73.6742 243.5644
   8.000   1.3079   0.02708   0.00699  -0.1077   0.2787   0.4716  73.6742 243.5639
   8.000   1.3079   0.02708   0.00699  -0.1077   0.2787   0.4716  73.6742 243.5639
   8.000   1.3079   0.02708   0.00699  -0.1077   0.2787   0.4716  73.6742 243.5639
   8.000   1.3079   0.02708   0.00699  -0.1077   0.2787   0.4716  73.6742 243.5639
   9.000   1.3754   0.03041   0.00848  -0.1051   0.2691   0.5254  74.7260 246.4256
   9.000   1.3754   0.03041   0.00848  -0.1051   0.2691   0.5254  74.7261 246.4241
   9.000   1.3754   0.03041   0.00848  -0.1051   0.2691   0.5254  74.7261 246.4239
   9.000   1.3754   0.03041   0.00848  -0.1051   0.2691   0.5254  74.7261 246.4239
   9.000   1.3754   0.03041   0.00848  -0.1051   0.2691   0.5254  74.7261 246.4239
  10.000   1.4385   0.03433   0.01035  -0.1028   0.2601   0.5944  75.7617 250.1835
  10.000   1.4385   0.03433   0.01035  -0.1028   0.2601   0.5945  75.7617 250.1845
  10.000   1.4385   0.03433   0.01035  -0.1028   0.2601   0.5945  75.7617 250.1848
  10.000   1.4385   0.03433   0.01035  -0.1028   0.2601   0.5945  75.7617 250.1849
  10.000   1.4385   0.03433   0.01035  -0.1028   0.2601   0.5945  75.7617 250.1849
  11.000   1.4975   0.03888   0.01269  -0.1011   0.2514   0.7016  76.7817 256.5854
  11.000   1.4975   0.03888   0.01269  -0.1011   0.2514   0.7016  76.7816 256.5864
  11.000   1.4975   0.03888   0.01269  -0.1011   0.2514   0.7016  76.7816 256.5872
  11.000   1.4975   0.03888   0.01269  -0.1011   0.2514   0.7016  76.7816 256.5873
  11.000   1.4975   0.03888   0.01269  -0.1011   0.2514   0.7016  76.7816 256.5873
  12.000   1.5321   0.04350   0.01498  -0.0959   0.2435   1.0000  77.7465 300.0000
  12.000   1.5321   0.04350   0.01498  -0.0959   0.2435   1.0000  77.7465 300.0000
  12.000   1.5321   0.04350   0.01498  -0.0959   0.2435   1.0000  77.7465 300.0000
  12.000   1.5321   0.04350   0.01498  -0.0959   0.2435   1.0000  77.7465 300.0000
  12.000   1.5321   0.04350   0.01498  -0.0959   0.2435   1.0000  77.7465 300.0000
  13.000   1.5784   0.04976   0.01803  -0.0949   0.2356   1.0000  78.7428 300.0000
  13.000   1.5784   0.04976   0.01803  -0.0949   0.2356   1.0000  78.7427 300.0000
  13.000   1.5784   0.04976   0.01803  -0.0949   0.2356   1.0000  78.7427 300.0000
  13.000   1.5784   0.04976   0.01803  -0.0949   0.2356   1.0000  78.7427 300.0000
  13.000   1.5784   0.04976   0.01803  -0.0949   0.2356   1.0000  78.7427 300.0000
  14.000   1.6183   0.05684   0.02164  -0.0942   0.2280   1.0000  79.7328 300.0000
  14.000   1.6183   0.05684   0.02164  -0.0942   0.2280   1.0000  79.7328 300.0000
  14.000   1.6183   0.05684   0.02164  -0.0942   0.2280   1.0000  79.7328 300.0000
  14.000   1.6183   0.05684   0.02164  -0.0942   0.2280   1.0000  79.7328 300.0000
  14.000   1.6183   0.05684   0.02164  -0.0942   0.2280   1.0000  79.7328 300.0000
  15.000   1.6527   0.06469   0.02579  -0.0941   0.2207   1.0000  80.7227 300.0000
  15.000   1.6527   0.06469   0.02579  -0.0941   0.2207   1.0000  80.7227 300.0000
  15.000   1.6527   0.06469   0.02579  -0.0941   0.2207   1.0000  80.7227 300.0000
  15.000   1.6527   0.06469   0.02579  -0.0941   0.2207   1.0000  80.7227 300.0000
  15.000   1.6527   0.06469   0.02579  -0.0941   0.2207   1.0000  80.7227 300.0000
  17.000   1.7073   0.08239   0.03577  -0.0953   0.2065   1.0000  82.7206 300.0000
  17.000   1.7073   0.08239   0.03577  -0.0953   0.2065   1.0000  82.7206 300.0000
  17.000   1.7073   0.08239   0.03577  -0.0953   0.2065   1.0000  82.7206 300.0000
  17.000   1.7073   0.08239   0.03577  -0.0953   0.2065   1.0000  82.7206 300.0000
  17.000   1.7073   0.08239   0.03577  -0.0953   0.2065   1.0000  82.7206 300.0000
  18.000   1.7292   0.09198   0.04172  -0.0967   0.1997   1.0000  83.7240 300.0000
  18.000   1.7292   0.09198   0.04172  -0.0967   0.1997   1.0000  83.7240 300.0000
  18.000   1.7292   0.09198   0.04172  -0.0967   0.1997   1.0000  83.7240 300.0000
  18.000   1.7292   0.09198   0.04172  -0.0967   0.1997   1.0000  83.7240 300.0000
  18.000   1.7292   0.09198   0.04172  -0.0967   0.1997   1.0000  83.7240 300.0000
  19.000   1.7482   0.10195   0.04857  -0.0989   0.1930   1.0000  84.7283 300.0000
  19.000   1.7482   0.10195   0.04857  -0.0989   0.1930   1.0000  84.7283 300.0000
  19.000   1.7482   0.10195   0.04857  -0.0989   0.1930   1.0000  84.7283 300.0000
  19.000   1.7482   0.10195   0.04857  -0.0989   0.1930   1.0000  84.7283 300.0000
  19.000   1.7482   0.10195   0.04857  -0.0989   0.1930   1.0000  84.7283 300.0000
