  
       XFOIL         Version 6.99
  
 Calculated polar for: FX 69-PR-281                                    
  
 1 1 Reynolds number fixed          Mach number fixed         
  
 xtrf =   1.000 (top)        1.000 (bottom)  
 Mach =   0.000     Re =     0.550 e 6     Ncrit =   9.000  9.000
  
   alpha    CL        CD       CDp       CM     Top_Xtr  Bot_Xtr  Top_Itr  Bot_Itr
  ------ -------- --------- --------- -------- -------- -------- -------- --------
   0.000   0.6189   0.01427   0.00225  -0.1321   0.3909   0.2480  63.0661 229.0237
   0.000   0.6189   0.01427   0.00225  -0.1321   0.3909   0.2480  63.0661 229.0238
   0.000   0.6189   0.01427   0.00225  -0.1321   0.3909   0.2480  63.0661 229.0238
   0.000   0.6189   0.01427   0.00225  -0.1321   0.3909   0.2480  63.0661 229.0238
   0.000   0.6189   0.01427   0.00225  -0.1321   0.3909   0.2480  63.0661 229.0238
   1.000   0.7178   0.01488   0.00233  -0.1294   0.3650   0.2595  65.3132 230.0838
   1.000   0.7178   0.01488   0.00233  -0.1294   0.3650   0.2595  65.3133 230.0842
   1.000   0.7178   0.01488   0.00233  -0.1294   0.3650   0.2595  65.3133 230.0842
   1.000   0.7178   0.01488   0.00233  -0.1294   0.3650   0.2595  65.3133 230.0842
   1.000   0.7178   0.01488   0.00233  -0.1294   0.3650   0.2595  65.3133 230.0842
   2.000   0.8124   0.01573   0.00255  -0.1264   0.3451   0.2726  67.0927 231.2142
   2.000   0.8124   0.01573   0.00255  -0.1264   0.3451   0.2726  67.0938 231.2138
   2.000   0.8124   0.01573   0.00255  -0.1264   0.3451   0.2726  67.0938 231.2136
   2.000   0.8124   0.01573   0.00255  -0.1264   0.3451   0.2726  67.0938 231.2136
   2.000   0.8124   0.01573   0.00255  -0.1264   0.3451   0.2726  67.0938 231.2136
   3.000   0.9069   0.01668   0.00284  -0.1236   0.3290   0.2885  68.5845 232.5123
   3.000   0.9069   0.01668   0.00284  -0.1236   0.3290   0.2886  68.5846 232.5128
   3.000   0.9069   0.01668   0.00284  -0.1236   0.3290   0.2886  68.5846 232.5128
   3.000   0.9069   0.01668   0.00284  -0.1236   0.3290   0.2886  68.5846 232.5128
   3.000   0.9069   0.01668   0.00284  -0.1236   0.3290   0.2886  68.5846 232.5128
   4.000   0.9962   0.01794   0.00322  -0.1205   0.3157   0.3091  69.8519 234.0635
   4.000   0.9962   0.01794   0.00322  -0.1205   0.3157   0.3091  69.8519 234.0634
   4.000   0.9962   0.01794   0.00322  -0.1205   0.3157   0.3091  69.8519 234.0634
   4.000   0.9962   0.01794   0.00322  -0.1205   0.3157   0.3091  69.8519 234.0634
   4.000   0.9962   0.01794   0.00322  -0.1205   0.3157   0.3091  69.8519 234.0634
   5.000   1.0820   0.01949   0.00378  -0.1174   0.3041   0.3366  71.0030 235.9642
   5.000   1.0820   0.01949   0.00378  -0.1174   0.3041   0.3366  71.0030 235.9654
   5.000   1.0820   0.01949   0.00378  -0.1174   0.3041   0.3366  71.0030 235.9655
   5.000   1.0820   0.01949   0.00378  -0.1174   0.3041   0.3366  71.0030 235.9655
   5.000   1.0820   0.01949   0.00378  -0.1174   0.3041   0.3366  71.0030 235.9655
   6.000   1.1653   0.02132   0.00451  -0.1146   0.2934   0.3723  72.0988 238.1667
   6.000   1.1653   0.02132   0.00451  -0.1146   0.2934   0.3723  72.0988 238.1667
   6.000   1.1653   0.02132   0.00451  -0.1146   0.2934   0.3723  72.0988 238.1667
   6.000   1.1653   0.02132   0.00451  -0.1146   0.2934   0.3723  72.0988 238.1667
   6.000   1.1653   0.02132   0.00451  -0.1146   0.2934   0.3723  72.0988 238.1667
   7.000   1.2435   0.02361   0.00548  -0.1117   0.2833   0.4141  73.1699 240.5100
   7.000   1.2435   0.02361   0.00548  -0.1117   0.2833   0.4141  73.1700 240.5110
   7.000   1.2435   0.02361   0.00548  -0.1117   0.2833   0.4141  73.1700 240.5110
   7.000   1.2435   0.02361   0.00548  -0.1117   0.2833   0.4141  73.1700 240.5110
   7.000   1.2435   0.02361   0.00548  -0.1117   0.2833   0.4141  73.1700 240.5110
   9.000   1.3827   0.02983   0.00827  -0.1062   0.2643   0.5131  75.2743 245.7696
   9.000   1.3827   0.02983   0.00827  -0.1062   0.2643   0.5131  75.2743 245.7688
   9.000   1.3827   0.02983   0.00827  -0.1062   0.2643   0.5131  75.2743 245.7687
   9.000   1.3827   0.02983   0.00827  -0.1062   0.2643   0.5131  75.2743 245.7687
   9.000   1.3827   0.02983   0.00827  -0.1062   0.2643   0.5131  75.2743 245.7687
  10.000   1.4449   0.03388   0.01023  -0.1040   0.2554   0.5771  76.3099 249.2203
  10.000   1.4449   0.03388   0.01023  -0.1040   0.2554   0.5771  76.3099 249.2184
  10.000   1.4449   0.03388   0.01023  -0.1040   0.2554   0.5771  76.3099 249.2180
  10.000   1.4449   0.03388   0.01023  -0.1040   0.2554   0.5771  76.3099 249.2179
  10.000   1.4449   0.03388   0.01023  -0.1040   0.2554   0.5771  76.3099 249.2179
  11.000   1.5029   0.03862   0.01268  -0.1023   0.2468   0.6732  77.3345 254.8205
  11.000   1.5029   0.03862   0.01268  -0.1023   0.2468   0.6732  77.3345 254.8201
  11.000   1.5029   0.03862   0.01268  -0.1023   0.2468   0.6732  77.3345 254.8197
  11.000   1.5029   0.03862   0.01268  -0.1023   0.2468   0.6732  77.3345 254.8197
  11.000   1.5029   0.03862   0.01268  -0.1023   0.2468   0.6732  77.3345 254.8197
  12.000   1.5389   0.04343   0.01521  -0.0975   0.2390   1.0000  78.3049 300.0000
  12.000   1.5389   0.04342   0.01521  -0.0975   0.2390   1.0000  78.3049 300.0000
  12.000   1.5389   0.04342   0.01521  -0.0975   0.2390   1.0000  78.3048 300.0000
  12.000   1.5389   0.04342   0.01521  -0.0975   0.2390   1.0000  78.3048 300.0000
  12.000   1.5389   0.04342   0.01521  -0.0975   0.2390   1.0000  78.3048 300.0000
  13.000   1.5840   0.04988   0.01841  -0.0965   0.2312   1.0000  79.3129 300.0000
  13.000   1.5840   0.04988   0.01841  -0.0965   0.2312   1.0000  79.3129 300.0000
  13.000   1.5840   0.04988   0.01841  -0.0965   0.2312   1.0000  79.3129 300.0000
  13.000   1.5840   0.04988   0.01841  -0.0965   0.2312   1.0000  79.3129 300.0000
  13.000   1.5840   0.04988   0.01841  -0.0965   0.2312   1.0000  79.3129 300.0000
  14.000   1.6226   0.05719   0.02219  -0.0959   0.2237   1.0000  80.3160 300.0000
  14.000   1.6226   0.05719   0.02219  -0.0959   0.2237   1.0000  80.3160 300.0000
  14.000   1.6226   0.05719   0.02219  -0.0959   0.2237   1.0000  80.3160 300.0000
  14.000   1.6226   0.05719   0.02219  -0.0959   0.2237   1.0000  80.3160 300.0000
  14.000   1.6226   0.05719   0.02219  -0.0959   0.2237   1.0000  80.3160 300.0000
  15.000   1.6556   0.06526   0.02650  -0.0957   0.2164   1.0000  81.3138 300.0000
  15.000   1.6556   0.06526   0.02650  -0.0957   0.2164   1.0000  81.3138 300.0000
  15.000   1.6556   0.06526   0.02650  -0.0957   0.2164   1.0000  81.3138 300.0000
  15.000   1.6556   0.06526   0.02650  -0.0957   0.2164   1.0000  81.3138 300.0000
  15.000   1.6556   0.06526   0.02650  -0.0957   0.2164   1.0000  81.3138 300.0000
  17.000   1.7082   0.08330   0.03675  -0.0970   0.2025   1.0000  83.3142 300.0000
  17.000   1.7081   0.08329   0.03675  -0.0969   0.2025   1.0000  83.3142 300.0000
  17.000   1.7081   0.08329   0.03675  -0.0969   0.2025   1.0000  83.3142 300.0000
  17.000   1.7081   0.08329   0.03675  -0.0969   0.2025   1.0000  83.3142 300.0000
  17.000   1.7081   0.08329   0.03675  -0.0969   0.2025   1.0000  83.3142 300.0000
  18.000   1.7290   0.09307   0.04287  -0.0985   0.1957   1.0000  84.3221 300.0000
  18.000   1.7290   0.09307   0.04287  -0.0985   0.1957   1.0000  84.3221 300.0000
  18.000   1.7290   0.09307   0.04287  -0.0985   0.1957   1.0000  84.3221 300.0000
  18.000   1.7290   0.09307   0.04287  -0.0985   0.1957   1.0000  84.3221 300.0000
  18.000   1.7290   0.09307   0.04287  -0.0985   0.1957   1.0000  84.3221 300.0000
  19.000   1.7477   0.10313   0.04981  -0.1006   0.1892   1.0000  85.3256 300.0000
  19.000   1.7477   0.10314   0.04981  -0.1006   0.1892   1.0000  85.3256 300.0000
  19.000   1.7477   0.10314   0.04981  -0.1006   0.1892   1.0000  85.3256 300.0000
  19.000   1.7477   0.10314   0.04981  -0.1006   0.1892   1.0000  85.3256 300.0000
  19.000   1.7477   0.10314   0.04981  -0.1006   0.1892   1.0000  85.3256 300.0000
