  
       XFOIL         Version 6.99
  
 Calculated polar for: FX 77-W-270                                     
  
 1 1 Reynolds number fixed          Mach number fixed         
  
 xtrf =   1.000 (top)        1.000 (bottom)  
 Mach =   0.000     Re =     0.450 e 6     Ncrit =   9.000  9.000
  
   alpha    CL        CD       CDp       CM     Top_Xtr  Bot_Xtr  Top_Itr  Bot_Itr
  ------ -------- --------- --------- -------- -------- -------- -------- --------
   0.000   0.3982   0.02146   0.01263  -0.0502   0.4298   0.6804  59.2638 259.2457
   0.000   0.3982   0.02146   0.01263  -0.0502   0.4298   0.6804  59.2640 259.2458
   0.000   0.3982   0.02146   0.01263  -0.0502   0.4298   0.6804  59.2640 259.2458
   0.000   0.3982   0.02146   0.01263  -0.0502   0.4298   0.6804  59.2640 259.2458
   0.000   0.3982   0.02146   0.01263  -0.0502   0.4298   0.6804  59.2640 259.2458
   1.000   0.5278   0.02188   0.01290  -0.0550   0.4253   0.6902  59.6813 260.0521
   1.000   0.5278   0.02188   0.01290  -0.0550   0.4253   0.6902  59.6813 260.0521
   1.000   0.5278   0.02188   0.01290  -0.0550   0.4253   0.6902  59.6813 260.0521
   1.000   0.5278   0.02188   0.01290  -0.0550   0.4253   0.6902  59.6813 260.0521
   1.000   0.5278   0.02188   0.01290  -0.0550   0.4253   0.6902  59.6813 260.0521
   2.000   0.6547   0.02244   0.01309  -0.0592   0.4218   0.6949  60.0131 260.4359
   2.000   0.6547   0.02244   0.01309  -0.0592   0.4218   0.6949  60.0131 260.4360
   2.000   0.6547   0.02244   0.01309  -0.0592   0.4218   0.6949  60.0131 260.4360
   2.000   0.6547   0.02244   0.01309  -0.0592   0.4218   0.6949  60.0131 260.4360
   2.000   0.6547   0.02244   0.01309  -0.0592   0.4218   0.6949  60.0131 260.4360
   3.000   0.7841   0.02275   0.01339  -0.0647   0.4168   0.6998  60.4966 260.8464
   3.000   0.7841   0.02275   0.01339  -0.0647   0.4168   0.6998  60.4966 260.8464
   3.000   0.7841   0.02275   0.01339  -0.0647   0.4168   0.6998  60.4966 260.8464
   3.000   0.7841   0.02275   0.01339  -0.0647   0.4168   0.6998  60.4966 260.8464
   3.000   0.7841   0.02275   0.01339  -0.0647   0.4168   0.6998  60.4966 260.8464
   4.000   0.9123   0.02294   0.01321  -0.0696   0.4125   0.7045  60.9072 261.2296
   4.000   0.9123   0.02294   0.01321  -0.0696   0.4125   0.7045  60.9071 261.2296
   4.000   0.9123   0.02294   0.01321  -0.0696   0.4125   0.7045  60.9071 261.2296
   4.000   0.9123   0.02294   0.01321  -0.0696   0.4125   0.7045  60.9071 261.2296
   4.000   0.9123   0.02294   0.01321  -0.0696   0.4125   0.7045  60.9071 261.2296
   5.000   1.0367   0.02356   0.01359  -0.0742   0.4070   0.7089  61.4568 261.5902
   5.000   1.0367   0.02356   0.01359  -0.0742   0.4070   0.7089  61.4568 261.5902
   5.000   1.0367   0.02356   0.01359  -0.0742   0.4070   0.7089  61.4568 261.5902
   5.000   1.0367   0.02356   0.01359  -0.0742   0.4070   0.7089  61.4568 261.5902
   5.000   1.0367   0.02356   0.01359  -0.0742   0.4070   0.7089  61.4568 261.5902
   6.000   1.1642   0.02387   0.01333  -0.0794   0.4029   0.7130  61.8726 261.9224
   6.000   1.1642   0.02387   0.01333  -0.0794   0.4029   0.7130  61.8726 261.9223
   6.000   1.1642   0.02387   0.01333  -0.0794   0.4029   0.7130  61.8726 261.9223
   6.000   1.1642   0.02387   0.01333  -0.0794   0.4029   0.7130  61.8726 261.9223
   6.000   1.1642   0.02387   0.01333  -0.0794   0.4029   0.7130  61.8726 261.9223
   7.000   1.2848   0.02479   0.01386  -0.0837   0.3980   0.7161  62.3843 262.1781
   7.000   1.2848   0.02479   0.01386  -0.0837   0.3980   0.7161  62.3843 262.1780
   7.000   1.2848   0.02479   0.01386  -0.0837   0.3980   0.7161  62.3843 262.1780
   7.000   1.2848   0.02479   0.01386  -0.0837   0.3980   0.7161  62.3843 262.1780
   7.000   1.2848   0.02479   0.01386  -0.0837   0.3980   0.7161  62.3843 262.1780
   8.000   1.4065   0.02528   0.01378  -0.0879   0.3937   0.7199  62.8269 262.4950
   8.000   1.4065   0.02528   0.01378  -0.0879   0.3937   0.7199  62.8269 262.4950
   8.000   1.4065   0.02528   0.01378  -0.0879   0.3937   0.7199  62.8269 262.4950
   8.000   1.4065   0.02528   0.01378  -0.0879   0.3937   0.7199  62.8269 262.4950
   8.000   1.4065   0.02528   0.01378  -0.0879   0.3937   0.7199  62.8269 262.4950
   9.000   1.5219   0.02634   0.01411  -0.0917   0.3885   0.7237  63.3821 262.8051
   9.000   1.5219   0.02634   0.01411  -0.0917   0.3885   0.7237  63.3821 262.8050
   9.000   1.5219   0.02634   0.01411  -0.0917   0.3885   0.7237  63.3821 262.8050
   9.000   1.5219   0.02634   0.01411  -0.0917   0.3885   0.7237  63.3821 262.8050
   9.000   1.5219   0.02634   0.01411  -0.0917   0.3885   0.7237  63.3821 262.8050
  10.000   1.6439   0.02622   0.01311  -0.0958   0.3834   0.7272  63.9356 263.0878
  10.000   1.6439   0.02622   0.01311  -0.0958   0.3834   0.7272  63.9356 263.0878
  10.000   1.6439   0.02622   0.01311  -0.0958   0.3834   0.7272  63.9356 263.0878
  10.000   1.6439   0.02622   0.01311  -0.0958   0.3834   0.7272  63.9356 263.0878
  10.000   1.6439   0.02622   0.01311  -0.0958   0.3834   0.7272  63.9356 263.0878
  11.000   1.7483   0.02698   0.01297  -0.0977   0.3764   0.7309  64.7183 263.4003
  11.000   1.7483   0.02698   0.01297  -0.0977   0.3764   0.7309  64.7183 263.4003
  11.000   1.7483   0.02698   0.01297  -0.0977   0.3764   0.7309  64.7183 263.4003
  11.000   1.7483   0.02698   0.01297  -0.0977   0.3764   0.7309  64.7183 263.4003
  11.000   1.7483   0.02698   0.01297  -0.0977   0.3764   0.7309  64.7183 263.4003
  12.000   1.8479   0.02766   0.01237  -0.0989   0.3691   0.7353  65.5403 263.7565
  12.000   1.8479   0.02766   0.01237  -0.0989   0.3691   0.7353  65.5403 263.7564
  12.000   1.8479   0.02766   0.01237  -0.0989   0.3691   0.7353  65.5403 263.7564
  12.000   1.8479   0.02766   0.01237  -0.0989   0.3691   0.7353  65.5403 263.7564
  12.000   1.8479   0.02766   0.01237  -0.0989   0.3691   0.7353  65.5403 263.7564
  13.000   1.9325   0.02887   0.01192  -0.0980   0.3621   0.7391  66.3515 264.0776
  13.000   1.9325   0.02887   0.01192  -0.0980   0.3621   0.7391  66.3515 264.0776
  13.000   1.9325   0.02887   0.01192  -0.0980   0.3621   0.7391  66.3515 264.0776
  13.000   1.9325   0.02887   0.01192  -0.0980   0.3621   0.7391  66.3515 264.0776
  13.000   1.9325   0.02887   0.01192  -0.0980   0.3621   0.7391  66.3515 264.0776
  14.000   1.9476   0.03304   0.01291  -0.0888   0.3537   0.7435  67.3408 264.4393
  14.000   1.9476   0.03304   0.01291  -0.0888   0.3537   0.7435  67.3408 264.4394
  14.000   1.9476   0.03304   0.01291  -0.0888   0.3537   0.7435  67.3408 264.4395
  14.000   1.9476   0.03304   0.01291  -0.0888   0.3537   0.7435  67.3408 264.4395
  14.000   1.9476   0.03304   0.01291  -0.0888   0.3537   0.7435  67.3408 264.4395
  15.000   1.9233   0.04414   0.01813  -0.0850   0.3420   0.7482  68.7690 264.8345
  15.000   1.9233   0.04414   0.01813  -0.0850   0.3420   0.7482  68.7690 264.8343
  15.000   1.9233   0.04414   0.01813  -0.0850   0.3420   0.7482  68.7690 264.8342
  15.000   1.9233   0.04414   0.01813  -0.0850   0.3420   0.7482  68.7690 264.8342
  15.000   1.9233   0.04414   0.01813  -0.0850   0.3420   0.7482  68.7690 264.8342
  16.000   1.8312   0.06475   0.02983  -0.0837   0.3249   0.7515  70.8837 265.1108
  16.000   1.8312   0.06475   0.02983  -0.0837   0.3249   0.7515  70.8837 265.1108
  16.000   1.8312   0.06475   0.02983  -0.0837   0.3249   0.7515  70.8837 265.1109
  16.000   1.8312   0.06475   0.02983  -0.0837   0.3249   0.7515  70.8837 265.1109
  16.000   1.8312   0.06475   0.02983  -0.0837   0.3249   0.7515  70.8837 265.1109
  17.000   1.7036   0.09140   0.04837  -0.0840   0.3015   0.7541  73.8065 265.3318
  17.000   1.7036   0.09140   0.04837  -0.0840   0.3015   0.7541  73.8064 265.3316
  17.000   1.7036   0.09140   0.04837  -0.0840   0.3015   0.7541  73.8064 265.3315
  17.000   1.7036   0.09140   0.04837  -0.0840   0.3015   0.7541  73.8064 265.3314
  17.000   1.7036   0.09140   0.04837  -0.0840   0.3015   0.7541  73.8064 265.3314
  18.000   1.6254   0.11381   0.06750  -0.0870   0.2779   0.7577  76.8438 265.6329
  18.000   1.6254   0.11381   0.06750  -0.0870   0.2779   0.7576  76.8437 265.6322
  18.000   1.6254   0.11381   0.06750  -0.0870   0.2779   0.7576  76.8437 265.6320
  18.000   1.6254   0.11381   0.06750  -0.0870   0.2779   0.7576  76.8437 265.6320
  18.000   1.6254   0.11381   0.06750  -0.0870   0.2779   0.7576  76.8437 265.6319
  19.000   1.6404   0.12451   0.07643  -0.0906   0.2592   0.7640  79.2844 266.1707
  19.000   1.6404   0.12452   0.07643  -0.0906   0.2592   0.7640  79.2843 266.1701
  19.000   1.6404   0.12452   0.07643  -0.0906   0.2592   0.7640  79.2842 266.1700
  19.000   1.6404   0.12452   0.07643  -0.0906   0.2592   0.7640  79.2842 266.1699
  19.000   1.6404   0.12452   0.07643  -0.0906   0.2592   0.7640  79.2842 266.1699
