  
       XFOIL         Version 6.99
  
 Calculated polar for: FX 77-W-270                                     
  
 1 1 Reynolds number fixed          Mach number fixed         
  
 xtrf =   1.000 (top)        1.000 (bottom)  
 Mach =   0.000     Re =     0.275 e 6     Ncrit =   9.000  9.000
  
   alpha    CL        CD       CDp       CM     Top_Xtr  Bot_Xtr  Top_Itr  Bot_Itr
  ------ -------- --------- --------- -------- -------- -------- -------- --------
   0.000   0.3556   0.02971   0.02017  -0.0375   0.4481   0.7097  57.6238 261.6569
   0.000   0.3556   0.02971   0.02017  -0.0375   0.4481   0.7097  57.6238 261.6570
   0.000   0.3556   0.02971   0.02017  -0.0375   0.4481   0.7097  57.6238 261.6570
   0.000   0.3556   0.02971   0.02017  -0.0375   0.4481   0.7097  57.6238 261.6570
   0.000   0.3556   0.02971   0.02017  -0.0375   0.4481   0.7097  57.6238 261.6570
   1.000   0.4841   0.03002   0.02000  -0.0431   0.4440   0.7183  57.9827 262.3611
   1.000   0.4841   0.03002   0.02000  -0.0431   0.4440   0.7183  57.9827 262.3611
   1.000   0.4841   0.03002   0.02000  -0.0431   0.4440   0.7183  57.9827 262.3611
   1.000   0.4841   0.03002   0.02000  -0.0431   0.4440   0.7183  57.9827 262.3611
   1.000   0.4841   0.03002   0.02000  -0.0431   0.4440   0.7183  57.9827 262.3611
   2.000   0.6103   0.03129   0.02144  -0.0497   0.4371   0.7275  58.6044 263.1126
   2.000   0.6103   0.03129   0.02144  -0.0497   0.4371   0.7275  58.6044 263.1126
   2.000   0.6103   0.03129   0.02144  -0.0497   0.4371   0.7275  58.6044 263.1126
   2.000   0.6103   0.03129   0.02144  -0.0497   0.4371   0.7275  58.6044 263.1126
   2.000   0.6103   0.03129   0.02144  -0.0497   0.4371   0.7275  58.6044 263.1126
   3.000   0.7362   0.03176   0.02131  -0.0546   0.4331   0.7329  58.9613 263.5594
   3.000   0.7362   0.03176   0.02131  -0.0546   0.4331   0.7329  58.9613 263.5594
   3.000   0.7362   0.03176   0.02131  -0.0546   0.4331   0.7329  58.9613 263.5594
   3.000   0.7362   0.03176   0.02131  -0.0546   0.4331   0.7329  58.9613 263.5594
   3.000   0.7362   0.03176   0.02131  -0.0546   0.4331   0.7329  58.9613 263.5594
   4.000   0.8579   0.03356   0.02290  -0.0613   0.4250   0.7387  59.7082 264.0436
   4.000   0.8579   0.03356   0.02290  -0.0613   0.4250   0.7387  59.7082 264.0436
   4.000   0.8579   0.03356   0.02290  -0.0613   0.4250   0.7387  59.7082 264.0436
   4.000   0.8579   0.03356   0.02290  -0.0613   0.4250   0.7387  59.7082 264.0436
   4.000   0.8579   0.03356   0.02290  -0.0613   0.4250   0.7387  59.7082 264.0436
   5.000   0.9689   0.03545   0.02423  -0.0648   0.4189   0.7438  60.2940 264.4701
   5.000   0.9689   0.03545   0.02423  -0.0648   0.4189   0.7438  60.2940 264.4700
   5.000   0.9689   0.03545   0.02423  -0.0648   0.4189   0.7438  60.2940 264.4700
   5.000   0.9689   0.03545   0.02423  -0.0648   0.4189   0.7438  60.2940 264.4700
   5.000   0.9689   0.03545   0.02423  -0.0648   0.4189   0.7438  60.2940 264.4700
   6.000   1.0851   0.03715   0.02517  -0.0698   0.4135   0.7487  60.8135 264.8760
   6.000   1.0851   0.03715   0.02517  -0.0698   0.4135   0.7487  60.8135 264.8759
   6.000   1.0851   0.03715   0.02517  -0.0698   0.4135   0.7487  60.8135 264.8759
   6.000   1.0851   0.03715   0.02517  -0.0698   0.4135   0.7487  60.8135 264.8759
   6.000   1.0851   0.03715   0.02517  -0.0698   0.4135   0.7487  60.8135 264.8759
   7.000   1.0387   0.05154   0.03623  -0.0620   0.3989   0.7517  62.2851 265.1271
   7.000   1.0387   0.05154   0.03623  -0.0620   0.3989   0.7517  62.2851 265.1269
   7.000   1.0387   0.05154   0.03623  -0.0620   0.3989   0.7517  62.2851 265.1270
   7.000   1.0387   0.05154   0.03623  -0.0620   0.3989   0.7517  62.2851 265.1270
   7.000   1.0387   0.05154   0.03623  -0.0620   0.3989   0.7517  62.2851 265.1270
   8.000   1.2493   0.04501   0.03012  -0.0723   0.4007   0.7558  62.1035 265.4763
   8.000   1.2493   0.04501   0.03012  -0.0723   0.4007   0.7558  62.1035 265.4765
   8.000   1.2493   0.04501   0.03012  -0.0723   0.4007   0.7558  62.1035 265.4765
   8.000   1.2493   0.04501   0.03012  -0.0723   0.4007   0.7558  62.1035 265.4765
   8.000   1.2493   0.04501   0.03012  -0.0723   0.4007   0.7558  62.1035 265.4765
  12.000   0.8921   0.13586   0.11363  -0.0718   0.3080   0.7648  72.9855 266.2377
  12.000   0.8921   0.13586   0.11363  -0.0718   0.3080   0.7648  72.9855 266.2376
  12.000   0.8921   0.13586   0.11363  -0.0718   0.3080   0.7648  72.9855 266.2376
  12.000   0.8921   0.13586   0.11363  -0.0718   0.3080   0.7648  72.9855 266.2376
  12.000   0.8921   0.13586   0.11363  -0.0718   0.3080   0.7648  72.9855 266.2376
  13.000   0.8916   0.15099   0.13423  -0.0777   0.2878   0.7680  75.5510 266.5102
  13.000   0.8916   0.15099   0.13423  -0.0777   0.2878   0.7680  75.5509 266.5096
  13.000   0.8916   0.15099   0.13423  -0.0777   0.2878   0.7680  75.5509 266.5095
  13.000   0.8916   0.15099   0.13423  -0.0777   0.2878   0.7680  75.5509 266.5095
  13.000   0.8916   0.15099   0.13423  -0.0777   0.2878   0.7680  75.5509 266.5095
  14.000   0.9871   0.15138   0.13178  -0.0797   0.2844   0.7724  75.9918 266.8867
  14.000   0.9871   0.15138   0.13178  -0.0797   0.2844   0.7725  75.9918 266.8878
  14.000   0.9871   0.15138   0.13178  -0.0797   0.2844   0.7725  75.9918 266.8879
  14.000   0.9871   0.15138   0.13178  -0.0797   0.2844   0.7725  75.9918 266.8879
  14.000   0.9871   0.15138   0.13178  -0.0797   0.2844   0.7725  75.9918 266.8879
  15.000   0.9984   0.16479   0.15224  -0.0864   0.2648   0.7757  78.5518 267.1608
  15.000   0.9985   0.16479   0.15224  -0.0864   0.2648   0.7756  78.5517 267.1607
  15.000   0.9985   0.16479   0.15224  -0.0864   0.2648   0.7756  78.5517 267.1606
  15.000   0.9985   0.16479   0.15224  -0.0864   0.2648   0.7756  78.5517 267.1606
  15.000   0.9985   0.16479   0.15224  -0.0864   0.2648   0.7756  78.5517 267.1606
  16.000   1.0909   0.16446   0.14877  -0.0883   0.2611   0.7817  79.0260 267.6777
  16.000   1.0909   0.16446   0.14877  -0.0883   0.2611   0.7816  79.0260 267.6759
  16.000   1.0909   0.16446   0.14877  -0.0883   0.2611   0.7816  79.0260 267.6757
  16.000   1.0909   0.16446   0.14877  -0.0883   0.2611   0.7816  79.0260 267.6757
  16.000   1.0909   0.16446   0.14877  -0.0883   0.2611   0.7816  79.0260 267.6757
  17.000   1.1279   0.17309   0.16229  -0.0942   0.2437   0.7872  81.3193 268.1580
  17.000   1.1279   0.17309   0.16229  -0.0942   0.2437   0.7872  81.3195 268.1586
  17.000   1.1279   0.17309   0.16229  -0.0942   0.2437   0.7872  81.3195 268.1586
  17.000   1.1279   0.17309   0.16229  -0.0942   0.2437   0.7872  81.3195 268.1586
  17.000   1.1279   0.17309   0.16229  -0.0942   0.2437   0.7872  81.3195 268.1586
  18.000   1.1866   0.17801   0.16909  -0.0988   0.2331   0.7947  82.7377 268.8145
  18.000   1.1866   0.17802   0.16909  -0.0988   0.2331   0.7947  82.7377 268.8135
  18.000   1.1866   0.17802   0.16909  -0.0988   0.2331   0.7947  82.7377 268.8133
  18.000   1.1866   0.17802   0.16909  -0.0988   0.2331   0.7947  82.7377 268.8132
  18.000   1.1866   0.17802   0.16909  -0.0988   0.2331   0.7947  82.7377 268.8132
  19.000   1.2862   0.17546   0.16098  -0.1005   0.2313   0.8053  82.9734 269.7588
  19.000   1.2862   0.17546   0.16098  -0.1005   0.2313   0.8053  82.9734 269.7618
  19.000   1.2862   0.17546   0.16098  -0.1005   0.2313   0.8053  82.9734 269.7621
  19.000   1.2862   0.17546   0.16098  -0.1005   0.2313   0.8053  82.9734 269.7621
  19.000   1.2862   0.17546   0.16098  -0.1005   0.2313   0.8053  82.9734 269.7621
