  
       XFOIL         Version 6.99
  
 Calculated polar for: FX 77-W-270                                     
  
 1 1 Reynolds number fixed          Mach number fixed         
  
 xtrf =   1.000 (top)        1.000 (bottom)  
 Mach =   0.000     Re =     0.550 e 6     Ncrit =   9.000  9.000
  
   alpha    CL        CD       CDp       CM     Top_Xtr  Bot_Xtr  Top_Itr  Bot_Itr
  ------ -------- --------- --------- -------- -------- -------- -------- --------
   0.000   0.4079   0.01883   0.01033  -0.0531   0.4234   0.6691  59.8590 258.3128
   0.000   0.4079   0.01883   0.01033  -0.0531   0.4234   0.6691  59.8590 258.3128
   0.000   0.4079   0.01883   0.01033  -0.0531   0.4234   0.6691  59.8590 258.3128
   0.000   0.4079   0.01883   0.01033  -0.0531   0.4234   0.6691  59.8590 258.3128
   0.000   0.4079   0.01883   0.01033  -0.0531   0.4234   0.6691  59.8590 258.3128
   1.000   0.5357   0.01956   0.01093  -0.0571   0.4196   0.6800  60.2181 259.2121
   1.000   0.5357   0.01956   0.01093  -0.0571   0.4196   0.6800  60.2181 259.2122
   1.000   0.5357   0.01956   0.01093  -0.0571   0.4196   0.6800  60.2181 259.2122
   1.000   0.5357   0.01956   0.01093  -0.0571   0.4196   0.6800  60.2181 259.2122
   1.000   0.5357   0.01956   0.01093  -0.0571   0.4196   0.6800  60.2181 259.2122
   2.000   0.6645   0.01983   0.01112  -0.0617   0.4155   0.6851  60.6161 259.6307
   2.000   0.6645   0.01983   0.01112  -0.0617   0.4155   0.6851  60.6161 259.6307
   2.000   0.6645   0.01983   0.01112  -0.0617   0.4155   0.6851  60.6161 259.6307
   2.000   0.6645   0.01983   0.01112  -0.0617   0.4155   0.6851  60.6161 259.6307
   2.000   0.6645   0.01983   0.01112  -0.0617   0.4155   0.6851  60.6161 259.6307
   3.000   0.7953   0.02017   0.01090  -0.0671   0.4119   0.6898  60.9630 260.0189
   3.000   0.7953   0.02017   0.01090  -0.0671   0.4119   0.6898  60.9630 260.0188
   3.000   0.7953   0.02017   0.01090  -0.0671   0.4119   0.6898  60.9630 260.0188
   3.000   0.7953   0.02017   0.01090  -0.0671   0.4119   0.6898  60.9630 260.0188
   3.000   0.7953   0.02017   0.01090  -0.0671   0.4119   0.6898  60.9630 260.0188
   4.000   0.9216   0.02040   0.01117  -0.0715   0.4069   0.6938  61.4708 260.3450
   4.000   0.9216   0.02040   0.01117  -0.0715   0.4069   0.6938  61.4708 260.3451
   4.000   0.9216   0.02040   0.01117  -0.0715   0.4069   0.6938  61.4708 260.3451
   4.000   0.9216   0.02040   0.01117  -0.0715   0.4069   0.6938  61.4708 260.3451
   4.000   0.9216   0.02040   0.01117  -0.0715   0.4069   0.6938  61.4708 260.3451
   5.000   1.0492   0.02063   0.01098  -0.0763   0.4029   0.6980  61.8746 260.6979
   5.000   1.0492   0.02063   0.01098  -0.0763   0.4029   0.6980  61.8746 260.6979
   5.000   1.0492   0.02063   0.01098  -0.0763   0.4029   0.6980  61.8746 260.6979
   5.000   1.0492   0.02063   0.01098  -0.0763   0.4029   0.6980  61.8746 260.6979
   5.000   1.0492   0.02063   0.01098  -0.0763   0.4029   0.6980  61.8746 260.6979
   6.000   1.1750   0.02118   0.01110  -0.0812   0.3980   0.7016  62.3804 260.9913
   6.000   1.1750   0.02118   0.01110  -0.0812   0.3980   0.7016  62.3806 260.9907
   6.000   1.1750   0.02118   0.01110  -0.0812   0.3980   0.7016  62.3806 260.9907
   6.000   1.1750   0.02118   0.01110  -0.0812   0.3980   0.7016  62.3806 260.9907
   6.000   1.1750   0.02118   0.01110  -0.0812   0.3980   0.7016  62.3806 260.9907
   7.000   1.2992   0.02148   0.01105  -0.0856   0.3939   0.7047  62.8085 261.2430
   7.000   1.2992   0.02148   0.01105  -0.0856   0.3939   0.7047  62.8086 261.2430
   7.000   1.2992   0.02148   0.01105  -0.0856   0.3939   0.7047  62.8086 261.2430
   7.000   1.2992   0.02148   0.01105  -0.0856   0.3939   0.7047  62.8086 261.2430
   7.000   1.2992   0.02148   0.01105  -0.0856   0.3939   0.7047  62.8086 261.2430
   8.000   1.4204   0.02217   0.01121  -0.0898   0.3892   0.7082  63.3097 261.5348
   8.000   1.4204   0.02217   0.01121  -0.0898   0.3892   0.7082  63.3100 261.5350
   8.000   1.4204   0.02217   0.01121  -0.0898   0.3892   0.7082  63.3100 261.5350
   8.000   1.4204   0.02217   0.01121  -0.0898   0.3892   0.7082  63.3100 261.5350
   8.000   1.4204   0.02217   0.01121  -0.0898   0.3892   0.7082  63.3100 261.5350
   9.000   1.5424   0.02236   0.01072  -0.0940   0.3840   0.7118  63.8745 261.8275
   9.000   1.5424   0.02236   0.01072  -0.0940   0.3840   0.7118  63.8745 261.8275
   9.000   1.5424   0.02236   0.01072  -0.0940   0.3840   0.7118  63.8745 261.8275
   9.000   1.5424   0.02236   0.01072  -0.0940   0.3840   0.7118  63.8745 261.8275
   9.000   1.5424   0.02236   0.01072  -0.0940   0.3840   0.7118  63.8745 261.8275
  10.000   1.6575   0.02279   0.01044  -0.0974   0.3771   0.7149  64.6299 262.0837
  10.000   1.6575   0.02279   0.01044  -0.0974   0.3771   0.7149  64.6298 262.0836
  10.000   1.6575   0.02279   0.01044  -0.0974   0.3771   0.7149  64.6298 262.0835
  10.000   1.6575   0.02279   0.01044  -0.0974   0.3771   0.7149  64.6298 262.0835
  10.000   1.6575   0.02279   0.01044  -0.0974   0.3771   0.7149  64.6298 262.0835
  11.000   1.7693   0.02330   0.01008  -0.1001   0.3709   0.7185  65.3323 262.3725
  11.000   1.7693   0.02330   0.01008  -0.1001   0.3709   0.7185  65.3323 262.3724
  11.000   1.7693   0.02330   0.01008  -0.1001   0.3709   0.7185  65.3323 262.3725
  11.000   1.7693   0.02330   0.01008  -0.1001   0.3709   0.7185  65.3323 262.3725
  11.000   1.7693   0.02330   0.01008  -0.1001   0.3709   0.7185  65.3323 262.3725
  12.000   1.8747   0.02385   0.00951  -0.1020   0.3635   0.7224  66.1811 262.6986
  12.000   1.8747   0.02385   0.00951  -0.1020   0.3635   0.7224  66.1811 262.6987
  12.000   1.8747   0.02385   0.00951  -0.1020   0.3635   0.7224  66.1811 262.6988
  12.000   1.8747   0.02385   0.00951  -0.1020   0.3635   0.7224  66.1811 262.6988
  12.000   1.8747   0.02385   0.00951  -0.1020   0.3635   0.7224  66.1811 262.6988
  13.000   1.9668   0.02498   0.00916  -0.1021   0.3560   0.7261  67.0716 262.9978
  13.000   1.9668   0.02498   0.00916  -0.1021   0.3560   0.7261  67.0716 262.9978
  13.000   1.9668   0.02498   0.00916  -0.1021   0.3560   0.7261  67.0716 262.9978
  13.000   1.9668   0.02498   0.00916  -0.1021   0.3560   0.7261  67.0716 262.9978
  13.000   1.9668   0.02498   0.00916  -0.1021   0.3560   0.7261  67.0716 262.9978
  14.000   1.9936   0.02872   0.01014  -0.0937   0.3455   0.7300  68.3401 263.3196
  14.000   1.9936   0.02872   0.01014  -0.0937   0.3455   0.7300  68.3401 263.3195
  14.000   1.9936   0.02872   0.01014  -0.0937   0.3455   0.7300  68.3401 263.3195
  14.000   1.9936   0.02872   0.01014  -0.0937   0.3455   0.7300  68.3401 263.3195
  14.000   1.9936   0.02872   0.01014  -0.0937   0.3455   0.7300  68.3401 263.3195
  15.000   1.9929   0.03785   0.01411  -0.0900   0.3324   0.7346  69.9531 263.7011
  15.000   1.9930   0.03785   0.01411  -0.0900   0.3324   0.7346  69.9532 263.7006
  15.000   1.9930   0.03785   0.01411  -0.0900   0.3324   0.7346  69.9532 263.7006
  15.000   1.9930   0.03785   0.01411  -0.0900   0.3324   0.7346  69.9533 263.7005
  15.000   1.9930   0.03785   0.01411  -0.0900   0.3324   0.7346  69.9533 263.7005
  16.000   1.9154   0.05657   0.02416  -0.0875   0.3167   0.7381  71.8932 263.9891
  16.000   1.9154   0.05657   0.02416  -0.0875   0.3167   0.7381  71.8932 263.9889
  16.000   1.9154   0.05657   0.02416  -0.0875   0.3167   0.7381  71.8932 263.9889
  16.000   1.9154   0.05657   0.02416  -0.0875   0.3167   0.7381  71.8932 263.9888
  16.000   1.9154   0.05657   0.02416  -0.0875   0.3167   0.7381  71.8932 263.9888
  17.000   1.7611   0.08550   0.04332  -0.0862   0.2941   0.7399  74.7403 264.1442
  17.000   1.7611   0.08550   0.04332  -0.0862   0.2941   0.7399  74.7402 264.1440
  17.000   1.7611   0.08551   0.04332  -0.0862   0.2941   0.7399  74.7402 264.1439
  17.000   1.7611   0.08551   0.04332  -0.0862   0.2941   0.7399  74.7402 264.1438
  17.000   1.7611   0.08551   0.04332  -0.0862   0.2941   0.7399  74.7402 264.1438
  18.000   1.6908   0.10633   0.05936  -0.0881   0.2719   0.7431  77.6226 264.4128
  18.000   1.6908   0.10633   0.05936  -0.0881   0.2719   0.7431  77.6225 264.4123
  18.000   1.6908   0.10633   0.05936  -0.0881   0.2719   0.7431  77.6224 264.4122
  18.000   1.6908   0.10633   0.05936  -0.0881   0.2719   0.7431  77.6224 264.4121
  18.000   1.6908   0.10633   0.05936  -0.0881   0.2719   0.7431  77.6224 264.4121
  19.000   1.6830   0.11964   0.07031  -0.0911   0.2513   0.7484  80.3197 264.8564
  19.000   1.6830   0.11964   0.07031  -0.0911   0.2513   0.7484  80.3197 264.8566
  19.000   1.6830   0.11964   0.07031  -0.0911   0.2513   0.7484  80.3197 264.8567
  19.000   1.6830   0.11964   0.07031  -0.0911   0.2513   0.7484  80.3197 264.8567
  19.000   1.6830   0.11964   0.07031  -0.0911   0.2513   0.7484  80.3197 264.8567
