  
       XFOIL         Version 6.99
  
 Calculated polar for: FX 77-W-270                                     
  
 1 1 Reynolds number fixed          Mach number fixed         
  
 xtrf =   1.000 (top)        1.000 (bottom)  
 Mach =   0.000     Re =     0.475 e 6     Ncrit =   9.000  9.000
  
   alpha    CL        CD       CDp       CM     Top_Xtr  Bot_Xtr  Top_Itr  Bot_Itr
  ------ -------- --------- --------- -------- -------- -------- -------- --------
   0.000   0.4025   0.02068   0.01192  -0.0515   0.4278   0.6782  59.4492 259.0629
   0.000   0.4025   0.02068   0.01192  -0.0515   0.4278   0.6782  59.4492 259.0629
   0.000   0.4025   0.02068   0.01192  -0.0515   0.4278   0.6782  59.4492 259.0629
   0.000   0.4025   0.02068   0.01192  -0.0515   0.4278   0.6782  59.4492 259.0629
   0.000   0.4025   0.02068   0.01192  -0.0515   0.4278   0.6782  59.4492 259.0629
   1.000   0.5290   0.02120   0.01233  -0.0551   0.4238   0.6868  59.8182 259.7765
   1.000   0.5290   0.02120   0.01233  -0.0551   0.4238   0.6868  59.8183 259.7769
   1.000   0.5290   0.02120   0.01233  -0.0551   0.4238   0.6868  59.8183 259.7769
   1.000   0.5290   0.02120   0.01233  -0.0551   0.4238   0.6868  59.8183 259.7769
   1.000   0.5290   0.02120   0.01233  -0.0551   0.4238   0.6868  59.8183 259.7769
   2.000   0.6583   0.02165   0.01256  -0.0602   0.4200   0.6923  60.1868 260.2297
   2.000   0.6583   0.02165   0.01256  -0.0602   0.4200   0.6924  60.1868 260.2298
   2.000   0.6583   0.02165   0.01256  -0.0602   0.4200   0.6924  60.1868 260.2298
   2.000   0.6583   0.02165   0.01256  -0.0602   0.4200   0.6924  60.1868 260.2298
   2.000   0.6583   0.02165   0.01256  -0.0602   0.4200   0.6924  60.1868 260.2298
   3.000   0.7865   0.02195   0.01274  -0.0651   0.4153   0.6964  60.6375 260.5613
   3.000   0.7865   0.02195   0.01274  -0.0651   0.4153   0.6964  60.6375 260.5614
   3.000   0.7865   0.02195   0.01274  -0.0651   0.4153   0.6964  60.6375 260.5614
   3.000   0.7865   0.02195   0.01274  -0.0651   0.4153   0.6964  60.6375 260.5614
   3.000   0.7865   0.02195   0.01274  -0.0651   0.4153   0.6964  60.6375 260.5614
   4.000   0.9163   0.02236   0.01250  -0.0705   0.4112   0.7021  61.0317 261.0300
   4.000   0.9163   0.02236   0.01250  -0.0705   0.4112   0.7021  61.0317 261.0301
   4.000   0.9163   0.02236   0.01250  -0.0705   0.4112   0.7021  61.0317 261.0301
   4.000   0.9163   0.02236   0.01250  -0.0705   0.4112   0.7021  61.0317 261.0301
   4.000   0.9163   0.02236   0.01250  -0.0705   0.4112   0.7021  61.0317 261.0301
   5.000   1.0407   0.02269   0.01284  -0.0749   0.4057   0.7058  61.5871 261.3343
   5.000   1.0407   0.02269   0.01284  -0.0749   0.4057   0.7058  61.5871 261.3343
   5.000   1.0407   0.02269   0.01284  -0.0749   0.4057   0.7058  61.5871 261.3343
   5.000   1.0407   0.02269   0.01284  -0.0749   0.4057   0.7058  61.5871 261.3343
   5.000   1.0407   0.02269   0.01284  -0.0749   0.4057   0.7058  61.5871 261.3343
   6.000   1.1676   0.02303   0.01255  -0.0798   0.4020   0.7094  61.9657 261.6306
   6.000   1.1676   0.02303   0.01255  -0.0798   0.4020   0.7094  61.9657 261.6306
   6.000   1.1676   0.02303   0.01255  -0.0798   0.4020   0.7094  61.9657 261.6306
   6.000   1.1676   0.02303   0.01255  -0.0798   0.4020   0.7094  61.9657 261.6306
   6.000   1.1676   0.02303   0.01255  -0.0798   0.4020   0.7094  61.9657 261.6306
   7.000   1.2893   0.02387   0.01305  -0.0844   0.3967   0.7132  62.5187 261.9422
   7.000   1.2893   0.02387   0.01305  -0.0844   0.3967   0.7132  62.5187 261.9423
   7.000   1.2893   0.02387   0.01305  -0.0844   0.3967   0.7132  62.5187 261.9423
   7.000   1.2893   0.02387   0.01305  -0.0844   0.3967   0.7132  62.5187 261.9423
   7.000   1.2893   0.02387   0.01305  -0.0844   0.3967   0.7132  62.5187 261.9423
   8.000   1.4127   0.02423   0.01281  -0.0887   0.3929   0.7166  62.9131 262.2219
   8.000   1.4127   0.02423   0.01281  -0.0887   0.3929   0.7166  62.9131 262.2219
   8.000   1.4127   0.02423   0.01281  -0.0887   0.3929   0.7166  62.9131 262.2219
   8.000   1.4127   0.02423   0.01281  -0.0887   0.3929   0.7166  62.9131 262.2219
   8.000   1.4127   0.02423   0.01281  -0.0887   0.3929   0.7166  62.9131 262.2219
   9.000   1.5276   0.02518   0.01318  -0.0923   0.3872   0.7201  63.5276 262.5066
   9.000   1.5276   0.02518   0.01318  -0.0923   0.3872   0.7201  63.5276 262.5066
   9.000   1.5276   0.02518   0.01318  -0.0923   0.3872   0.7201  63.5276 262.5066
   9.000   1.5276   0.02518   0.01318  -0.0923   0.3872   0.7201  63.5276 262.5066
   9.000   1.5276   0.02518   0.01318  -0.0923   0.3872   0.7201  63.5276 262.5066
  10.000   1.6479   0.02525   0.01233  -0.0962   0.3818   0.7239  64.1103 262.8189
  10.000   1.6479   0.02525   0.01233  -0.0962   0.3818   0.7239  64.1103 262.8187
  10.000   1.6479   0.02525   0.01233  -0.0962   0.3818   0.7239  64.1103 262.8187
  10.000   1.6479   0.02525   0.01233  -0.0962   0.3818   0.7239  64.1103 262.8187
  10.000   1.6479   0.02525   0.01233  -0.0962   0.3818   0.7239  64.1103 262.8187
  11.000   1.7583   0.02567   0.01187  -0.0989   0.3752   0.7276  64.8419 263.1200
  11.000   1.7583   0.02567   0.01187  -0.0989   0.3752   0.7276  64.8419 263.1200
  11.000   1.7583   0.02567   0.01187  -0.0989   0.3752   0.7276  64.8419 263.1200
  11.000   1.7583   0.02567   0.01187  -0.0989   0.3752   0.7276  64.8419 263.1200
  11.000   1.7583   0.02567   0.01187  -0.0989   0.3752   0.7276  64.8419 263.1200
  12.000   1.8576   0.02635   0.01138  -0.1000   0.3676   0.7314  65.7125 263.4398
  12.000   1.8576   0.02635   0.01138  -0.1000   0.3676   0.7314  65.7125 263.4398
  12.000   1.8576   0.02635   0.01138  -0.1000   0.3676   0.7314  65.7125 263.4398
  12.000   1.8576   0.02635   0.01138  -0.1000   0.3676   0.7314  65.7125 263.4398
  12.000   1.8576   0.02635   0.01138  -0.1000   0.3676   0.7314  65.7125 263.4398
  13.000   1.9408   0.02777   0.01117  -0.0989   0.3604   0.7356  66.5515 263.7836
  13.000   1.9408   0.02777   0.01117  -0.0989   0.3604   0.7356  66.5515 263.7833
  13.000   1.9408   0.02777   0.01117  -0.0989   0.3604   0.7356  66.5515 263.7833
  13.000   1.9408   0.02777   0.01117  -0.0989   0.3604   0.7356  66.5515 263.7833
  13.000   1.9408   0.02777   0.01117  -0.0989   0.3604   0.7356  66.5515 263.7833
  14.000   1.9609   0.03175   0.01205  -0.0901   0.3516   0.7397  67.5945 264.1260
  14.000   1.9609   0.03175   0.01205  -0.0901   0.3516   0.7397  67.5945 264.1261
  14.000   1.9609   0.03175   0.01205  -0.0901   0.3516   0.7397  67.5945 264.1262
  14.000   1.9609   0.03175   0.01205  -0.0901   0.3516   0.7397  67.5945 264.1262
  14.000   1.9609   0.03175   0.01205  -0.0901   0.3516   0.7397  67.5945 264.1262
  15.000   1.9629   0.04036   0.01563  -0.0870   0.3401   0.7444  68.9912 264.5180
  15.000   1.9629   0.04036   0.01563  -0.0870   0.3401   0.7444  68.9911 264.5185
  15.000   1.9629   0.04036   0.01563  -0.0870   0.3401   0.7444  68.9911 264.5185
  15.000   1.9629   0.04036   0.01563  -0.0870   0.3401   0.7444  68.9911 264.5186
  15.000   1.9629   0.04036   0.01563  -0.0870   0.3401   0.7444  68.9911 264.5186
  16.000   1.8825   0.05937   0.02597  -0.0851   0.3237   0.7483  71.0270 264.8435
  16.000   1.8825   0.05937   0.02597  -0.0851   0.3237   0.7483  71.0271 264.8436
  16.000   1.8824   0.05937   0.02597  -0.0851   0.3237   0.7483  71.0271 264.8436
  16.000   1.8824   0.05937   0.02597  -0.0851   0.3237   0.7483  71.0271 264.8437
  16.000   1.8824   0.05937   0.02597  -0.0851   0.3237   0.7483  71.0271 264.8437
  17.000   1.7411   0.08715   0.04459  -0.0847   0.3009   0.7506  73.8801 265.0372
  17.000   1.7411   0.08715   0.04459  -0.0847   0.3009   0.7506  73.8801 265.0370
  17.000   1.7411   0.08715   0.04459  -0.0847   0.3009   0.7506  73.8801 265.0369
  17.000   1.7411   0.08715   0.04459  -0.0847   0.3009   0.7506  73.8801 265.0368
  17.000   1.7411   0.08715   0.04459  -0.0847   0.3009   0.7506  73.8801 265.0368
  18.000   1.6560   0.11012   0.06336  -0.0872   0.2774   0.7537  76.8972 265.3014
  18.000   1.6560   0.11012   0.06336  -0.0872   0.2774   0.7537  76.8972 265.3010
  18.000   1.6560   0.11012   0.06336  -0.0872   0.2774   0.7537  76.8972 265.3009
  18.000   1.6560   0.11012   0.06336  -0.0872   0.2774   0.7537  76.8972 265.3009
  18.000   1.6560   0.11012   0.06336  -0.0872   0.2774   0.7537  76.8972 265.3009
  19.000   1.6502   0.12343   0.07504  -0.0908   0.2570   0.7597  79.5733 265.8015
  19.000   1.6502   0.12344   0.07504  -0.0908   0.2570   0.7596  79.5732 265.8005
  19.000   1.6502   0.12344   0.07504  -0.0908   0.2570   0.7596  79.5732 265.8003
  19.000   1.6502   0.12344   0.07504  -0.0908   0.2570   0.7596  79.5732 265.8002
  19.000   1.6502   0.12344   0.07504  -0.0908   0.2570   0.7596  79.5732 265.8002
