  
       XFOIL         Version 6.99
  
 Calculated polar for: FX 77-W-270                                     
  
 1 1 Reynolds number fixed          Mach number fixed         
  
 xtrf =   1.000 (top)        1.000 (bottom)  
 Mach =   0.000     Re =     0.425 e 6     Ncrit =   9.000  9.000
  
   alpha    CL        CD       CDp       CM     Top_Xtr  Bot_Xtr  Top_Itr  Bot_Itr
  ------ -------- --------- --------- -------- -------- -------- -------- --------
   0.000   0.3937   0.02237   0.01331  -0.0487   0.4320   0.6833  59.0619 259.4841
   0.000   0.3937   0.02237   0.01331  -0.0487   0.4320   0.6833  59.0619 259.4841
   0.000   0.3937   0.02237   0.01331  -0.0487   0.4320   0.6833  59.0619 259.4841
   0.000   0.3937   0.02237   0.01331  -0.0487   0.4320   0.6833  59.0619 259.4841
   0.000   0.3937   0.02237   0.01331  -0.0487   0.4320   0.6833  59.0619 259.4841
   1.000   0.5230   0.02270   0.01372  -0.0536   0.4271   0.6923  59.5130 260.2219
   1.000   0.5230   0.02270   0.01372  -0.0536   0.4271   0.6923  59.5130 260.2220
   1.000   0.5230   0.02270   0.01372  -0.0536   0.4271   0.6923  59.5130 260.2220
   1.000   0.5230   0.02270   0.01372  -0.0536   0.4271   0.6923  59.5130 260.2220
   1.000   0.5230   0.02270   0.01372  -0.0536   0.4271   0.6923  59.5130 260.2220
   2.000   0.6517   0.02305   0.01377  -0.0584   0.4233   0.6983  59.8723 260.7221
   2.000   0.6517   0.02305   0.01377  -0.0584   0.4233   0.6983  59.8723 260.7220
   2.000   0.6517   0.02305   0.01377  -0.0584   0.4233   0.6983  59.8723 260.7220
   2.000   0.6517   0.02305   0.01377  -0.0584   0.4233   0.6983  59.8723 260.7220
   2.000   0.6517   0.02305   0.01377  -0.0584   0.4233   0.6983  59.8723 260.7220
   3.000   0.7812   0.02357   0.01409  -0.0642   0.4185   0.7031  60.3268 261.1105
   3.000   0.7812   0.02357   0.01409  -0.0642   0.4185   0.7031  60.3268 261.1105
   3.000   0.7812   0.02357   0.01409  -0.0642   0.4185   0.7031  60.3268 261.1105
   3.000   0.7812   0.02357   0.01409  -0.0642   0.4185   0.7031  60.3268 261.1105
   3.000   0.7812   0.02357   0.01409  -0.0642   0.4185   0.7031  60.3268 261.1105
   4.000   0.9075   0.02385   0.01412  -0.0687   0.4137   0.7075  60.7951 261.4706
   4.000   0.9075   0.02385   0.01412  -0.0687   0.4137   0.7075  60.7951 261.4706
   4.000   0.9075   0.02385   0.01412  -0.0687   0.4137   0.7075  60.7951 261.4706
   4.000   0.9075   0.02385   0.01412  -0.0687   0.4137   0.7075  60.7951 261.4706
   4.000   0.9075   0.02385   0.01412  -0.0687   0.4137   0.7075  60.7951 261.4706
   5.000   1.0339   0.02450   0.01429  -0.0739   0.4086   0.7128  61.2984 261.9085
   5.000   1.0339   0.02450   0.01429  -0.0739   0.4086   0.7128  61.2988 261.9095
   5.000   1.0339   0.02450   0.01429  -0.0739   0.4086   0.7128  61.2988 261.9095
   5.000   1.0339   0.02450   0.01429  -0.0739   0.4086   0.7128  61.2988 261.9095
   5.000   1.0339   0.02450   0.01429  -0.0739   0.4086   0.7128  61.2988 261.9095
   6.000   1.1588   0.02488   0.01433  -0.0786   0.4039   0.7161  61.7747 262.1815
   6.000   1.1588   0.02488   0.01433  -0.0786   0.4039   0.7161  61.7747 262.1816
   6.000   1.1588   0.02488   0.01433  -0.0786   0.4039   0.7161  61.7747 262.1816
   6.000   1.1588   0.02488   0.01433  -0.0786   0.4039   0.7161  61.7747 262.1816
   6.000   1.1588   0.02488   0.01433  -0.0786   0.4039   0.7161  61.7747 262.1816
   7.000   1.2798   0.02580   0.01469  -0.0830   0.3996   0.7196  62.2176 262.4640
   7.000   1.2798   0.02580   0.01469  -0.0830   0.3996   0.7196  62.2176 262.4641
   7.000   1.2798   0.02580   0.01469  -0.0830   0.3996   0.7196  62.2176 262.4641
   7.000   1.2798   0.02580   0.01469  -0.0830   0.3996   0.7196  62.2176 262.4641
   7.000   1.2798   0.02580   0.01469  -0.0830   0.3996   0.7196  62.2176 262.4641
   8.000   1.3996   0.02658   0.01489  -0.0872   0.3946   0.7239  62.7349 262.8176
   8.000   1.3996   0.02658   0.01489  -0.0872   0.3946   0.7239  62.7349 262.8174
   8.000   1.3996   0.02658   0.01489  -0.0872   0.3946   0.7239  62.7349 262.8174
   8.000   1.3996   0.02658   0.01489  -0.0872   0.3946   0.7239  62.7349 262.8174
   8.000   1.3996   0.02658   0.01489  -0.0872   0.3946   0.7239  62.7349 262.8174
   9.000   1.5169   0.02751   0.01501  -0.0911   0.3902   0.7273  63.2022 263.0966
   9.000   1.5169   0.02751   0.01501  -0.0911   0.3902   0.7273  63.2022 263.0963
   9.000   1.5169   0.02751   0.01501  -0.0911   0.3902   0.7273  63.2022 263.0963
   9.000   1.5169   0.02751   0.01501  -0.0911   0.3902   0.7273  63.2022 263.0963
   9.000   1.5169   0.02751   0.01501  -0.0911   0.3902   0.7273  63.2022 263.0963
  10.000   1.6322   0.02778   0.01453  -0.0944   0.3845   0.7308  63.8238 263.3854
  10.000   1.6322   0.02778   0.01453  -0.0944   0.3845   0.7308  63.8238 263.3851
  10.000   1.6322   0.02778   0.01453  -0.0944   0.3845   0.7308  63.8238 263.3851
  10.000   1.6322   0.02778   0.01453  -0.0944   0.3845   0.7308  63.8238 263.3851
  10.000   1.6322   0.02778   0.01453  -0.0944   0.3845   0.7308  63.8238 263.3851
  11.000   1.7373   0.02854   0.01420  -0.0965   0.3776   0.7350  64.5816 263.7392
  11.000   1.7373   0.02854   0.01420  -0.0965   0.3776   0.7350  64.5816 263.7390
  11.000   1.7373   0.02854   0.01420  -0.0965   0.3776   0.7350  64.5816 263.7390
  11.000   1.7373   0.02854   0.01420  -0.0965   0.3776   0.7350  64.5816 263.7390
  11.000   1.7373   0.02854   0.01420  -0.0965   0.3776   0.7350  64.5816 263.7390
  12.000   1.8393   0.02904   0.01339  -0.0980   0.3709   0.7391  65.3308 264.0735
  12.000   1.8393   0.02904   0.01339  -0.0980   0.3709   0.7391  65.3307 264.0732
  12.000   1.8393   0.02904   0.01339  -0.0980   0.3709   0.7391  65.3307 264.0732
  12.000   1.8393   0.02904   0.01339  -0.0980   0.3709   0.7391  65.3307 264.0732
  12.000   1.8393   0.02904   0.01339  -0.0980   0.3709   0.7391  65.3307 264.0732
  13.000   1.2283   0.10078   0.06951  -0.0743   0.3206   0.7371  71.4185 263.9073
  13.000   1.2283   0.10078   0.06951  -0.0743   0.3206   0.7371  71.4180 263.9082
  13.000   1.2283   0.10078   0.06951  -0.0743   0.3206   0.7371  71.4182 263.9081
  13.000   1.2283   0.10078   0.06951  -0.0743   0.3206   0.7371  71.4181 263.9082
  13.000   1.2283   0.10078   0.06951  -0.0743   0.3206   0.7371  71.4181 263.9082
  14.000   1.9618   0.03276   0.01272  -0.0900   0.3563   0.7481  67.0333 264.8271
  14.000   1.9618   0.03276   0.01272  -0.0900   0.3563   0.7481  67.0333 264.8273
  14.000   1.9618   0.03276   0.01272  -0.0900   0.3563   0.7481  67.0333 264.8273
  14.000   1.9618   0.03276   0.01272  -0.0900   0.3563   0.7481  67.0333 264.8273
  14.000   1.9618   0.03276   0.01272  -0.0900   0.3563   0.7481  67.0333 264.8273
  15.000   1.8696   0.04943   0.02167  -0.0828   0.3433   0.7517  68.6054 265.1325
  15.000   1.8696   0.04943   0.02167  -0.0828   0.3433   0.7517  68.6053 265.1325
  15.000   1.8696   0.04943   0.02167  -0.0828   0.3433   0.7517  68.6053 265.1324
  15.000   1.8696   0.04943   0.02167  -0.0828   0.3433   0.7517  68.6053 265.1324
  15.000   1.8696   0.04943   0.02167  -0.0828   0.3433   0.7517  68.6053 265.1324
  16.000   1.6767   0.08227   0.04361  -0.0814   0.3199   0.7533  71.4984 265.2655
  16.000   1.6767   0.08227   0.04361  -0.0814   0.3199   0.7533  71.4979 265.2654
  16.000   1.6768   0.08227   0.04361  -0.0814   0.3199   0.7533  71.4976 265.2653
  16.000   1.6768   0.08227   0.04361  -0.0814   0.3199   0.7533  71.4975 265.2654
  16.000   1.6768   0.08227   0.04361  -0.0814   0.3199   0.7533  71.4974 265.2653
  18.000   1.5921   0.11792   0.07232  -0.0869   0.2780   0.7619  76.8273 265.9897
  18.000   1.5921   0.11792   0.07232  -0.0869   0.2780   0.7619  76.8273 265.9897
  18.000   1.5921   0.11792   0.07232  -0.0869   0.2780   0.7619  76.8273 265.9898
  18.000   1.5921   0.11792   0.07232  -0.0869   0.2780   0.7619  76.8273 265.9898
  18.000   1.5921   0.11792   0.07232  -0.0869   0.2780   0.7619  76.8273 265.9898
  19.000   1.6355   0.12491   0.07697  -0.0903   0.2618   0.7692  78.9354 266.6113
  19.000   1.6355   0.12491   0.07697  -0.0903   0.2618   0.7692  78.9354 266.6107
  19.000   1.6355   0.12491   0.07697  -0.0903   0.2618   0.7692  78.9354 266.6105
  19.000   1.6355   0.12491   0.07697  -0.0903   0.2618   0.7692  78.9354 266.6105
  19.000   1.6355   0.12491   0.07697  -0.0903   0.2618   0.7692  78.9354 266.6105
