  
       XFOIL         Version 6.99
  
 Calculated polar for: FX 77-W-270                                     
  
 1 1 Reynolds number fixed          Mach number fixed         
  
 xtrf =   1.000 (top)        1.000 (bottom)  
 Mach =   0.000     Re =     0.500 e 6     Ncrit =   9.000  9.000
  
   alpha    CL        CD       CDp       CM     Top_Xtr  Bot_Xtr  Top_Itr  Bot_Itr
  ------ -------- --------- --------- -------- -------- -------- -------- --------
   0.000   0.4038   0.02003   0.01141  -0.0519   0.4261   0.6745  59.6067 258.7621
   0.000   0.4038   0.02003   0.01141  -0.0519   0.4261   0.6745  59.6067 258.7622
   0.000   0.4038   0.02003   0.01141  -0.0519   0.4261   0.6745  59.6067 258.7623
   0.000   0.4038   0.02003   0.01141  -0.0519   0.4261   0.6745  59.6067 258.7623
   0.000   0.4038   0.02003   0.01141  -0.0519   0.4261   0.6745  59.6067 258.7623
   1.000   0.5309   0.02066   0.01179  -0.0556   0.4225   0.6839  59.9434 259.5336
   1.000   0.5309   0.02066   0.01179  -0.0556   0.4225   0.6839  59.9441 259.5340
   1.000   0.5309   0.02066   0.01179  -0.0556   0.4225   0.6839  59.9441 259.5340
   1.000   0.5309   0.02066   0.01179  -0.0556   0.4225   0.6839  59.9441 259.5340
   1.000   0.5309   0.02066   0.01179  -0.0556   0.4225   0.6839  59.9441 259.5340
   2.000   0.6618   0.02099   0.01199  -0.0612   0.4183   0.6903  60.3502 260.0604
   2.000   0.6618   0.02099   0.01199  -0.0612   0.4183   0.6903  60.3502 260.0604
   2.000   0.6618   0.02099   0.01199  -0.0612   0.4183   0.6903  60.3502 260.0604
   2.000   0.6618   0.02099   0.01199  -0.0612   0.4183   0.6903  60.3502 260.0604
   2.000   0.6618   0.02099   0.01199  -0.0612   0.4183   0.6903  60.3502 260.0604
   3.000   0.7896   0.02120   0.01207  -0.0658   0.4141   0.6937  60.7557 260.3433
   3.000   0.7896   0.02120   0.01207  -0.0658   0.4141   0.6937  60.7557 260.3433
   3.000   0.7896   0.02120   0.01207  -0.0658   0.4141   0.6937  60.7557 260.3433
   3.000   0.7896   0.02120   0.01207  -0.0658   0.4141   0.6937  60.7557 260.3433
   3.000   0.7896   0.02120   0.01207  -0.0658   0.4141   0.6937  60.7557 260.3433
   4.000   0.9173   0.02166   0.01212  -0.0707   0.4096   0.6990  61.1936 260.7737
   4.000   0.9173   0.02166   0.01212  -0.0707   0.4096   0.6990  61.1936 260.7737
   4.000   0.9173   0.02166   0.01212  -0.0707   0.4096   0.6990  61.1936 260.7737
   4.000   0.9173   0.02166   0.01212  -0.0707   0.4096   0.6990  61.1936 260.7737
   4.000   0.9173   0.02166   0.01212  -0.0707   0.4096   0.6990  61.1936 260.7737
   5.000   1.0446   0.02191   0.01212  -0.0757   0.4047   0.7032  61.6956 261.1202
   5.000   1.0446   0.02191   0.01212  -0.0757   0.4047   0.7032  61.6956 261.1202
   5.000   1.0446   0.02191   0.01212  -0.0757   0.4047   0.7032  61.6956 261.1202
   5.000   1.0446   0.02191   0.01212  -0.0757   0.4047   0.7032  61.6956 261.1202
   5.000   1.0446   0.02191   0.01212  -0.0757   0.4047   0.7032  61.6956 261.1202
   6.000   1.1700   0.02236   0.01206  -0.0802   0.4007   0.7063  62.1035 261.3792
   6.000   1.1700   0.02236   0.01206  -0.0802   0.4007   0.7063  62.1035 261.3792
   6.000   1.1700   0.02236   0.01206  -0.0802   0.4007   0.7063  62.1035 261.3792
   6.000   1.1700   0.02236   0.01206  -0.0802   0.4007   0.7063  62.1035 261.3792
   6.000   1.1700   0.02236   0.01206  -0.0802   0.4007   0.7063  62.1035 261.3792
   7.000   1.2925   0.02297   0.01234  -0.0847   0.3956   0.7100  62.6292 261.6796
   7.000   1.2925   0.02297   0.01234  -0.0847   0.3956   0.7100  62.6292 261.6796
   7.000   1.2925   0.02297   0.01234  -0.0847   0.3956   0.7100  62.6292 261.6796
   7.000   1.2925   0.02297   0.01234  -0.0847   0.3956   0.7100  62.6292 261.6796
   7.000   1.2925   0.02297   0.01234  -0.0847   0.3956   0.7100  62.6292 261.6796
   8.000   1.4179   0.02350   0.01202  -0.0895   0.3920   0.7139  63.0089 261.9977
   8.000   1.4179   0.02350   0.01202  -0.0895   0.3920   0.7139  63.0089 261.9977
   8.000   1.4179   0.02350   0.01202  -0.0895   0.3920   0.7139  63.0089 261.9977
   8.000   1.4179   0.02350   0.01202  -0.0895   0.3920   0.7139  63.0089 261.9977
   8.000   1.4179   0.02350   0.01202  -0.0895   0.3920   0.7139  63.0089 261.9977
   9.000   1.5332   0.02411   0.01228  -0.0929   0.3860   0.7169  63.6556 262.2492
   9.000   1.5332   0.02411   0.01228  -0.0929   0.3860   0.7169  63.6556 262.2492
   9.000   1.5332   0.02411   0.01228  -0.0929   0.3860   0.7169  63.6556 262.2492
   9.000   1.5332   0.02411   0.01228  -0.0929   0.3860   0.7169  63.6556 262.2492
   9.000   1.5332   0.02411   0.01228  -0.0929   0.3860   0.7169  63.6556 262.2492
  10.000   1.6496   0.02442   0.01176  -0.0964   0.3799   0.7205  64.3226 262.5391
  10.000   1.6496   0.02442   0.01176  -0.0964   0.3799   0.7205  64.3226 262.5391
  10.000   1.6496   0.02442   0.01176  -0.0964   0.3799   0.7205  64.3226 262.5391
  10.000   1.6496   0.02442   0.01176  -0.0964   0.3799   0.7205  64.3226 262.5391
  10.000   1.6496   0.02442   0.01176  -0.0964   0.3799   0.7205  64.3226 262.5391
  11.000   1.7665   0.02460   0.01095  -0.0999   0.3742   0.7246  64.9587 262.8742
  11.000   1.7665   0.02460   0.01095  -0.0999   0.3742   0.7246  64.9587 262.8740
  11.000   1.7665   0.02460   0.01095  -0.0999   0.3742   0.7246  64.9587 262.8740
  11.000   1.7665   0.02460   0.01095  -0.0999   0.3742   0.7246  64.9587 262.8740
  11.000   1.7665   0.02460   0.01095  -0.0999   0.3742   0.7246  64.9587 262.8740
  12.000   1.8670   0.02523   0.01050  -0.1011   0.3663   0.7281  65.8575 263.1689
  12.000   1.8670   0.02523   0.01050  -0.1011   0.3663   0.7281  65.8575 263.1685
  12.000   1.8670   0.02523   0.01050  -0.1011   0.3663   0.7281  65.8575 263.1685
  12.000   1.8670   0.02523   0.01050  -0.1011   0.3663   0.7281  65.8575 263.1685
  12.000   1.8670   0.02523   0.01050  -0.1011   0.3663   0.7281  65.8575 263.1685
  13.000   1.9512   0.02664   0.01039  -0.1002   0.3588   0.7320  66.7314 263.4868
  13.000   1.9512   0.02664   0.01039  -0.1002   0.3588   0.7320  66.7314 263.4869
  13.000   1.9512   0.02664   0.01039  -0.1002   0.3588   0.7320  66.7314 263.4869
  13.000   1.9512   0.02664   0.01039  -0.1002   0.3588   0.7320  66.7314 263.4869
  13.000   1.9512   0.02664   0.01039  -0.1002   0.3588   0.7320  66.7314 263.4869
  14.000   1.9777   0.03027   0.01107  -0.0918   0.3497   0.7365  67.8217 263.8574
  14.000   1.9777   0.03027   0.01107  -0.0918   0.3497   0.7365  67.8217 263.8576
  14.000   1.9777   0.03027   0.01107  -0.0918   0.3497   0.7365  67.8217 263.8576
  14.000   1.9777   0.03027   0.01107  -0.0918   0.3497   0.7365  67.8217 263.8576
  14.000   1.9777   0.03027   0.01107  -0.0918   0.3497   0.7365  67.8217 263.8576
  15.000   1.9606   0.04076   0.01597  -0.0877   0.3371   0.7406  69.3658 264.2022
  15.000   1.9606   0.04076   0.01597  -0.0877   0.3371   0.7406  69.3658 264.2023
  15.000   1.9606   0.04076   0.01597  -0.0877   0.3371   0.7406  69.3658 264.2023
  15.000   1.9606   0.04076   0.01597  -0.0877   0.3371   0.7406  69.3658 264.2024
  15.000   1.9606   0.04076   0.01597  -0.0877   0.3371   0.7406  69.3658 264.2024
  16.000   1.8632   0.06176   0.02776  -0.0855   0.3201   0.7439  71.4723 264.4806
  16.000   1.8632   0.06176   0.02776  -0.0855   0.3201   0.7439  71.4724 264.4808
  16.000   1.8632   0.06176   0.02776  -0.0855   0.3201   0.7439  71.4724 264.4808
  16.000   1.8632   0.06176   0.02776  -0.0855   0.3201   0.7439  71.4724 264.4809
  16.000   1.8632   0.06176   0.02776  -0.0855   0.3201   0.7439  71.4724 264.4810
  17.000   1.7750   0.08330   0.04135  -0.0853   0.3002   0.7473  73.9735 264.7617
  17.000   1.7750   0.08330   0.04135  -0.0853   0.3002   0.7473  73.9735 264.7614
  17.000   1.7750   0.08330   0.04135  -0.0853   0.3002   0.7473  73.9735 264.7613
  17.000   1.7750   0.08330   0.04135  -0.0853   0.3002   0.7473  73.9735 264.7613
  17.000   1.7750   0.08330   0.04135  -0.0853   0.3002   0.7473  73.9735 264.7613
  18.000   1.6839   0.10679   0.05976  -0.0875   0.2768   0.7504  76.9860 265.0170
  18.000   1.6839   0.10679   0.05976  -0.0875   0.2768   0.7504  76.9860 265.0168
  18.000   1.6839   0.10679   0.05976  -0.0875   0.2768   0.7504  76.9860 265.0168
  18.000   1.6839   0.10679   0.05976  -0.0875   0.2768   0.7504  76.9860 265.0167
  19.000   1.6675   0.12134   0.07240  -0.0908   0.2555   0.7556  79.7617 265.4565
  19.000   1.6675   0.12134   0.07240  -0.0908   0.2555   0.7556  79.7616 265.4561
  19.000   1.6675   0.12134   0.07240  -0.0908   0.2555   0.7556  79.7616 265.4560
  19.000   1.6675   0.12134   0.07240  -0.0908   0.2555   0.7556  79.7616 265.4559
  19.000   1.6675   0.12134   0.07240  -0.0908   0.2555   0.7556  79.7616 265.4559
