  
       XFOIL         Version 6.99
  
 Calculated polar for: FX 77-W-270                                     
  
 1 1 Reynolds number fixed          Mach number fixed         
  
 xtrf =   1.000 (top)        1.000 (bottom)  
 Mach =   0.000     Re =     0.300 e 6     Ncrit =   9.000  9.000
  
   alpha    CL        CD       CDp       CM     Top_Xtr  Bot_Xtr  Top_Itr  Bot_Itr
  ------ -------- --------- --------- -------- -------- -------- -------- --------
   0.000   0.3668   0.02777   0.01822  -0.0405   0.4451   0.7044  57.8853 261.2185
   0.000   0.3668   0.02777   0.01822  -0.0405   0.4451   0.7044  57.8854 261.2188
   0.000   0.3668   0.02777   0.01822  -0.0405   0.4451   0.7044  57.8854 261.2188
   0.000   0.3668   0.02777   0.01822  -0.0405   0.4451   0.7044  57.8854 261.2188
   0.000   0.3668   0.02777   0.01822  -0.0405   0.4451   0.7044  57.8854 261.2188
   1.000   0.4976   0.02851   0.01885  -0.0473   0.4394   0.7142  58.3983 262.0206
   1.000   0.4976   0.02851   0.01885  -0.0473   0.4394   0.7142  58.3983 262.0207
   1.000   0.4976   0.02851   0.01885  -0.0473   0.4394   0.7142  58.3983 262.0207
   1.000   0.4976   0.02851   0.01885  -0.0473   0.4394   0.7142  58.3983 262.0207
   1.000   0.4976   0.02851   0.01885  -0.0473   0.4394   0.7142  58.3983 262.0207
   2.000   0.6202   0.02903   0.01927  -0.0510   0.4347   0.7201  58.8152 262.5113
   2.000   0.6202   0.02903   0.01927  -0.0510   0.4347   0.7201  58.8152 262.5114
   2.000   0.6202   0.02903   0.01927  -0.0510   0.4347   0.7201  58.8152 262.5114
   2.000   0.6202   0.02903   0.01927  -0.0510   0.4347   0.7201  58.8152 262.5114
   2.000   0.6202   0.02903   0.01927  -0.0510   0.4347   0.7201  58.8152 262.5114
   3.000   0.7490   0.03024   0.02015  -0.0582   0.4286   0.7266  59.3740 263.0416
   3.000   0.7490   0.03024   0.02015  -0.0582   0.4286   0.7266  59.3740 263.0415
   3.000   0.7490   0.03024   0.02015  -0.0582   0.4286   0.7266  59.3740 263.0415
   3.000   0.7490   0.03024   0.02015  -0.0582   0.4286   0.7266  59.3740 263.0415
   3.000   0.7490   0.03024   0.02015  -0.0582   0.4286   0.7266  59.3740 263.0415
   4.000   0.8721   0.03072   0.02030  -0.0625   0.4236   0.7309  59.8377 263.3984
   4.000   0.8721   0.03072   0.02030  -0.0625   0.4236   0.7309  59.8377 263.3984
   4.000   0.8721   0.03072   0.02030  -0.0625   0.4236   0.7309  59.8377 263.3984
   4.000   0.8721   0.03072   0.02030  -0.0625   0.4236   0.7309  59.8377 263.3984
   4.000   0.8721   0.03072   0.02030  -0.0625   0.4236   0.7309  59.8377 263.3984
   5.000   0.9908   0.03248   0.02154  -0.0679   0.4165   0.7374  60.5261 263.9352
   5.000   0.9908   0.03248   0.02154  -0.0679   0.4165   0.7374  60.5259 263.9348
   5.000   0.9908   0.03248   0.02154  -0.0679   0.4165   0.7374  60.5259 263.9348
   5.000   0.9908   0.03248   0.02154  -0.0679   0.4165   0.7374  60.5259 263.9348
   5.000   0.9908   0.03248   0.02154  -0.0679   0.4165   0.7374  60.5259 263.9348
   6.000   1.1139   0.03305   0.02149  -0.0725   0.4126   0.7411  60.8958 264.2433
   6.000   1.1139   0.03305   0.02149  -0.0725   0.4126   0.7411  60.8958 264.2434
   6.000   1.1139   0.03305   0.02149  -0.0725   0.4126   0.7411  60.8958 264.2434
   6.000   1.1139   0.03305   0.02149  -0.0725   0.4126   0.7411  60.8958 264.2434
   6.000   1.1139   0.03305   0.02149  -0.0725   0.4126   0.7411  60.8958 264.2434
   7.000   0.9495   0.05876   0.04213  -0.0596   0.3899   0.7438  63.2378 264.4657
   7.000   0.9495   0.05876   0.04213  -0.0596   0.3899   0.7438  63.2377 264.4659
   7.000   0.9495   0.05876   0.04213  -0.0596   0.3899   0.7438  63.2377 264.4659
   7.000   0.9495   0.05876   0.04213  -0.0596   0.3899   0.7438  63.2377 264.4659
   7.000   0.9495   0.05876   0.04213  -0.0596   0.3899   0.7438  63.2377 264.4659
   8.000   1.0992   0.05442   0.03726  -0.0621   0.3901   0.7480  63.2152 264.8214
   8.000   1.0992   0.05443   0.03726  -0.0621   0.3901   0.7480  63.2152 264.8211
   8.000   1.0992   0.05443   0.03726  -0.0621   0.3901   0.7480  63.2152 264.8211
   8.000   1.0992   0.05443   0.03726  -0.0621   0.3901   0.7480  63.2152 264.8211
   8.000   1.0992   0.05443   0.03726  -0.0621   0.3901   0.7480  63.2152 264.8211
   9.000   1.2862   0.04860   0.03159  -0.0686   0.3904   0.7522  63.1857 265.1708
   9.000   1.2862   0.04860   0.03159  -0.0686   0.3904   0.7522  63.1857 265.1708
   9.000   1.2862   0.04860   0.03159  -0.0686   0.3904   0.7522  63.1857 265.1708
   9.000   1.2862   0.04860   0.03159  -0.0686   0.3904   0.7522  63.1857 265.1708
   9.000   1.2862   0.04860   0.03159  -0.0686   0.3904   0.7522  63.1857 265.1708
  15.000   1.0491   0.15606   0.13745  -0.0842   0.2701   0.7683  77.8550 266.5374
  15.000   1.0491   0.15606   0.13745  -0.0842   0.2701   0.7683  77.8550 266.5371
  15.000   1.0491   0.15606   0.13745  -0.0842   0.2701   0.7683  77.8550 266.5371
  15.000   1.0491   0.15606   0.13745  -0.0842   0.2701   0.7683  77.8550 266.5371
  15.000   1.0491   0.15606   0.13745  -0.0842   0.2701   0.7683  77.8550 266.5371
  16.000   1.1239   0.15864   0.13904  -0.0874   0.2621   0.7738  78.9047 267.0022
  16.000   1.1239   0.15865   0.13904  -0.0874   0.2621   0.7738  78.9047 267.0020
  16.000   1.1239   0.15865   0.13904  -0.0874   0.2621   0.7738  78.9047 267.0020
  16.000   1.1239   0.15865   0.13904  -0.0874   0.2621   0.7738  78.9047 267.0019
  16.000   1.1239   0.15865   0.13904  -0.0874   0.2621   0.7738  78.9047 267.0019
  17.000   1.1922   0.16190   0.14189  -0.0908   0.2529   0.7798  80.1085 267.5168
  17.000   1.1922   0.16190   0.14189  -0.0908   0.2529   0.7798  80.1086 267.5147
