  
       XFOIL         Version 6.99
  
 Calculated polar for: FX 77-W-270                                     
  
 1 1 Reynolds number fixed          Mach number fixed         
  
 xtrf =   1.000 (top)        1.000 (bottom)  
 Mach =   0.000     Re =     0.375 e 6     Ncrit =   9.000  9.000
  
   alpha    CL        CD       CDp       CM     Top_Xtr  Bot_Xtr  Top_Itr  Bot_Itr
  ------ -------- --------- --------- -------- -------- -------- -------- --------
   0.000   0.3864   0.02406   0.01498  -0.0465   0.4360   0.6916  58.7011 260.1696
   0.000   0.3864   0.02406   0.01498  -0.0465   0.4360   0.6916  58.7012 260.1697
   0.000   0.3864   0.02406   0.01498  -0.0465   0.4360   0.6916  58.7012 260.1697
   0.000   0.3864   0.02406   0.01498  -0.0465   0.4360   0.6916  58.7012 260.1697
   0.000   0.3864   0.02406   0.01498  -0.0465   0.4360   0.6916  58.7012 260.1697
   1.000   0.5148   0.02462   0.01515  -0.0513   0.4320   0.6994  59.0652 260.8072
   1.000   0.5148   0.02462   0.01515  -0.0513   0.4319   0.6994  59.0653 260.8076
   1.000   0.5148   0.02462   0.01515  -0.0513   0.4319   0.6994  59.0653 260.8076
   1.000   0.5148   0.02462   0.01515  -0.0513   0.4319   0.6994  59.0653 260.8076
   1.000   0.5148   0.02462   0.01515  -0.0513   0.4319   0.6994  59.0653 260.8076
   2.000   0.6422   0.02506   0.01572  -0.0563   0.4267   0.7054  59.5522 261.3005
   2.000   0.6422   0.02506   0.01572  -0.0563   0.4267   0.7054  59.5522 261.3005
   2.000   0.6422   0.02506   0.01572  -0.0563   0.4267   0.7054  59.5522 261.3005
   2.000   0.6422   0.02506   0.01572  -0.0563   0.4267   0.7054  59.5522 261.3005
   2.000   0.6422   0.02506   0.01572  -0.0563   0.4267   0.7054  59.5522 261.3005
   3.000   0.7717   0.02542   0.01561  -0.0618   0.4227   0.7103  59.9220 261.7057
   3.000   0.7717   0.02542   0.01561  -0.0618   0.4227   0.7103  59.9220 261.7058
   3.000   0.7717   0.02542   0.01561  -0.0618   0.4227   0.7103  59.9220 261.7058
   3.000   0.7717   0.02542   0.01561  -0.0618   0.4227   0.7103  59.9220 261.7058
   3.000   0.7717   0.02542   0.01561  -0.0618   0.4227   0.7103  59.9220 261.7058
   4.000   0.8982   0.02617   0.01620  -0.0674   0.4167   0.7155  60.5065 262.1282
   4.000   0.8982   0.02617   0.01620  -0.0674   0.4167   0.7155  60.5065 262.1282
   4.000   0.8982   0.02617   0.01620  -0.0674   0.4167   0.7155  60.5065 262.1282
   4.000   0.8982   0.02617   0.01620  -0.0674   0.4167   0.7155  60.5065 262.1282
   4.000   0.8982   0.02617   0.01620  -0.0674   0.4167   0.7155  60.5065 262.1282
   5.000   1.0240   0.02643   0.01594  -0.0719   0.4124   0.7202  60.9236 262.5143
   5.000   1.0240   0.02643   0.01594  -0.0719   0.4124   0.7202  60.9236 262.5142
   5.000   1.0240   0.02643   0.01594  -0.0719   0.4124   0.7202  60.9236 262.5142
   5.000   1.0240   0.02643   0.01594  -0.0719   0.4124   0.7202  60.9236 262.5142
   5.000   1.0240   0.02643   0.01594  -0.0719   0.4124   0.7202  60.9236 262.5142
   6.000   1.1449   0.02765   0.01678  -0.0768   0.4064   0.7247  61.5237 262.8859
   6.000   1.1449   0.02765   0.01678  -0.0768   0.4064   0.7247  61.5237 262.8858
   6.000   1.1449   0.02765   0.01678  -0.0768   0.4064   0.7247  61.5237 262.8858
   6.000   1.1449   0.02765   0.01678  -0.0768   0.4064   0.7247  61.5237 262.8858
   6.000   1.1449   0.02765   0.01678  -0.0768   0.4064   0.7247  61.5237 262.8858
   7.000   1.2691   0.02816   0.01667  -0.0816   0.4027   0.7281  61.8979 263.1610
   7.000   1.2691   0.02816   0.01667  -0.0816   0.4027   0.7281  61.8979 263.1611
   7.000   1.2691   0.02816   0.01667  -0.0816   0.4027   0.7281  61.8979 263.1611
   7.000   1.2691   0.02816   0.01667  -0.0816   0.4027   0.7281  61.8979 263.1611
   7.000   1.2691   0.02816   0.01667  -0.0816   0.4027   0.7281  61.8979 263.1611
   8.000   1.3789   0.02990   0.01780  -0.0848   0.3968   0.7320  62.5121 263.4889
   8.000   1.3789   0.02990   0.01780  -0.0848   0.3968   0.7320  62.5121 263.4890
   8.000   1.3789   0.02990   0.01780  -0.0848   0.3968   0.7320  62.5121 263.4890
   8.000   1.3789   0.02990   0.01780  -0.0848   0.3968   0.7320  62.5121 263.4890
   8.000   1.3789   0.02990   0.01780  -0.0848   0.3968   0.7320  62.5121 263.4890
   9.000   1.4997   0.03045   0.01747  -0.0891   0.3931   0.7361  62.8983 263.8240
   9.000   1.4997   0.03045   0.01747  -0.0891   0.3931   0.7361  62.8983 263.8237
   9.000   1.4997   0.03045   0.01747  -0.0891   0.3931   0.7361  62.8983 263.8237
   9.000   1.4997   0.03045   0.01747  -0.0891   0.3931   0.7361  62.8983 263.8237
   9.000   1.4997   0.03045   0.01747  -0.0891   0.3931   0.7361  62.8983 263.8237
  10.000   1.5978   0.03235   0.01830  -0.0909   0.3865   0.7396  63.6013 264.1132
  10.000   1.5978   0.03235   0.01830  -0.0909   0.3865   0.7396  63.6013 264.1133
  10.000   1.5978   0.03235   0.01830  -0.0909   0.3865   0.7396  63.6013 264.1133
  10.000   1.5978   0.03235   0.01830  -0.0909   0.3865   0.7396  63.6013 264.1133
  10.000   1.5978   0.03235   0.01830  -0.0909   0.3865   0.7396  63.6013 264.1133
  11.000   1.7111   0.03230   0.01715  -0.0938   0.3811   0.7437  64.1861 264.4611
  11.000   1.7111   0.03230   0.01715  -0.0938   0.3811   0.7437  64.1861 264.4611
  11.000   1.7111   0.03230   0.01715  -0.0938   0.3811   0.7437  64.1861 264.4611
  11.000   1.7111   0.03230   0.01715  -0.0938   0.3811   0.7437  64.1861 264.4611
  11.000   1.7111   0.03230   0.01715  -0.0938   0.3811   0.7437  64.1861 264.4611
  12.000   1.8171   0.03232   0.01588  -0.0957   0.3747   0.7484  64.9000 264.8551
  12.000   1.8171   0.03232   0.01588  -0.0957   0.3747   0.7484  64.9000 264.8552
  12.000   1.8171   0.03232   0.01588  -0.0957   0.3747   0.7484  64.9000 264.8552
  12.000   1.8171   0.03232   0.01588  -0.0957   0.3747   0.7484  64.9000 264.8552
  12.000   1.8171   0.03232   0.01588  -0.0957   0.3747   0.7484  64.9000 264.8552
  13.000   1.8765   0.03426   0.01567  -0.0916   0.3668   0.7523  65.7988 265.1825
  13.000   1.8765   0.03426   0.01567  -0.0916   0.3668   0.7523  65.7988 265.1827
  13.000   1.8765   0.03426   0.01567  -0.0916   0.3668   0.7523  65.7988 265.1827
  13.000   1.8765   0.03426   0.01567  -0.0916   0.3668   0.7523  65.7988 265.1827
  13.000   1.8765   0.03426   0.01567  -0.0916   0.3668   0.7523  65.7988 265.1827
  14.000   1.5964   0.06765   0.03702  -0.0762   0.3472   0.7537  68.1309 265.2988
  14.000   1.5964   0.06765   0.03702  -0.0762   0.3472   0.7537  68.1311 265.2983
  14.000   1.5964   0.06765   0.03702  -0.0762   0.3472   0.7537  68.1311 265.2982
  14.000   1.5964   0.06765   0.03702  -0.0762   0.3472   0.7537  68.1311 265.2982
  14.000   1.5964   0.06765   0.03702  -0.0762   0.3472   0.7537  68.1311 265.2982
  15.000   1.8441   0.05194   0.02330  -0.0802   0.3482   0.7618  67.9993 265.9856
  15.000   1.8441   0.05195   0.02330  -0.0802   0.3482   0.7618  67.9993 265.9853
  15.000   1.8441   0.05195   0.02330  -0.0802   0.3482   0.7618  67.9993 265.9852
  15.000   1.8441   0.05195   0.02330  -0.0802   0.3482   0.7618  67.9993 265.9852
  15.000   1.8441   0.05195   0.02330  -0.0802   0.3482   0.7618  67.9993 265.9852
  19.000   1.5714   0.13304   0.08812  -0.0907   0.2621   0.7796  78.8980 267.5005
  19.000   1.5714   0.13305   0.08812  -0.0907   0.2621   0.7796  78.8979 267.4987
  19.000   1.5714   0.13305   0.08812  -0.0907   0.2621   0.7796  78.8979 267.4983
  19.000   1.5714   0.13305   0.08812  -0.0907   0.2621   0.7796  78.8979 267.4982
  19.000   1.5714   0.13305   0.08812  -0.0907   0.2621   0.7796  78.8979 267.4982
