  
       XFOIL         Version 6.99
  
 Calculated polar for: FX 83-W-227                                     
  
 1 1 Reynolds number fixed          Mach number fixed         
  
 xtrf =   1.000 (top)        1.000 (bottom)  
 Mach =   0.000     Re =     0.425 e 6     Ncrit =   9.000  9.000
  
   alpha    CL        CD       CDp       CM     Top_Xtr  Bot_Xtr  Top_Itr  Bot_Itr
  ------ -------- --------- --------- -------- -------- -------- -------- --------
   0.000   0.3142   0.01064   0.00190  -0.0665   0.6128   0.6860  53.4368 256.0236
   0.000   0.3142   0.01064   0.00190  -0.0665   0.6128   0.6860  53.4368 256.0236
   0.000   0.3142   0.01064   0.00190  -0.0665   0.6128   0.6860  53.4368 256.0236
   0.000   0.3142   0.01064   0.00190  -0.0665   0.6128   0.6860  53.4368 256.0236
   0.000   0.3142   0.01064   0.00190  -0.0665   0.6128   0.6860  53.4368 256.0236
   1.000   0.4042   0.01082   0.00179  -0.0623   0.5931   0.7227  55.2116 259.0125
   1.000   0.4042   0.01082   0.00179  -0.0623   0.5931   0.7227  55.2116 259.0124
   1.000   0.4042   0.01082   0.00179  -0.0623   0.5931   0.7227  55.2116 259.0124
   1.000   0.4042   0.01082   0.00179  -0.0623   0.5931   0.7227  55.2116 259.0124
   1.000   0.4042   0.01082   0.00179  -0.0623   0.5931   0.7227  55.2116 259.0124
   2.000   0.4930   0.01100   0.00158  -0.0579   0.5732   0.7530  57.0087 261.4812
   2.000   0.4930   0.01100   0.00158  -0.0579   0.5732   0.7530  57.0087 261.4812
   2.000   0.4930   0.01100   0.00158  -0.0579   0.5732   0.7530  57.0087 261.4812
   2.000   0.4930   0.01100   0.00158  -0.0579   0.5732   0.7530  57.0087 261.4812
   2.000   0.4930   0.01100   0.00158  -0.0579   0.5732   0.7530  57.0087 261.4812
   3.000   0.5698   0.01119   0.00126  -0.0513   0.5528   0.7840  58.8707 264.0471
   3.000   0.5698   0.01119   0.00126  -0.0513   0.5528   0.7840  58.8707 264.0466
   3.000   0.5698   0.01119   0.00126  -0.0513   0.5528   0.7840  58.8707 264.0466
   3.000   0.5698   0.01119   0.00126  -0.0513   0.5528   0.7840  58.8707 264.0466
   3.000   0.5698   0.01119   0.00126  -0.0513   0.5528   0.7840  58.8707 264.0466
   4.000   0.6486   0.01154   0.00100  -0.0454   0.5323   0.8176  60.7531 266.9172
   4.000   0.6486   0.01154   0.00100  -0.0454   0.5323   0.8176  60.7531 266.9173
   4.000   0.6486   0.01154   0.00100  -0.0454   0.5323   0.8176  60.7531 266.9173
   4.000   0.6486   0.01154   0.00100  -0.0454   0.5323   0.8176  60.7531 266.9173
   4.000   0.6486   0.01154   0.00100  -0.0454   0.5323   0.8176  60.7531 266.9173
   5.000   0.7284   0.01195   0.00074  -0.0400   0.5121   0.8565  62.6191 270.5021
   5.000   0.7284   0.01195   0.00074  -0.0400   0.5121   0.8565  62.6191 270.5017
   5.000   0.7284   0.01195   0.00074  -0.0400   0.5121   0.8565  62.6191 270.5017
   5.000   0.7284   0.01195   0.00074  -0.0400   0.5121   0.8565  62.6191 270.5017
   5.000   0.7284   0.01195   0.00074  -0.0400   0.5121   0.8565  62.6191 270.5017
   6.000   0.8240   0.01256   0.00077  -0.0382   0.4919   0.9145  64.4921 277.1798
   6.000   0.8240   0.01256   0.00077  -0.0382   0.4919   0.9145  64.4921 277.1801
   6.000   0.8240   0.01256   0.00077  -0.0382   0.4919   0.9145  64.4921 277.1801
   6.000   0.8240   0.01256   0.00077  -0.0382   0.4919   0.9145  64.4921 277.1801
   6.000   0.8240   0.01256   0.00077  -0.0382   0.4919   0.9145  64.4921 277.1801
   7.000   0.9735   0.01379   0.00138  -0.0486   0.4703   0.9700  66.5028 288.4684
   7.000   0.9735   0.01379   0.00138  -0.0486   0.4703   0.9701  66.5027 288.4711
   7.000   0.9735   0.01379   0.00138  -0.0486   0.4703   0.9701  66.5027 288.4711
   7.000   0.9735   0.01379   0.00138  -0.0486   0.4703   0.9701  66.5027 288.4711
   7.000   0.9735   0.01379   0.00138  -0.0486   0.4703   0.9701  66.5027 288.4711
   8.000   1.1259   0.01525   0.00196  -0.0603   0.4490   0.9977  68.5019 298.7902
   8.000   1.1259   0.01525   0.00196  -0.0603   0.4490   0.9977  68.5019 298.7834
   8.000   1.1259   0.01525   0.00196  -0.0603   0.4490   0.9977  68.5019 298.7834
   8.000   1.1259   0.01525   0.00196  -0.0603   0.4490   0.9977  68.5019 298.7834
   8.000   1.1259   0.01525   0.00196  -0.0603   0.4490   0.9977  68.5019 298.7834
   9.000   1.1683   0.01634   0.00157  -0.0499   0.4315   1.0000  70.1554 300.0000
   9.000   1.1683   0.01634   0.00157  -0.0499   0.4315   1.0000  70.1554 300.0000
   9.000   1.1683   0.01634   0.00157  -0.0499   0.4315   1.0000  70.1554 300.0000
   9.000   1.1683   0.01634   0.00157  -0.0499   0.4315   1.0000  70.1554 300.0000
   9.000   1.1683   0.01634   0.00157  -0.0499   0.4315   1.0000  70.1554 300.0000
  10.000   1.2192   0.01786   0.00143  -0.0416   0.4136   1.0000  71.8588 300.0000
  10.000   1.2192   0.01786   0.00143  -0.0416   0.4136   1.0000  71.8588 300.0000
  10.000   1.2192   0.01786   0.00143  -0.0416   0.4136   1.0000  71.8588 300.0000
  10.000   1.2192   0.01786   0.00143  -0.0416   0.4136   1.0000  71.8588 300.0000
  10.000   1.2192   0.01786   0.00143  -0.0416   0.4136   1.0000  71.8588 300.0000
  11.000   1.2687   0.01991   0.00153  -0.0342   0.3946   1.0000  73.6748 300.0000
  11.000   1.2687   0.01991   0.00153  -0.0342   0.3946   1.0000  73.6748 300.0000
  11.000   1.2687   0.01991   0.00153  -0.0342   0.3946   1.0000  73.6748 300.0000
  11.000   1.2687   0.01991   0.00153  -0.0342   0.3946   1.0000  73.6748 300.0000
  11.000   1.2687   0.01991   0.00153  -0.0342   0.3946   1.0000  73.6748 300.0000
  12.000   1.3166   0.02251   0.00188  -0.0277   0.3751   1.0000  75.5501 300.0000
  12.000   1.3166   0.02251   0.00188  -0.0277   0.3751   1.0000  75.5501 300.0000
  12.000   1.3166   0.02251   0.00188  -0.0277   0.3751   1.0000  75.5501 300.0000
  12.000   1.3166   0.02251   0.00188  -0.0277   0.3751   1.0000  75.5501 300.0000
  12.000   1.3166   0.02251   0.00188  -0.0277   0.3751   1.0000  75.5501 300.0000
  13.000   1.3492   0.02632   0.00278  -0.0207   0.3505   1.0000  77.9581 300.0000
  13.000   1.3492   0.02632   0.00278  -0.0207   0.3505   1.0000  77.9581 300.0000
  13.000   1.3492   0.02632   0.00278  -0.0207   0.3505   1.0000  77.9581 300.0000
  13.000   1.3492   0.02632   0.00278  -0.0207   0.3505   1.0000  77.9581 300.0000
  13.000   1.3492   0.02632   0.00278  -0.0207   0.3505   1.0000  77.9581 300.0000
  14.000   1.3842   0.03080   0.00425  -0.0155   0.3286   1.0000  80.1255 300.0000
  14.000   1.3842   0.03079   0.00425  -0.0155   0.3286   1.0000  80.1255 300.0000
  14.000   1.3842   0.03079   0.00425  -0.0155   0.3286   1.0000  80.1255 300.0000
  14.000   1.3842   0.03079   0.00425  -0.0155   0.3286   1.0000  80.1255 300.0000
  14.000   1.3842   0.03079   0.00425  -0.0155   0.3286   1.0000  80.1255 300.0000
  15.000   1.4115   0.03642   0.00651  -0.0110   0.3051   1.0000  82.4882 300.0000
  15.000   1.4115   0.03642   0.00651  -0.0110   0.3051   1.0000  82.4882 300.0000
  15.000   1.4115   0.03642   0.00651  -0.0110   0.3051   1.0000  82.4882 300.0000
  15.000   1.4115   0.03642   0.00651  -0.0110   0.3051   1.0000  82.4882 300.0000
  15.000   1.4115   0.03642   0.00651  -0.0110   0.3051   1.0000  82.4882 300.0000
  16.000   1.4277   0.04352   0.00978  -0.0070   0.2794   1.0000  85.1274 300.0000
  16.000   1.4277   0.04352   0.00978  -0.0070   0.2794   1.0000  85.1278 300.0000
  16.000   1.4277   0.04352   0.00978  -0.0070   0.2794   1.0000  85.1278 300.0000
  16.000   1.4277   0.04352   0.00978  -0.0070   0.2794   1.0000  85.1278 300.0000
  16.000   1.4277   0.04352   0.00978  -0.0070   0.2794   1.0000  85.1278 300.0000
  17.000   1.4277   0.05275   0.01478  -0.0036   0.2486   1.0000  88.3793 300.0000
  17.000   1.4277   0.05275   0.01478  -0.0036   0.2486   1.0000  88.3796 300.0000
  17.000   1.4277   0.05275   0.01478  -0.0036   0.2486   1.0000  88.3796 300.0000
  17.000   1.4277   0.05275   0.01478  -0.0036   0.2486   1.0000  88.3796 300.0000
  17.000   1.4277   0.05275   0.01478  -0.0036   0.2486   1.0000  88.3796 300.0000
  18.000   1.4077   0.06460   0.02210  -0.0011   0.2127   1.0000  92.3168 300.0000
  18.000   1.4077   0.06460   0.02210  -0.0011   0.2127   1.0000  92.3169 300.0000
  18.000   1.4077   0.06460   0.02210  -0.0011   0.2127   1.0000  92.3170 300.0000
  18.000   1.4077   0.06460   0.02210  -0.0011   0.2127   1.0000  92.3170 300.0000
  18.000   1.4077   0.06460   0.02210  -0.0011   0.2127   1.0000  92.3170 300.0000
  19.000   1.3688   0.07928   0.03245   0.0001   0.1737   1.0000  96.8594 300.0000
  19.000   1.3688   0.07928   0.03245   0.0001   0.1737   1.0000  96.8601 300.0000
  19.000   1.3688   0.07928   0.03245   0.0001   0.1737   1.0000  96.8601 300.0000
  19.000   1.3688   0.07928   0.03245   0.0001   0.1737   1.0000  96.8601 300.0000
  19.000   1.3688   0.07928   0.03245   0.0001   0.1737   1.0000  96.8601 300.0000
