  
       XFOIL         Version 6.99
  
 Calculated polar for: FX 83-W-227                                     
  
 1 1 Reynolds number fixed          Mach number fixed         
  
 xtrf =   1.000 (top)        1.000 (bottom)  
 Mach =   0.000     Re =     0.350 e 6     Ncrit =   9.000  9.000
  
   alpha    CL        CD       CDp       CM     Top_Xtr  Bot_Xtr  Top_Itr  Bot_Itr
  ------ -------- --------- --------- -------- -------- -------- -------- --------
   0.000   0.3197   0.01171   0.00268  -0.0677   0.6241   0.7023  52.4153 257.3556
   0.000   0.3197   0.01171   0.00268  -0.0677   0.6241   0.7023  52.4153 257.3556
   0.000   0.3197   0.01171   0.00268  -0.0677   0.6241   0.7023  52.4153 257.3556
   0.000   0.3197   0.01171   0.00268  -0.0677   0.6241   0.7023  52.4153 257.3556
   0.000   0.3197   0.01171   0.00268  -0.0677   0.6241   0.7023  52.4153 257.3556
   1.000   0.4127   0.01190   0.00259  -0.0640   0.6043   0.7381  54.2000 260.2710
   1.000   0.4127   0.01190   0.00259  -0.0640   0.6043   0.7382  54.2000 260.2718
   1.000   0.4127   0.01190   0.00259  -0.0640   0.6043   0.7382  54.2000 260.2718
   1.000   0.4127   0.01190   0.00259  -0.0640   0.6043   0.7382  54.2000 260.2718
   1.000   0.4127   0.01190   0.00259  -0.0640   0.6043   0.7382  54.2000 260.2718
   2.000   0.5054   0.01210   0.00238  -0.0605   0.5843   0.7696  56.0068 262.8474
   2.000   0.5054   0.01210   0.00238  -0.0605   0.5843   0.7696  56.0067 262.8475
   2.000   0.5054   0.01210   0.00238  -0.0605   0.5843   0.7696  56.0067 262.8475
   2.000   0.5054   0.01210   0.00238  -0.0605   0.5843   0.7696  56.0067 262.8475
   2.000   0.5054   0.01210   0.00238  -0.0605   0.5843   0.7696  56.0067 262.8475
   3.000   0.5875   0.01227   0.00211  -0.0550   0.5636   0.8004  57.8844 265.4312
   3.000   0.5875   0.01227   0.00211  -0.0550   0.5636   0.8004  57.8844 265.4313
   3.000   0.5875   0.01227   0.00211  -0.0550   0.5636   0.8004  57.8844 265.4313
   3.000   0.5875   0.01227   0.00211  -0.0550   0.5636   0.8004  57.8844 265.4313
   3.000   0.5875   0.01227   0.00211  -0.0550   0.5636   0.8004  57.8844 265.4313
   4.000   0.6633   0.01248   0.00175  -0.0483   0.5431   0.8351  59.7610 268.4880
   4.000   0.6633   0.01248   0.00175  -0.0483   0.5431   0.8351  59.7610 268.4880
   4.000   0.6633   0.01248   0.00175  -0.0483   0.5431   0.8351  59.7610 268.4880
   4.000   0.6633   0.01248   0.00175  -0.0483   0.5431   0.8351  59.7610 268.4880
   4.000   0.6633   0.01248   0.00175  -0.0483   0.5431   0.8351  59.7610 268.4880
   5.000   0.7442   0.01287   0.00148  -0.0430   0.5228   0.8767  61.6294 272.5541
   5.000   0.7442   0.01287   0.00148  -0.0430   0.5228   0.8767  61.6294 272.5541
   5.000   0.7442   0.01287   0.00148  -0.0430   0.5228   0.8767  61.6294 272.5541
   5.000   0.7442   0.01287   0.00148  -0.0430   0.5228   0.8767  61.6294 272.5541
   5.000   0.7442   0.01287   0.00148  -0.0430   0.5228   0.8767  61.6294 272.5541
   6.000   0.8500   0.01361   0.00161  -0.0433   0.5023   0.9309  63.5262 279.7317
   6.000   0.8500   0.01361   0.00161  -0.0433   0.5023   0.9310  63.5262 279.7405
   6.000   0.8500   0.01361   0.00161  -0.0433   0.5023   0.9310  63.5262 279.7405
   6.000   0.8500   0.01361   0.00161  -0.0433   0.5023   0.9310  63.5262 279.7405
   6.000   0.8500   0.01361   0.00161  -0.0433   0.5023   0.9310  63.5262 279.7405
   7.000   0.9979   0.01487   0.00212  -0.0532   0.4807   0.9732  65.5337 289.4184
   7.000   0.9979   0.01487   0.00212  -0.0532   0.4807   0.9732  65.5337 289.4190
   7.000   0.9979   0.01487   0.00212  -0.0532   0.4807   0.9732  65.5337 289.4190
   7.000   0.9979   0.01487   0.00212  -0.0532   0.4807   0.9732  65.5337 289.4190
   7.000   0.9979   0.01487   0.00212  -0.0532   0.4807   0.9732  65.5337 289.4190
   8.000   1.1524   0.01627   0.00263  -0.0651   0.4592   0.9976  67.5504 298.7072
   8.000   1.1524   0.01627   0.00263  -0.0651   0.4592   0.9976  67.5506 298.7268
   8.000   1.1524   0.01627   0.00263  -0.0651   0.4592   0.9976  67.5506 298.7270
   8.000   1.1524   0.01627   0.00263  -0.0651   0.4592   0.9976  67.5506 298.7270
   8.000   1.1524   0.01627   0.00263  -0.0651   0.4592   0.9976  67.5506 298.7270
   9.000   1.1871   0.01717   0.00207  -0.0533   0.4416   1.0000  69.2009 300.0000
   9.000   1.1871   0.01717   0.00207  -0.0533   0.4416   1.0000  69.2008 300.0000
   9.000   1.1871   0.01717   0.00207  -0.0533   0.4416   1.0000  69.2008 300.0000
   9.000   1.1871   0.01717   0.00207  -0.0533   0.4416   1.0000  69.2008 300.0000
   9.000   1.1871   0.01717   0.00207  -0.0533   0.4416   1.0000  69.2008 300.0000
  10.000   1.2374   0.01855   0.00182  -0.0446   0.4237   1.0000  70.9007 300.0000
  10.000   1.2374   0.01855   0.00182  -0.0446   0.4237   1.0000  70.9007 300.0000
  10.000   1.2374   0.01855   0.00182  -0.0446   0.4237   1.0000  70.9007 300.0000
  10.000   1.2374   0.01855   0.00182  -0.0446   0.4237   1.0000  70.9007 300.0000
  10.000   1.2374   0.01855   0.00182  -0.0446   0.4237   1.0000  70.9007 300.0000
  11.000   1.2834   0.02048   0.00182  -0.0363   0.4046   1.0000  72.7142 300.0000
  11.000   1.2834   0.02048   0.00182  -0.0363   0.4046   1.0000  72.7141 300.0000
  11.000   1.2834   0.02048   0.00182  -0.0363   0.4046   1.0000  72.7141 300.0000
  11.000   1.2834   0.02048   0.00182  -0.0363   0.4046   1.0000  72.7141 300.0000
  11.000   1.2834   0.02048   0.00182  -0.0363   0.4046   1.0000  72.7141 300.0000
  12.000   1.3290   0.02291   0.00203  -0.0291   0.3853   1.0000  74.5700 300.0000
  12.000   1.3290   0.02291   0.00203  -0.0291   0.3853   1.0000  74.5700 300.0000
  12.000   1.3290   0.02291   0.00203  -0.0291   0.3853   1.0000  74.5700 300.0000
  12.000   1.3290   0.02291   0.00203  -0.0291   0.3853   1.0000  74.5700 300.0000
  12.000   1.3290   0.02291   0.00203  -0.0291   0.3853   1.0000  74.5700 300.0000
  13.000   1.3583   0.02643   0.00265  -0.0213   0.3613   1.0000  76.8933 300.0000
  13.000   1.3583   0.02643   0.00265  -0.0213   0.3613   1.0000  76.8933 300.0000
  13.000   1.3583   0.02643   0.00265  -0.0213   0.3613   1.0000  76.8933 300.0000
  13.000   1.3583   0.02643   0.00265  -0.0213   0.3613   1.0000  76.8933 300.0000
  13.000   1.3583   0.02643   0.00265  -0.0213   0.3613   1.0000  76.8933 300.0000
  14.000   1.3883   0.03079   0.00394  -0.0151   0.3389   1.0000  79.0951 300.0000
  14.000   1.3883   0.03079   0.00394  -0.0151   0.3389   1.0000  79.0952 300.0000
  14.000   1.3883   0.03079   0.00394  -0.0151   0.3389   1.0000  79.0952 300.0000
  14.000   1.3883   0.03079   0.00394  -0.0151   0.3389   1.0000  79.0952 300.0000
  14.000   1.3883   0.03079   0.00394  -0.0151   0.3389   1.0000  79.0952 300.0000
  15.000   1.4100   0.03647   0.00619  -0.0099   0.3156   1.0000  81.4294 300.0000
  15.000   1.4100   0.03647   0.00619  -0.0099   0.3156   1.0000  81.4294 300.0000
  15.000   1.4100   0.03647   0.00619  -0.0099   0.3156   1.0000  81.4294 300.0000
  15.000   1.4100   0.03647   0.00619  -0.0099   0.3156   1.0000  81.4294 300.0000
  15.000   1.4100   0.03647   0.00619  -0.0099   0.3156   1.0000  81.4294 300.0000
  16.000   1.4252   0.04336   0.00925  -0.0056   0.2905   1.0000  83.9788 300.0000
  16.000   1.4252   0.04336   0.00925  -0.0056   0.2905   1.0000  83.9788 300.0000
  16.000   1.4252   0.04336   0.00925  -0.0056   0.2905   1.0000  83.9789 300.0000
  16.000   1.4252   0.04336   0.00925  -0.0056   0.2905   1.0000  83.9789 300.0000
  16.000   1.4252   0.04336   0.00925  -0.0056   0.2905   1.0000  83.9789 300.0000
  17.000   1.4235   0.05255   0.01419  -0.0021   0.2612   1.0000  87.0390 300.0000
  17.000   1.4234   0.05255   0.01419  -0.0021   0.2612   1.0000  87.0391 300.0000
  17.000   1.4234   0.05255   0.01419  -0.0021   0.2612   1.0000  87.0391 300.0000
  17.000   1.4234   0.05255   0.01419  -0.0021   0.2612   1.0000  87.0391 300.0000
  17.000   1.4234   0.05255   0.01419  -0.0021   0.2612   1.0000  87.0391 300.0000
  18.000   1.4042   0.06429   0.02145   0.0004   0.2267   1.0000  90.7651 300.0000
  18.000   1.4042   0.06430   0.02145   0.0004   0.2267   1.0000  90.7646 300.0000
  18.000   1.4042   0.06430   0.02145   0.0004   0.2267   1.0000  90.7648 300.0000
  18.000   1.4042   0.06430   0.02145   0.0004   0.2267   1.0000  90.7648 300.0000
  18.000   1.4042   0.06430   0.02145   0.0004   0.2267   1.0000  90.7648 300.0000
  19.000   1.3678   0.07867   0.03150   0.0015   0.1885   1.0000  95.0913 300.0000
  19.000   1.3678   0.07867   0.03151   0.0015   0.1885   1.0000  95.0922 300.0000
  19.000   1.3678   0.07867   0.03151   0.0015   0.1885   1.0000  95.0923 300.0000
  19.000   1.3678   0.07867   0.03151   0.0015   0.1885   1.0000  95.0923 300.0000
  19.000   1.3678   0.07867   0.03151   0.0015   0.1885   1.0000  95.0924 300.0000
