  
       XFOIL         Version 6.99
  
 Calculated polar for: GOE 435 AIRFOIL                                 
  
 1 1 Reynolds number fixed          Mach number fixed         
  
 xtrf =   1.000 (top)        1.000 (bottom)  
 Mach =   0.000     Re =     0.500 e 6     Ncrit =   9.000  9.000
  
   alpha    CL        CD       CDp       CM     Top_Xtr  Bot_Xtr  Top_Itr  Bot_Itr
  ------ -------- --------- --------- -------- -------- -------- -------- --------
   0.000   0.6074   0.01345   0.00305  -0.1307   0.5019   0.2086  54.6431 220.6625
   0.000   0.6074   0.01345   0.00305  -0.1307   0.5019   0.2086  54.6431 220.6625
   0.000   0.6074   0.01345   0.00305  -0.1307   0.5019   0.2086  54.6431 220.6625
   0.000   0.6074   0.01345   0.00305  -0.1307   0.5019   0.2086  54.6431 220.6625
   0.000   0.6074   0.01345   0.00305  -0.1307   0.5019   0.2086  54.6431 220.6625
   1.000   0.7249   0.01322   0.00281  -0.1322   0.4880   0.2461  55.7597 224.6368
   1.000   0.7249   0.01322   0.00281  -0.1322   0.4880   0.2461  55.7597 224.6368
   1.000   0.7249   0.01322   0.00281  -0.1322   0.4880   0.2461  55.7597 224.6368
   1.000   0.7249   0.01322   0.00281  -0.1322   0.4880   0.2461  55.7597 224.6368
   1.000   0.7249   0.01322   0.00281  -0.1322   0.4880   0.2461  55.7597 224.6368
   2.000   0.8399   0.01343   0.00311  -0.1330   0.4733   0.3838  56.9513 237.5060
   2.000   0.8399   0.01343   0.00311  -0.1330   0.4733   0.3838  56.9513 237.5060
   2.000   0.8399   0.01343   0.00311  -0.1330   0.4733   0.3838  56.9513 237.5060
   2.000   0.8399   0.01343   0.00311  -0.1330   0.4733   0.3838  56.9513 237.5060
   2.000   0.8399   0.01343   0.00311  -0.1330   0.4733   0.3838  56.9513 237.5060
   3.000   0.9486   0.01392   0.00326  -0.1324   0.4566   0.4064  58.3282 239.2001
   3.000   0.9486   0.01392   0.00326  -0.1324   0.4566   0.4064  58.3282 239.2001
   3.000   0.9486   0.01392   0.00326  -0.1324   0.4566   0.4064  58.3282 239.2001
   3.000   0.9486   0.01392   0.00326  -0.1324   0.4566   0.4064  58.3282 239.2001
   3.000   0.9486   0.01392   0.00326  -0.1324   0.4566   0.4064  58.3282 239.2001
   4.000   1.0497   0.01442   0.00323  -0.1306   0.4370   0.4217  59.9923 240.2916
   4.000   1.0497   0.01442   0.00323  -0.1306   0.4370   0.4217  59.9923 240.2916
   4.000   1.0497   0.01442   0.00323  -0.1306   0.4370   0.4217  59.9923 240.2916
   4.000   1.0497   0.01442   0.00323  -0.1306   0.4370   0.4217  59.9923 240.2916
   4.000   1.0497   0.01442   0.00323  -0.1306   0.4370   0.4217  59.9923 240.2916
   5.000   1.1340   0.01503   0.00316  -0.1261   0.4107   0.4344  62.3345 241.1744
   5.000   1.1340   0.01503   0.00316  -0.1261   0.4107   0.4344  62.3346 241.1742
   5.000   1.1340   0.01503   0.00316  -0.1261   0.4107   0.4344  62.3346 241.1741
   5.000   1.1340   0.01503   0.00316  -0.1261   0.4107   0.4344  62.3346 241.1741
   5.000   1.1340   0.01503   0.00316  -0.1261   0.4107   0.4344  62.3346 241.1741
   6.000   1.2091   0.01661   0.00352  -0.1214   0.3722   0.4469  65.9371 242.0213
   6.000   1.2091   0.01661   0.00352  -0.1214   0.3722   0.4469  65.9371 242.0212
   6.000   1.2091   0.01661   0.00352  -0.1214   0.3722   0.4469  65.9371 242.0212
   6.000   1.2091   0.01661   0.00352  -0.1214   0.3722   0.4469  65.9371 242.0212
   6.000   1.2091   0.01661   0.00352  -0.1214   0.3722   0.4469  65.9371 242.0212
   7.000   1.2690   0.01936   0.00459  -0.1159   0.3348   0.4593  69.5780 242.8453
   7.000   1.2690   0.01936   0.00459  -0.1159   0.3348   0.4593  69.5781 242.8446
   7.000   1.2690   0.01936   0.00459  -0.1159   0.3348   0.4593  69.5781 242.8445
   7.000   1.2690   0.01936   0.00459  -0.1159   0.3348   0.4593  69.5781 242.8445
   7.000   1.2690   0.01936   0.00459  -0.1159   0.3348   0.4593  69.5781 242.8445
   8.000   1.3233   0.02301   0.00625  -0.1111   0.3099   0.4733  72.0317 243.7553
   8.000   1.3233   0.02301   0.00625  -0.1111   0.3099   0.4733  72.0319 243.7541
   8.000   1.3233   0.02301   0.00625  -0.1111   0.3099   0.4733  72.0319 243.7539
   8.000   1.3233   0.02301   0.00625  -0.1111   0.3099   0.4733  72.0319 243.7539
   8.000   1.3233   0.02301   0.00625  -0.1111   0.3099   0.4733  72.0319 243.7539
   9.000   1.3798   0.02699   0.00815  -0.1076   0.2919   0.4912  73.8264 244.9140
   9.000   1.3798   0.02699   0.00815  -0.1076   0.2919   0.4912  73.8266 244.9118
   9.000   1.3798   0.02699   0.00815  -0.1076   0.2919   0.4912  73.8266 244.9116
   9.000   1.3798   0.02699   0.00815  -0.1076   0.2919   0.4912  73.8266 244.9116
   9.000   1.3798   0.02699   0.00815  -0.1076   0.2919   0.4912  73.8266 244.9116
  10.000   1.4337   0.03141   0.01035  -0.1045   0.2775   0.5231  75.2941 246.9431
  10.000   1.4337   0.03141   0.01035  -0.1045   0.2775   0.5231  75.2941 246.9427
  10.000   1.4337   0.03141   0.01035  -0.1045   0.2775   0.5231  75.2941 246.9427
  10.000   1.4337   0.03141   0.01035  -0.1045   0.2775   0.5231  75.2942 246.9427
  10.000   1.4337   0.03141   0.01035  -0.1045   0.2775   0.5231  75.2942 246.9427
  11.000   1.4850   0.03630   0.01296  -0.1020   0.2649   0.6047  76.6082 252.1428
  11.000   1.4850   0.03630   0.01296  -0.1020   0.2649   0.6047  76.6082 252.1406
  11.000   1.4850   0.03630   0.01296  -0.1020   0.2649   0.6047  76.6082 252.1406
  11.000   1.4850   0.03630   0.01296  -0.1020   0.2649   0.6047  76.6082 252.1407
  11.000   1.4850   0.03630   0.01296  -0.1020   0.2649   0.6047  76.6082 252.1407
  12.000   1.5307   0.04177   0.01595  -0.0993   0.2539   0.7313  77.7806 260.9117
  13.000   1.5712   0.04781   0.01912  -0.0966   0.2438   0.8052  78.8941 267.2757
  13.000   1.5712   0.04781   0.01912  -0.0966   0.2438   0.8052  78.8941 267.2756
  13.000   1.5712   0.04781   0.01912  -0.0966   0.2438   0.8052  78.8941 267.2757
  13.000   1.5712   0.04781   0.01912  -0.0966   0.2438   0.8052  78.8941 267.2757
  13.000   1.5712   0.04781   0.01912  -0.0966   0.2438   0.8052  78.8941 267.2757
  14.000   1.6043   0.05401   0.02235  -0.0935   0.2342   1.0000  79.9672 300.0000
  14.000   1.6043   0.05401   0.02235  -0.0935   0.2342   1.0000  79.9672 300.0000
  14.000   1.6043   0.05401   0.02235  -0.0935   0.2342   1.0000  79.9672 300.0000
  14.000   1.6043   0.05401   0.02235  -0.0935   0.2342   1.0000  79.9672 300.0000
  14.000   1.6043   0.05401   0.02235  -0.0935   0.2342   1.0000  79.9672 300.0000
  15.000   1.6413   0.06113   0.02599  -0.0922   0.2257   1.0000  80.9629 300.0000
  15.000   1.6413   0.06113   0.02599  -0.0922   0.2257   1.0000  80.9630 300.0000
  15.000   1.6413   0.06113   0.02599  -0.0922   0.2257   1.0000  80.9631 300.0000
  15.000   1.6413   0.06113   0.02599  -0.0922   0.2257   1.0000  80.9631 300.0000
  15.000   1.6413   0.06113   0.02599  -0.0922   0.2257   1.0000  80.9631 300.0000
  16.000   1.6740   0.06880   0.03000  -0.0912   0.2175   1.0000  81.9367 300.0000
  16.000   1.6740   0.06880   0.03000  -0.0912   0.2175   1.0000  81.9367 300.0000
  16.000   1.6740   0.06880   0.03000  -0.0912   0.2175   1.0000  81.9367 300.0000
  16.000   1.6740   0.06880   0.03000  -0.0912   0.2175   1.0000  81.9367 300.0000
  16.000   1.6740   0.06880   0.03000  -0.0912   0.2175   1.0000  81.9367 300.0000
  17.000   1.7028   0.07698   0.03441  -0.0907   0.2097   1.0000  82.8890 300.0000
  17.000   1.7028   0.07698   0.03441  -0.0907   0.2097   1.0000  82.8889 300.0000
  17.000   1.7028   0.07698   0.03441  -0.0907   0.2097   1.0000  82.8889 300.0000
  17.000   1.7028   0.07698   0.03441  -0.0907   0.2097   1.0000  82.8889 300.0000
  17.000   1.7028   0.07698   0.03441  -0.0907   0.2097   1.0000  82.8889 300.0000
  18.000   1.7285   0.08554   0.03921  -0.0905   0.2024   1.0000  83.8005 300.0000
  18.000   1.7285   0.08553   0.03921  -0.0905   0.2024   1.0000  83.8005 300.0000
  18.000   1.7285   0.08553   0.03921  -0.0905   0.2024   1.0000  83.8005 300.0000
  18.000   1.7285   0.08553   0.03921  -0.0905   0.2024   1.0000  83.8005 300.0000
  18.000   1.7285   0.08553   0.03921  -0.0905   0.2024   1.0000  83.8005 300.0000
  19.000   1.7500   0.09460   0.04468  -0.0910   0.1952   1.0000  84.7297 300.0000
  19.000   1.7500   0.09459   0.04468  -0.0909   0.1952   1.0000  84.7297 300.0000
  19.000   1.7500   0.09459   0.04468  -0.0909   0.1952   1.0000  84.7297 300.0000
  19.000   1.7500   0.09459   0.04468  -0.0909   0.1952   1.0000  84.7296 300.0000
  19.000   1.7500   0.09459   0.04468  -0.0909   0.1952   1.0000  84.7296 300.0000
