  
       XFOIL         Version 6.99
  
 Calculated polar for: GOE 435 AIRFOIL                                 
  
 1 1 Reynolds number fixed          Mach number fixed         
  
 xtrf =   1.000 (top)        1.000 (bottom)  
 Mach =   0.000     Re =     0.525 e 6     Ncrit =   9.000  9.000
  
   alpha    CL        CD       CDp       CM     Top_Xtr  Bot_Xtr  Top_Itr  Bot_Itr
  ------ -------- --------- --------- -------- -------- -------- -------- --------
   0.000   0.6078   0.01331   0.00298  -0.1307   0.4992   0.2059  54.8536 220.3653
   0.000   0.6078   0.01331   0.00298  -0.1307   0.4992   0.2059  54.8537 220.3652
   0.000   0.6078   0.01331   0.00298  -0.1307   0.4992   0.2059  54.8537 220.3652
   0.000   0.6078   0.01331   0.00298  -0.1307   0.4992   0.2059  54.8537 220.3652
   0.000   0.6078   0.01331   0.00298  -0.1307   0.4992   0.2059  54.8537 220.3652
   1.000   0.7253   0.01320   0.00277  -0.1321   0.4856   0.2299  55.9511 222.9543
   1.000   0.7253   0.01320   0.00277  -0.1321   0.4856   0.2299  55.9511 222.9542
   1.000   0.7253   0.01320   0.00277  -0.1321   0.4856   0.2299  55.9511 222.9542
   1.000   0.7253   0.01320   0.00277  -0.1321   0.4856   0.2299  55.9511 222.9542
   1.000   0.7253   0.01320   0.00277  -0.1321   0.4856   0.2299  55.9511 222.9542
   2.000   0.8404   0.01318   0.00299  -0.1331   0.4710   0.3801  57.1374 237.2198
   2.000   0.8404   0.01318   0.00299  -0.1331   0.4710   0.3801  57.1374 237.2196
   2.000   0.8404   0.01318   0.00299  -0.1331   0.4710   0.3801  57.1374 237.2196
   2.000   0.8404   0.01318   0.00299  -0.1331   0.4710   0.3801  57.1374 237.2196
   2.000   0.8404   0.01318   0.00299  -0.1331   0.4710   0.3801  57.1374 237.2196
   3.000   0.9494   0.01368   0.00311  -0.1325   0.4543   0.4037  58.5258 239.0066
   3.000   0.9494   0.01368   0.00311  -0.1325   0.4543   0.4037  58.5258 239.0066
   3.000   0.9494   0.01368   0.00311  -0.1325   0.4543   0.4037  58.5258 239.0066
   3.000   0.9494   0.01368   0.00311  -0.1325   0.4543   0.4037  58.5258 239.0066
   3.000   0.9494   0.01368   0.00311  -0.1325   0.4543   0.4037  58.5258 239.0066
   4.000   1.0511   0.01416   0.00311  -0.1308   0.4346   0.4191  60.2080 240.1075
   4.000   1.0511   0.01416   0.00311  -0.1308   0.4346   0.4191  60.2080 240.1082
   4.000   1.0511   0.01416   0.00311  -0.1308   0.4346   0.4191  60.2080 240.1082
   4.000   1.0511   0.01416   0.00311  -0.1308   0.4346   0.4191  60.2080 240.1082
   4.000   1.0511   0.01416   0.00311  -0.1308   0.4346   0.4191  60.2080 240.1082
   5.000   1.1356   0.01482   0.00303  -0.1264   0.4077   0.4316  62.6041 240.9795
   5.000   1.1356   0.01482   0.00303  -0.1264   0.4077   0.4316  62.6041 240.9793
   5.000   1.1356   0.01482   0.00303  -0.1264   0.4077   0.4316  62.6041 240.9793
   5.000   1.1356   0.01482   0.00303  -0.1264   0.4077   0.4316  62.6041 240.9793
   5.000   1.1356   0.01482   0.00303  -0.1264   0.4077   0.4316  62.6041 240.9793
   6.000   1.2115   0.01637   0.00344  -0.1218   0.3682   0.4443  66.3264 241.8431
   6.000   1.2115   0.01637   0.00344  -0.1218   0.3682   0.4443  66.3271 241.8434
   6.000   1.2115   0.01637   0.00344  -0.1218   0.3682   0.4443  66.3271 241.8434
   6.000   1.2115   0.01637   0.00344  -0.1218   0.3682   0.4443  66.3271 241.8434
   6.000   1.2115   0.01637   0.00344  -0.1218   0.3682   0.4443  66.3271 241.8434
   7.000   1.2701   0.01922   0.00455  -0.1162   0.3313   0.4561  69.9218 242.6306
   7.000   1.2701   0.01922   0.00455  -0.1162   0.3313   0.4561  69.9219 242.6292
   7.000   1.2701   0.01922   0.00455  -0.1162   0.3313   0.4561  69.9219 242.6291
   7.000   1.2701   0.01922   0.00455  -0.1162   0.3313   0.4561  69.9219 242.6291
   7.000   1.2701   0.01922   0.00455  -0.1162   0.3313   0.4561  69.9219 242.6291
   8.000   1.3280   0.02269   0.00613  -0.1117   0.3068   0.4698  72.3363 243.5294
   8.000   1.3280   0.02269   0.00613  -0.1117   0.3068   0.4698  72.3363 243.5288
   8.000   1.3280   0.02269   0.00613  -0.1117   0.3068   0.4698  72.3363 243.5287
   8.000   1.3280   0.02269   0.00613  -0.1117   0.3068   0.4698  72.3363 243.5287
   8.000   1.3280   0.02269   0.00613  -0.1117   0.3068   0.4698  72.3363 243.5287
   9.000   1.3824   0.02680   0.00809  -0.1079   0.2897   0.4872  74.0549 244.6507
   9.000   1.3824   0.02680   0.00809  -0.1079   0.2897   0.4871  74.0549 244.6500
   9.000   1.3824   0.02680   0.00809  -0.1079   0.2897   0.4871  74.0549 244.6499
   9.000   1.3824   0.02680   0.00809  -0.1079   0.2897   0.4871  74.0549 244.6499
   9.000   1.3824   0.02680   0.00809  -0.1079   0.2897   0.4871  74.0549 244.6499
  10.000   1.4381   0.03113   0.01025  -0.1050   0.2752   0.5176  75.5348 246.5944
  10.000   1.4381   0.03113   0.01025  -0.1050   0.2752   0.5177  75.5347 246.5996
  10.000   1.4381   0.03113   0.01025  -0.1050   0.2752   0.5177  75.5347 246.5999
  10.000   1.4381   0.03113   0.01025  -0.1050   0.2752   0.5177  75.5347 246.6000
  10.000   1.4381   0.03113   0.01025  -0.1050   0.2752   0.5177  75.5347 246.6000
  11.000   1.4879   0.03613   0.01289  -0.1024   0.2630   0.5957  76.8116 251.5613
  11.000   1.4879   0.03613   0.01289  -0.1024   0.2630   0.5958  76.8116 251.5635
  11.000   1.4879   0.03613   0.01289  -0.1024   0.2630   0.5958  76.8116 251.5638
  11.000   1.4879   0.03613   0.01289  -0.1024   0.2630   0.5958  76.8116 251.5638
  11.000   1.4879   0.03613   0.01289  -0.1024   0.2630   0.5958  76.8116 251.5638
  12.000   1.5331   0.04164   0.01590  -0.0997   0.2522   0.7236  77.9682 260.3219
  12.000   1.5331   0.04164   0.01590  -0.0997   0.2522   0.7236  77.9682 260.3201
  12.000   1.5331   0.04164   0.01590  -0.0997   0.2522   0.7236  77.9682 260.3196
  12.000   1.5331   0.04164   0.01590  -0.0997   0.2522   0.7236  77.9682 260.3196
  12.000   1.5331   0.04164   0.01590  -0.0997   0.2522   0.7236  77.9682 260.3196
  14.000   1.6063   0.05408   0.02256  -0.0940   0.2325   1.0000  80.1694 300.0000
  14.000   1.6063   0.05408   0.02256  -0.0940   0.2325   1.0000  80.1694 300.0000
  14.000   1.6063   0.05408   0.02256  -0.0940   0.2325   1.0000  80.1694 300.0000
  14.000   1.6063   0.05408   0.02256  -0.0940   0.2325   1.0000  80.1694 300.0000
  14.000   1.6063   0.05408   0.02256  -0.0940   0.2325   1.0000  80.1694 300.0000
  15.000   1.6418   0.06137   0.02633  -0.0927   0.2240   1.0000  81.1645 300.0000
  15.000   1.6418   0.06137   0.02633  -0.0927   0.2240   1.0000  81.1645 300.0000
  15.000   1.6418   0.06137   0.02633  -0.0927   0.2240   1.0000  81.1645 300.0000
  15.000   1.6418   0.06137   0.02633  -0.0927   0.2240   1.0000  81.1645 300.0000
  15.000   1.6418   0.06137   0.02633  -0.0927   0.2240   1.0000  81.1645 300.0000
  16.000   1.6736   0.06913   0.03040  -0.0917   0.2158   1.0000  82.1416 300.0000
  16.000   1.6736   0.06913   0.03040  -0.0917   0.2158   1.0000  82.1415 300.0000
  16.000   1.6736   0.06913   0.03040  -0.0917   0.2158   1.0000  82.1415 300.0000
  16.000   1.6736   0.06913   0.03040  -0.0917   0.2158   1.0000  82.1415 300.0000
  16.000   1.6736   0.06913   0.03040  -0.0917   0.2158   1.0000  82.1415 300.0000
  17.000   1.7031   0.07719   0.03467  -0.0911   0.2081   1.0000  83.0860 300.0000
  17.000   1.7031   0.07718   0.03467  -0.0911   0.2081   1.0000  83.0860 300.0000
  17.000   1.7031   0.07718   0.03467  -0.0911   0.2081   1.0000  83.0859 300.0000
  17.000   1.7031   0.07718   0.03467  -0.0911   0.2081   1.0000  83.0859 300.0000
  17.000   1.7031   0.07718   0.03467  -0.0911   0.2081   1.0000  83.0859 300.0000
  19.000   1.7519   0.09457   0.04466  -0.0913   0.1937   1.0000  84.9235 300.0000
  19.000   1.7519   0.09457   0.04466  -0.0913   0.1937   1.0000  84.9236 300.0000
  19.000   1.7519   0.09457   0.04466  -0.0913   0.1937   1.0000  84.9236 300.0000
  19.000   1.7519   0.09457   0.04466  -0.0913   0.1937   1.0000  84.9236 300.0000
  19.000   1.7519   0.09457   0.04466  -0.0913   0.1937   1.0000  84.9236 300.0000
