  
       XFOIL         Version 6.99
  
 Calculated polar for: GOE 435 AIRFOIL                                 
  
 1 1 Reynolds number fixed          Mach number fixed         
  
 xtrf =   1.000 (top)        1.000 (bottom)  
 Mach =   0.000     Re =     0.400 e 6     Ncrit =   9.000  9.000
  
   alpha    CL        CD       CDp       CM     Top_Xtr  Bot_Xtr  Top_Itr  Bot_Itr
  ------ -------- --------- --------- -------- -------- -------- -------- --------
   0.000   0.6059   0.01421   0.00338  -0.1307   0.5151   0.2236  53.5786 222.2846
   0.000   0.6059   0.01421   0.00338  -0.1307   0.5151   0.2236  53.5786 222.2843
   0.000   0.6059   0.01421   0.00338  -0.1307   0.5151   0.2236  53.5786 222.2843
   0.000   0.6059   0.01421   0.00338  -0.1307   0.5151   0.2236  53.5786 222.2843
   0.000   0.6059   0.01421   0.00338  -0.1307   0.5151   0.2236  53.5786 222.2843
   1.000   0.7242   0.01396   0.00346  -0.1326   0.5001   0.3584  54.7814 235.4491
   1.000   0.7242   0.01396   0.00346  -0.1326   0.5001   0.3584  54.7814 235.4472
   1.000   0.7242   0.01396   0.00346  -0.1326   0.5001   0.3584  54.7814 235.4472
   1.000   0.7242   0.01396   0.00346  -0.1326   0.5001   0.3584  54.7814 235.4472
   1.000   0.7242   0.01396   0.00346  -0.1326   0.5001   0.3584  54.7814 235.4472
   2.000   0.8391   0.01470   0.00381  -0.1330   0.4847   0.4000  56.0280 238.7330
   2.000   0.8391   0.01470   0.00381  -0.1330   0.4847   0.4000  56.0280 238.7329
   2.000   0.8391   0.01470   0.00381  -0.1330   0.4847   0.4000  56.0280 238.7329
   2.000   0.8391   0.01470   0.00381  -0.1330   0.4847   0.4000  56.0280 238.7329
   2.000   0.8391   0.01470   0.00381  -0.1330   0.4847   0.4000  56.0280 238.7329
   3.000   0.9464   0.01520   0.00397  -0.1321   0.4670   0.4197  57.4657 240.1529
   3.000   0.9464   0.01520   0.00397  -0.1321   0.4670   0.4197  57.4657 240.1522
   3.000   0.9464   0.01520   0.00397  -0.1321   0.4670   0.4197  57.4657 240.1522
   3.000   0.9464   0.01520   0.00397  -0.1321   0.4670   0.4197  57.4657 240.1522
   3.000   0.9464   0.01520   0.00397  -0.1321   0.4670   0.4197  57.4657 240.1522
   4.000   1.0475   0.01569   0.00392  -0.1304   0.4475   0.4351  59.0962 241.2191
   4.000   1.0475   0.01569   0.00392  -0.1304   0.4475   0.4351  59.0961 241.2192
   4.000   1.0475   0.01569   0.00392  -0.1304   0.4475   0.4351  59.0961 241.2192
   4.000   1.0475   0.01569   0.00392  -0.1304   0.4475   0.4351  59.0961 241.2192
   4.000   1.0475   0.01569   0.00392  -0.1304   0.4475   0.4351  59.0961 241.2192
   5.000   1.1304   0.01626   0.00379  -0.1257   0.4226   0.4488  61.2631 242.1452
   5.000   1.1304   0.01626   0.00379  -0.1257   0.4226   0.4488  61.2632 242.1449
   5.000   1.1304   0.01626   0.00379  -0.1257   0.4226   0.4488  61.2632 242.1448
   5.000   1.1304   0.01626   0.00379  -0.1257   0.4226   0.4488  61.2632 242.1448
   5.000   1.1304   0.01626   0.00379  -0.1257   0.4226   0.4488  61.2632 242.1448
   6.000   1.2020   0.01761   0.00400  -0.1203   0.3887   0.4615  64.3690 242.9872
   6.000   1.2020   0.01761   0.00400  -0.1203   0.3887   0.4615  64.3690 242.9873
   6.000   1.2020   0.01761   0.00400  -0.1203   0.3887   0.4615  64.3690 242.9873
   6.000   1.2020   0.01761   0.00400  -0.1203   0.3887   0.4615  64.3690 242.9873
   6.000   1.2020   0.01761   0.00400  -0.1203   0.3887   0.4615  64.3690 242.9873
   7.000   1.2599   0.02025   0.00493  -0.1145   0.3515   0.4755  67.9460 243.8977
   7.000   1.2599   0.02025   0.00493  -0.1145   0.3515   0.4754  67.9462 243.8962
   7.000   1.2599   0.02025   0.00493  -0.1145   0.3515   0.4754  67.9462 243.8961
   7.000   1.2599   0.02025   0.00493  -0.1145   0.3515   0.4754  67.9462 243.8960
   7.000   1.2599   0.02025   0.00493  -0.1145   0.3515   0.4754  67.9462 243.8960
   8.000   1.3148   0.02378   0.00649  -0.1097   0.3240   0.4909  70.6347 244.8904
   8.000   1.3148   0.02378   0.00649  -0.1097   0.3240   0.4909  70.6347 244.8907
   8.000   1.3148   0.02378   0.00649  -0.1097   0.3240   0.4909  70.6347 244.8908
   8.000   1.3148   0.02378   0.00649  -0.1097   0.3240   0.4909  70.6347 244.8908
   8.000   1.3148   0.02378   0.00649  -0.1097   0.3240   0.4909  70.6347 244.8908
   9.000   1.3685   0.02783   0.00841  -0.1059   0.3037   0.5119  72.6448 246.2278
   9.000   1.3685   0.02783   0.00841  -0.1059   0.3037   0.5119  72.6448 246.2289
   9.000   1.3685   0.02783   0.00841  -0.1059   0.3037   0.5119  72.6448 246.2290
   9.000   1.3685   0.02783   0.00841  -0.1059   0.3037   0.5119  72.6448 246.2290
   9.000   1.3685   0.02783   0.00841  -0.1059   0.3037   0.5119  72.6448 246.2290
  10.000   1.4219   0.03217   0.01052  -0.1026   0.2883   0.5506  74.1893 248.6791
  10.000   1.4219   0.03217   0.01052  -0.1026   0.2883   0.5505  74.1893 248.6775
  10.000   1.4219   0.03217   0.01052  -0.1026   0.2883   0.5505  74.1893 248.6773
  10.000   1.4219   0.03217   0.01052  -0.1026   0.2883   0.5505  74.1893 248.6773
  10.000   1.4219   0.03217   0.01052  -0.1026   0.2883   0.5505  74.1893 248.6773
  11.000   1.4740   0.03685   0.01303  -0.1000   0.2746   0.6471  75.5975 254.9259
  11.000   1.4740   0.03685   0.01303  -0.1000   0.2746   0.6471  75.5975 254.9263
  11.000   1.4740   0.03685   0.01303  -0.1000   0.2746   0.6471  75.5975 254.9264
  11.000   1.4740   0.03685   0.01303  -0.1000   0.2746   0.6471  75.5975 254.9264
  11.000   1.4740   0.03685   0.01303  -0.1000   0.2746   0.6471  75.5975 254.9264
  12.000   1.5210   0.04196   0.01568  -0.0969   0.2630   0.7625  76.8132 263.4489
  12.000   1.5210   0.04196   0.01568  -0.0969   0.2630   0.7626  76.8131 263.4509
  12.000   1.5210   0.04196   0.01568  -0.0969   0.2630   0.7626  76.8131 263.4515
  12.000   1.5210   0.04196   0.01568  -0.0969   0.2630   0.7626  76.8131 263.4516
  12.000   1.5210   0.04196   0.01568  -0.0969   0.2630   0.7626  76.8131 263.4516
  14.000   1.6053   0.05288   0.02088  -0.0912   0.2429   1.0000  78.9866 300.0000
  14.000   1.6053   0.05288   0.02088  -0.0912   0.2429   1.0000  78.9866 300.0000
  14.000   1.6053   0.05288   0.02088  -0.0912   0.2429   1.0000  78.9866 300.0000
  14.000   1.6053   0.05288   0.02088  -0.0912   0.2429   1.0000  78.9866 300.0000
  14.000   1.6053   0.05288   0.02088  -0.0912   0.2429   1.0000  78.9866 300.0000
  15.000   1.6463   0.05943   0.02403  -0.0899   0.2339   1.0000  80.0041 300.0000
  15.000   1.6463   0.05943   0.02403  -0.0899   0.2339   1.0000  80.0040 300.0000
  15.000   1.6463   0.05943   0.02403  -0.0899   0.2339   1.0000  80.0040 300.0000
  15.000   1.6463   0.05943   0.02403  -0.0899   0.2339   1.0000  80.0040 300.0000
  15.000   1.6463   0.05943   0.02403  -0.0899   0.2339   1.0000  80.0040 300.0000
  16.000   1.6825   0.06660   0.02764  -0.0888   0.2257   1.0000  80.9551 300.0000
  16.000   1.6825   0.06660   0.02764  -0.0888   0.2257   1.0000  80.9551 300.0000
  16.000   1.6825   0.06660   0.02764  -0.0888   0.2257   1.0000  80.9551 300.0000
  16.000   1.6825   0.06660   0.02764  -0.0888   0.2257   1.0000  80.9551 300.0000
  16.000   1.6825   0.06660   0.02764  -0.0888   0.2257   1.0000  80.9551 300.0000
  17.000   1.7127   0.07451   0.03182  -0.0882   0.2177   1.0000  81.9073 300.0000
  17.000   1.7127   0.07451   0.03182  -0.0882   0.2177   1.0000  81.9072 300.0000
  17.000   1.7127   0.07451   0.03182  -0.0882   0.2177   1.0000  81.9072 300.0000
  17.000   1.7127   0.07451   0.03182  -0.0882   0.2177   1.0000  81.9072 300.0000
  17.000   1.7127   0.07451   0.03182  -0.0882   0.2177   1.0000  81.9072 300.0000
  18.000   1.7394   0.08286   0.03644  -0.0881   0.2105   1.0000  82.7938 300.0000
  18.000   1.7394   0.08285   0.03644  -0.0881   0.2105   1.0000  82.7938 300.0000
  18.000   1.7394   0.08285   0.03644  -0.0881   0.2105   1.0000  82.7938 300.0000
  18.000   1.7394   0.08285   0.03644  -0.0881   0.2105   1.0000  82.7938 300.0000
  18.000   1.7394   0.08285   0.03644  -0.0881   0.2105   1.0000  82.7938 300.0000
  19.000   1.7607   0.09187   0.04182  -0.0884   0.2031   1.0000  83.7141 300.0000
  19.000   1.7607   0.09187   0.04182  -0.0884   0.2031   1.0000  83.7140 300.0000
  19.000   1.7607   0.09186   0.04182  -0.0884   0.2031   1.0000  83.7140 300.0000
  19.000   1.7607   0.09186   0.04182  -0.0884   0.2031   1.0000  83.7140 300.0000
  19.000   1.7607   0.09186   0.04182  -0.0884   0.2031   1.0000  83.7140 300.0000
