  
       XFOIL         Version 6.99
  
 Calculated polar for: GOE 435 AIRFOIL                                 
  
 1 1 Reynolds number fixed          Mach number fixed         
  
 xtrf =   1.000 (top)        1.000 (bottom)  
 Mach =   0.000     Re =     0.275 e 6     Ncrit =   9.000  9.000
  
   alpha    CL        CD       CDp       CM     Top_Xtr  Bot_Xtr  Top_Itr  Bot_Itr
  ------ -------- --------- --------- -------- -------- -------- -------- --------
   0.000   0.6041   0.01557   0.00456  -0.1316   0.5407   0.3248  51.5062 232.4377
   0.000   0.6041   0.01557   0.00456  -0.1316   0.5407   0.3248  51.5062 232.4377
   0.000   0.6041   0.01557   0.00456  -0.1316   0.5407   0.3248  51.5062 232.4377
   0.000   0.6041   0.01557   0.00456  -0.1316   0.5407   0.3248  51.5062 232.4377
   0.000   0.6041   0.01557   0.00456  -0.1316   0.5407   0.3248  51.5062 232.4377
   1.000   0.7224   0.01646   0.00516  -0.1324   0.5239   0.3980  52.8689 238.5834
   1.000   0.7224   0.01646   0.00516  -0.1324   0.5239   0.3980  52.8689 238.5834
   1.000   0.7224   0.01646   0.00516  -0.1324   0.5239   0.3980  52.8689 238.5834
   1.000   0.7224   0.01646   0.00516  -0.1324   0.5239   0.3980  52.8689 238.5834
   1.000   0.7224   0.01646   0.00516  -0.1324   0.5239   0.3980  52.8689 238.5834
   2.000   0.8350   0.01727   0.00561  -0.1325   0.5061   0.4266  54.3013 240.6298
   2.000   0.8350   0.01727   0.00561  -0.1325   0.5061   0.4266  54.3012 240.6296
   2.000   0.8350   0.01727   0.00561  -0.1325   0.5061   0.4266  54.3012 240.6296
   2.000   0.8350   0.01727   0.00561  -0.1325   0.5061   0.4266  54.3012 240.6296
   2.000   0.8350   0.01727   0.00561  -0.1325   0.5061   0.4266  54.3012 240.6296
   3.000   0.9448   0.01788   0.00567  -0.1321   0.4869   0.4462  55.8476 241.9690
   3.000   0.9448   0.01788   0.00567  -0.1321   0.4869   0.4461  55.8476 241.9686
   3.000   0.9448   0.01788   0.00567  -0.1321   0.4869   0.4461  55.8476 241.9686
   3.000   0.9448   0.01788   0.00567  -0.1321   0.4869   0.4461  55.8476 241.9686
   3.000   0.9448   0.01788   0.00567  -0.1321   0.4869   0.4461  55.8476 241.9686
   4.000   1.0448   0.01839   0.00568  -0.1303   0.4653   0.4631  57.6076 243.0893
   4.000   1.0448   0.01839   0.00568  -0.1303   0.4653   0.4631  57.6076 243.0893
   4.000   1.0448   0.01839   0.00568  -0.1303   0.4653   0.4631  57.6076 243.0893
   4.000   1.0448   0.01839   0.00568  -0.1303   0.4653   0.4631  57.6076 243.0893
   4.000   1.0448   0.01839   0.00568  -0.1303   0.4653   0.4631  57.6076 243.0893
   5.000   1.1330   0.01894   0.00547  -0.1267   0.4407   0.4779  59.6821 244.0542
   5.000   1.1330   0.01894   0.00547  -0.1267   0.4407   0.4779  59.6821 244.0543
   5.000   1.1330   0.01894   0.00547  -0.1267   0.4407   0.4779  59.6821 244.0543
   5.000   1.1330   0.01894   0.00547  -0.1267   0.4407   0.4779  59.6821 244.0543
   5.000   1.1330   0.01894   0.00547  -0.1267   0.4407   0.4779  59.6821 244.0543
   6.000   1.1962   0.01987   0.00529  -0.1194   0.4116   0.4923  62.2533 244.9826
   6.000   1.1962   0.01987   0.00529  -0.1194   0.4116   0.4923  62.2532 244.9821
   6.000   1.1962   0.01987   0.00529  -0.1194   0.4116   0.4923  62.2532 244.9821
   6.000   1.1962   0.01987   0.00529  -0.1194   0.4116   0.4923  62.2532 244.9821
   6.000   1.1962   0.01987   0.00529  -0.1194   0.4116   0.4923  62.2532 244.9821
   7.000   1.2545   0.02197   0.00584  -0.1133   0.3783   0.5083  65.3582 246.0045
   7.000   1.2545   0.02197   0.00584  -0.1133   0.3783   0.5083  65.3582 246.0042
   7.000   1.2545   0.02197   0.00584  -0.1133   0.3783   0.5083  65.3582 246.0042
   7.000   1.2545   0.02197   0.00584  -0.1133   0.3783   0.5083  65.3582 246.0042
   7.000   1.2545   0.02197   0.00584  -0.1133   0.3783   0.5083  65.3582 246.0042
   8.000   1.3092   0.02504   0.00699  -0.1081   0.3498   0.5278  68.1087 247.2381
   8.000   1.3092   0.02504   0.00699  -0.1081   0.3498   0.5278  68.1087 247.2374
   8.000   1.3092   0.02504   0.00699  -0.1081   0.3498   0.5278  68.1087 247.2373
   8.000   1.3092   0.02504   0.00699  -0.1081   0.3498   0.5278  68.1087 247.2373
   8.000   1.3092   0.02504   0.00699  -0.1081   0.3498   0.5278  68.1087 247.2373
   9.000   1.3660   0.02865   0.00853  -0.1041   0.3274   0.5568  70.3040 249.0734
   9.000   1.3660   0.02865   0.00853  -0.1041   0.3274   0.5568  70.3040 249.0733
   9.000   1.3660   0.02865   0.00853  -0.1041   0.3274   0.5568  70.3040 249.0733
   9.000   1.3660   0.02865   0.00853  -0.1041   0.3274   0.5568  70.3040 249.0733
   9.000   1.3660   0.02865   0.00853  -0.1041   0.3274   0.5568  70.3040 249.0733
  10.000   1.4249   0.03236   0.01014  -0.1008   0.3091   0.6054  72.1087 252.1889
  10.000   1.4249   0.03236   0.01014  -0.1008   0.3091   0.6054  72.1087 252.1864
  10.000   1.4249   0.03236   0.01014  -0.1008   0.3091   0.6054  72.1087 252.1865
  10.000   1.4249   0.03236   0.01014  -0.1008   0.3091   0.6054  72.1087 252.1865
  10.000   1.4249   0.03236   0.01014  -0.1008   0.3091   0.6054  72.1087 252.1865
  11.000   1.4771   0.03661   0.01233  -0.0973   0.2935   0.7193  73.6682 259.9970
  11.000   1.4771   0.03661   0.01233  -0.0973   0.2935   0.7194  73.6682 259.9993
  11.000   1.4771   0.03661   0.01233  -0.0973   0.2935   0.7194  73.6682 259.9996
  11.000   1.4771   0.03661   0.01233  -0.0973   0.2935   0.7194  73.6682 259.9996
  11.000   1.4771   0.03661   0.01233  -0.0973   0.2935   0.7194  73.6682 259.9996
  12.000   1.5348   0.04035   0.01378  -0.0938   0.2808   0.8254  74.9563 269.2446
  12.000   1.5348   0.04035   0.01378  -0.0938   0.2808   0.8254  74.9563 269.2438
  12.000   1.5348   0.04035   0.01378  -0.0938   0.2808   0.8254  74.9563 269.2437
  12.000   1.5348   0.04035   0.01378  -0.0938   0.2808   0.8254  74.9563 269.2437
  12.000   1.5348   0.04035   0.01378  -0.0938   0.2808   0.8254  74.9563 269.2437
  13.000   1.5769   0.04492   0.01568  -0.0899   0.2693   1.0000  76.1444 300.0000
  13.000   1.5769   0.04492   0.01568  -0.0899   0.2693   1.0000  76.1444 300.0000
  13.000   1.5769   0.04492   0.01568  -0.0899   0.2693   1.0000  76.1444 300.0000
  13.000   1.5769   0.04492   0.01568  -0.0899   0.2693   1.0000  76.1444 300.0000
  13.000   1.5769   0.04492   0.01568  -0.0899   0.2693   1.0000  76.1444 300.0000
  14.000   1.6229   0.05060   0.01824  -0.0880   0.2589   1.0000  77.2456 300.0000
  14.000   1.6229   0.05059   0.01824  -0.0880   0.2589   1.0000  77.2455 300.0000
  14.000   1.6229   0.05059   0.01824  -0.0880   0.2589   1.0000  77.2455 300.0000
  14.000   1.6229   0.05059   0.01824  -0.0880   0.2589   1.0000  77.2455 300.0000
  14.000   1.6229   0.05059   0.01824  -0.0880   0.2589   1.0000  77.2455 300.0000
  15.000   1.6641   0.05678   0.02110  -0.0863   0.2494   1.0000  78.2778 300.0000
  15.000   1.6642   0.05678   0.02110  -0.0863   0.2494   1.0000  78.2779 300.0000
  15.000   1.6642   0.05678   0.02110  -0.0863   0.2494   1.0000  78.2779 300.0000
  15.000   1.6642   0.05678   0.02110  -0.0863   0.2494   1.0000  78.2779 300.0000
  15.000   1.6642   0.05678   0.02110  -0.0863   0.2494   1.0000  78.2779 300.0000
  16.000   1.7041   0.06318   0.02404  -0.0849   0.2409   1.0000  79.2178 300.0000
  16.000   1.7041   0.06318   0.02404  -0.0849   0.2409   1.0000  79.2177 300.0000
  16.000   1.7041   0.06318   0.02404  -0.0849   0.2409   1.0000  79.2177 300.0000
  16.000   1.7041   0.06318   0.02404  -0.0849   0.2409   1.0000  79.2177 300.0000
  16.000   1.7041   0.06318   0.02404  -0.0849   0.2409   1.0000  79.2177 300.0000
  17.000   1.7388   0.07020   0.02740  -0.0839   0.2327   1.0000  80.1425 300.0000
  17.000   1.7388   0.07020   0.02740  -0.0839   0.2327   1.0000  80.1424 300.0000
  17.000   1.7388   0.07020   0.02740  -0.0839   0.2327   1.0000  80.1424 300.0000
  17.000   1.7388   0.07020   0.02740  -0.0839   0.2327   1.0000  80.1424 300.0000
  17.000   1.7388   0.07020   0.02740  -0.0839   0.2327   1.0000  80.1424 300.0000
  18.000   1.7789   0.07663   0.03020  -0.0833   0.2256   1.0000  80.9730 300.0000
  18.000   1.7789   0.07663   0.03020  -0.0833   0.2256   1.0000  80.9730 300.0000
  18.000   1.7789   0.07663   0.03020  -0.0833   0.2256   1.0000  80.9730 300.0000
  18.000   1.7789   0.07663   0.03020  -0.0833   0.2256   1.0000  80.9730 300.0000
  18.000   1.7789   0.07663   0.03020  -0.0833   0.2256   1.0000  80.9730 300.0000
  19.000   1.7816   0.08745   0.03732  -0.0835   0.2180   1.0000  81.8786 300.0000
  19.000   1.7816   0.08745   0.03732  -0.0835   0.2180   1.0000  81.8786 300.0000
  19.000   1.7816   0.08745   0.03732  -0.0835   0.2180   1.0000  81.8786 300.0000
  19.000   1.7816   0.08745   0.03732  -0.0835   0.2180   1.0000  81.8786 300.0000
  19.000   1.7816   0.08745   0.03732  -0.0835   0.2180   1.0000  81.8786 300.0000
