  
       XFOIL         Version 6.99
  
 Calculated polar for: GOE 770 AIRFOIL                                 
  
 1 1 Reynolds number fixed          Mach number fixed         
  
 xtrf =   1.000 (top)        1.000 (bottom)  
 Mach =   0.000     Re =     0.400 e 6     Ncrit =   9.000  9.000
  
   alpha    CL        CD       CDp       CM     Top_Xtr  Bot_Xtr  Top_Itr  Bot_Itr
  ------ -------- --------- --------- -------- -------- -------- -------- --------
   0.000   0.3333   0.01170   0.00310  -0.0394   0.4960   0.6331  61.5354 251.1932
   0.000   0.3333   0.01170   0.00310  -0.0394   0.4960   0.6331  61.5354 251.1931
   0.000   0.3333   0.01170   0.00310  -0.0394   0.4960   0.6331  61.5354 251.1931
   0.000   0.3333   0.01170   0.00310  -0.0394   0.4960   0.6331  61.5354 251.1931
   0.000   0.3333   0.01170   0.00310  -0.0394   0.4960   0.6331  61.5354 251.1931
   1.000   0.4479   0.01174   0.00301  -0.0399   0.4806   0.6591  62.9081 253.1484
   1.000   0.4479   0.01174   0.00301  -0.0399   0.4806   0.6591  62.9081 253.1485
   1.000   0.4479   0.01174   0.00301  -0.0399   0.4806   0.6591  62.9081 253.1485
   1.000   0.4479   0.01174   0.00301  -0.0399   0.4806   0.6591  62.9081 253.1485
   1.000   0.4479   0.01174   0.00301  -0.0399   0.4806   0.6591  62.9081 253.1485
   2.000   0.5604   0.01179   0.00302  -0.0401   0.4630   0.6918  64.5004 255.6078
   2.000   0.5604   0.01179   0.00302  -0.0401   0.4630   0.6918  64.5004 255.6078
   2.000   0.5604   0.01179   0.00302  -0.0401   0.4630   0.6918  64.5004 255.6078
   2.000   0.5604   0.01179   0.00302  -0.0401   0.4630   0.6918  64.5004 255.6078
   2.000   0.5604   0.01179   0.00302  -0.0401   0.4630   0.6918  64.5004 255.6078
   3.000   0.6702   0.01187   0.00302  -0.0399   0.4450   0.7425  66.1707 259.4411
   3.000   0.6702   0.01187   0.00302  -0.0399   0.4450   0.7424  66.1708 259.4410
   3.000   0.6702   0.01187   0.00302  -0.0399   0.4450   0.7424  66.1708 259.4410
   3.000   0.6702   0.01187   0.00302  -0.0399   0.4450   0.7424  66.1708 259.4410
   3.000   0.6702   0.01187   0.00302  -0.0399   0.4450   0.7424  66.1708 259.4410
   4.000   0.7737   0.01199   0.00318  -0.0383   0.4266   0.8436  67.9113 267.6336
   4.000   0.7737   0.01199   0.00318  -0.0383   0.4266   0.8436  67.9113 267.6357
   4.000   0.7737   0.01199   0.00318  -0.0383   0.4266   0.8436  67.9113 267.6357
   4.000   0.7737   0.01199   0.00318  -0.0383   0.4266   0.8436  67.9113 267.6357
   4.000   0.7737   0.01199   0.00318  -0.0383   0.4266   0.8436  67.9113 267.6357
   5.000   0.8930   0.01253   0.00356  -0.0398   0.4078   0.9575  69.7162 283.9207
   5.000   0.8930   0.01253   0.00356  -0.0398   0.4078   0.9575  69.7162 283.9200
   5.000   0.8930   0.01253   0.00356  -0.0398   0.4078   0.9575  69.7162 283.9200
   5.000   0.8930   0.01253   0.00356  -0.0398   0.4078   0.9575  69.7162 283.9200
   5.000   0.8930   0.01253   0.00356  -0.0398   0.4078   0.9575  69.7162 283.9200
   7.000   1.1496   0.01438   0.00424  -0.0498   0.3773   1.0000  72.7043 300.0000
   7.000   1.1496   0.01438   0.00424  -0.0498   0.3773   1.0000  72.7043 300.0000
   7.000   1.1496   0.01438   0.00424  -0.0498   0.3773   1.0000  72.7043 300.0000
   7.000   1.1496   0.01438   0.00424  -0.0498   0.3773   1.0000  72.7043 300.0000
   7.000   1.1496   0.01438   0.00424  -0.0498   0.3773   1.0000  72.7043 300.0000
   8.000   1.2303   0.01537   0.00447  -0.0453   0.3659   1.0000  73.8296 300.0000
   8.000   1.2303   0.01537   0.00447  -0.0453   0.3659   1.0000  73.8296 300.0000
   8.000   1.2303   0.01537   0.00447  -0.0453   0.3659   1.0000  73.8296 300.0000
   8.000   1.2303   0.01537   0.00447  -0.0453   0.3659   1.0000  73.8296 300.0000
   8.000   1.2303   0.01537   0.00447  -0.0453   0.3659   1.0000  73.8296 300.0000
   9.000   1.3139   0.01652   0.00469  -0.0417   0.3535   1.0000  75.0704 300.0000
   9.000   1.3139   0.01652   0.00469  -0.0417   0.3535   1.0000  75.0704 300.0000
   9.000   1.3139   0.01652   0.00469  -0.0417   0.3535   1.0000  75.0704 300.0000
   9.000   1.3139   0.01652   0.00469  -0.0417   0.3535   1.0000  75.0704 300.0000
   9.000   1.3139   0.01652   0.00469  -0.0417   0.3535   1.0000  75.0704 300.0000
  10.000   1.3909   0.01782   0.00502  -0.0376   0.3418   1.0000  76.2457 300.0000
  10.000   1.3909   0.01782   0.00502  -0.0376   0.3418   1.0000  76.2457 300.0000
  10.000   1.3909   0.01782   0.00502  -0.0376   0.3418   1.0000  76.2457 300.0000
  10.000   1.3909   0.01782   0.00502  -0.0376   0.3418   1.0000  76.2457 300.0000
  10.000   1.3909   0.01782   0.00502  -0.0376   0.3418   1.0000  76.2457 300.0000
  11.000   1.4570   0.01946   0.00539  -0.0325   0.3301   1.0000  77.4276 300.0000
  11.000   1.4570   0.01946   0.00539  -0.0325   0.3301   1.0000  77.4277 300.0000
  11.000   1.4570   0.01946   0.00539  -0.0325   0.3301   1.0000  77.4277 300.0000
  11.000   1.4570   0.01946   0.00539  -0.0325   0.3301   1.0000  77.4277 300.0000
  11.000   1.4570   0.01946   0.00539  -0.0325   0.3301   1.0000  77.4277 300.0000
  12.000   1.5169   0.02173   0.00598  -0.0281   0.3176   1.0000  78.7024 300.0000
  12.000   1.5169   0.02173   0.00598  -0.0281   0.3176   1.0000  78.7023 300.0000
  12.000   1.5169   0.02173   0.00598  -0.0281   0.3176   1.0000  78.7023 300.0000
  12.000   1.5169   0.02173   0.00598  -0.0281   0.3176   1.0000  78.7023 300.0000
  12.000   1.5169   0.02173   0.00598  -0.0281   0.3176   1.0000  78.7023 300.0000
  13.000   1.5712   0.02484   0.00688  -0.0248   0.3047   1.0000  80.0308 300.0000
  13.000   1.5712   0.02484   0.00688  -0.0248   0.3047   1.0000  80.0308 300.0000
  13.000   1.5712   0.02484   0.00688  -0.0248   0.3047   1.0000  80.0308 300.0000
  13.000   1.5712   0.02484   0.00688  -0.0248   0.3047   1.0000  80.0308 300.0000
  13.000   1.5712   0.02484   0.00688  -0.0248   0.3047   1.0000  80.0308 300.0000
  14.000   1.5987   0.03033   0.00934  -0.0219   0.2897   1.0000  81.6146 300.0000
  14.000   1.5987   0.03033   0.00934  -0.0219   0.2897   1.0000  81.6148 300.0000
  14.000   1.5988   0.03033   0.00934  -0.0219   0.2897   1.0000  81.6148 300.0000
  14.000   1.5988   0.03033   0.00934  -0.0219   0.2897   1.0000  81.6148 300.0000
  14.000   1.5988   0.03033   0.00934  -0.0219   0.2897   1.0000  81.6148 300.0000
  15.000   1.6101   0.03819   0.01323  -0.0204   0.2717   1.0000  83.5423 300.0000
  15.000   1.6101   0.03819   0.01323  -0.0204   0.2717   1.0000  83.5421 300.0000
  15.000   1.6101   0.03819   0.01323  -0.0204   0.2717   1.0000  83.5420 300.0000
  15.000   1.6101   0.03819   0.01323  -0.0204   0.2717   1.0000  83.5420 300.0000
  15.000   1.6101   0.03819   0.01323  -0.0204   0.2717   1.0000  83.5420 300.0000
  16.000   1.6003   0.04902   0.01927  -0.0200   0.2494   1.0000  86.0250 300.0000
  16.000   1.6002   0.04902   0.01927  -0.0200   0.2495   1.0000  86.0243 300.0000
  16.000   1.6002   0.04902   0.01927  -0.0200   0.2495   1.0000  86.0243 300.0000
  16.000   1.6002   0.04902   0.01927  -0.0200   0.2495   1.0000  86.0243 300.0000
  16.000   1.6002   0.04902   0.01927  -0.0200   0.2495   1.0000  86.0243 300.0000
  17.000   1.5678   0.06331   0.02841  -0.0207   0.2212   1.0000  89.3258 300.0000
  17.000   1.5678   0.06331   0.02841  -0.0207   0.2212   1.0000  89.3261 300.0000
  17.000   1.5678   0.06331   0.02841  -0.0207   0.2212   1.0000  89.3262 300.0000
  17.000   1.5678   0.06331   0.02841  -0.0207   0.2212   1.0000  89.3262 300.0000
  17.000   1.5678   0.06331   0.02841  -0.0207   0.2212   1.0000  89.3262 300.0000
  18.000   1.5164   0.08048   0.04056  -0.0223   0.1896   1.0000  93.2413 300.0000
  18.000   1.5164   0.08048   0.04056  -0.0223   0.1896   1.0000  93.2413 300.0000
  18.000   1.5164   0.08048   0.04056  -0.0223   0.1896   1.0000  93.2412 300.0000
  18.000   1.5164   0.08048   0.04056  -0.0223   0.1896   1.0000  93.2412 300.0000
  18.000   1.5164   0.08048   0.04056  -0.0223   0.1896   1.0000  93.2412 300.0000
  19.000   1.4743   0.09729   0.05364  -0.0250   0.1648   1.0000  96.4558 300.0000
  19.000   1.4743   0.09728   0.05364  -0.0250   0.1648   1.0000  96.4551 300.0000
  19.000   1.4743   0.09728   0.05364  -0.0250   0.1648   1.0000  96.4550 300.0000
  19.000   1.4743   0.09728   0.05364  -0.0250   0.1648   1.0000  96.4549 300.0000
  19.000   1.4743   0.09728   0.05364  -0.0250   0.1648   1.0000  96.4549 300.0000
