  
       XFOIL         Version 6.99
  
 Calculated polar for: GOE 770 AIRFOIL                                 
  
 1 1 Reynolds number fixed          Mach number fixed         
  
 xtrf =   1.000 (top)        1.000 (bottom)  
 Mach =   0.000     Re =     0.300 e 6     Ncrit =   9.000  9.000
  
   alpha    CL        CD       CDp       CM     Top_Xtr  Bot_Xtr  Top_Itr  Bot_Itr
  ------ -------- --------- --------- -------- -------- -------- -------- --------
   0.000   0.3291   0.01344   0.00432  -0.0387   0.5099   0.6616  60.3260 253.3347
   0.000   0.3291   0.01344   0.00432  -0.0387   0.5099   0.6616  60.3259 253.3349
   0.000   0.3291   0.01344   0.00432  -0.0387   0.5099   0.6616  60.3259 253.3349
   0.000   0.3291   0.01344   0.00432  -0.0387   0.5099   0.6616  60.3259 253.3349
   0.000   0.3291   0.01344   0.00432  -0.0387   0.5099   0.6616  60.3259 253.3349
   1.000   0.4427   0.01344   0.00424  -0.0390   0.4935   0.6905  61.7598 255.5099
   1.000   0.4427   0.01344   0.00424  -0.0390   0.4935   0.6905  61.7598 255.5099
   1.000   0.4427   0.01344   0.00424  -0.0390   0.4935   0.6905  61.7598 255.5099
   1.000   0.4427   0.01344   0.00424  -0.0390   0.4935   0.6905  61.7598 255.5099
   1.000   0.4427   0.01344   0.00424  -0.0390   0.4935   0.6905  61.7598 255.5099
   2.000   0.5542   0.01348   0.00420  -0.0390   0.4762   0.7274  63.3048 258.2952
   2.000   0.5542   0.01348   0.00420  -0.0390   0.4762   0.7274  63.3048 258.2952
   2.000   0.5542   0.01348   0.00420  -0.0390   0.4762   0.7274  63.3048 258.2952
   2.000   0.5542   0.01348   0.00420  -0.0390   0.4762   0.7274  63.3048 258.2952
   2.000   0.5542   0.01348   0.00420  -0.0390   0.4762   0.7274  63.3048 258.2952
   3.000   0.6628   0.01354   0.00418  -0.0384   0.4586   0.7864  64.9043 262.8475
   3.000   0.6628   0.01354   0.00418  -0.0384   0.4586   0.7865  64.9043 262.8518
   3.000   0.6628   0.01354   0.00418  -0.0384   0.4586   0.7865  64.9043 262.8518
   3.000   0.6628   0.01354   0.00418  -0.0384   0.4586   0.7865  64.9043 262.8518
   3.000   0.6628   0.01354   0.00418  -0.0384   0.4586   0.7865  64.9043 262.8518
   4.000   0.7650   0.01372   0.00443  -0.0361   0.4403   0.8943  66.6165 272.8714
   4.000   0.7650   0.01372   0.00443  -0.0361   0.4403   0.8943  66.6164 272.8730
   4.000   0.7650   0.01372   0.00443  -0.0361   0.4403   0.8943  66.6164 272.8730
   4.000   0.7650   0.01372   0.00443  -0.0361   0.4403   0.8943  66.6164 272.8730
   4.000   0.7650   0.01372   0.00443  -0.0361   0.4403   0.8943  66.6164 272.8730
   5.000   0.9114   0.01451   0.00484  -0.0435   0.4219   0.9753  68.3608 289.2113
   5.000   0.9114   0.01451   0.00484  -0.0435   0.4219   0.9753  68.3608 289.2116
   5.000   0.9114   0.01451   0.00484  -0.0435   0.4219   0.9753  68.3608 289.2116
   5.000   0.9114   0.01451   0.00484  -0.0435   0.4219   0.9753  68.3608 289.2116
   5.000   0.9114   0.01451   0.00484  -0.0435   0.4219   0.9753  68.3608 289.2116
   6.000   1.0750   0.01543   0.00515  -0.0556   0.4054   1.0000  69.9503 300.0000
   6.000   1.0750   0.01543   0.00515  -0.0556   0.4054   1.0000  69.9503 300.0000
   6.000   1.0750   0.01543   0.00515  -0.0556   0.4054   1.0000  69.9503 300.0000
   6.000   1.0750   0.01543   0.00515  -0.0556   0.4054   1.0000  69.9503 300.0000
   6.000   1.0750   0.01543   0.00515  -0.0556   0.4054   1.0000  69.9503 300.0000
   7.000   1.1490   0.01635   0.00540  -0.0500   0.3927   1.0000  71.1891 300.0000
   7.000   1.1490   0.01635   0.00540  -0.0500   0.3927   1.0000  71.1890 300.0000
   7.000   1.1490   0.01635   0.00540  -0.0500   0.3927   1.0000  71.1890 300.0000
   7.000   1.1490   0.01635   0.00540  -0.0500   0.3927   1.0000  71.1890 300.0000
   7.000   1.1490   0.01635   0.00540  -0.0500   0.3927   1.0000  71.1890 300.0000
   8.000   1.2317   0.01749   0.00581  -0.0460   0.3811   1.0000  72.3324 300.0000
   8.000   1.2317   0.01749   0.00581  -0.0460   0.3811   1.0000  72.3325 300.0000
   8.000   1.2317   0.01749   0.00581  -0.0460   0.3811   1.0000  72.3325 300.0000
   8.000   1.2317   0.01749   0.00581  -0.0460   0.3811   1.0000  72.3325 300.0000
   8.000   1.2317   0.01749   0.00581  -0.0460   0.3811   1.0000  72.3325 300.0000
   9.000   1.3160   0.01869   0.00614  -0.0427   0.3682   1.0000  73.6035 300.0000
   9.000   1.3160   0.01869   0.00614  -0.0427   0.3682   1.0000  73.6035 300.0000
   9.000   1.3160   0.01869   0.00614  -0.0427   0.3682   1.0000  73.6035 300.0000
   9.000   1.3160   0.01869   0.00614  -0.0427   0.3682   1.0000  73.6035 300.0000
   9.000   1.3160   0.01869   0.00614  -0.0427   0.3682   1.0000  73.6035 300.0000
  10.000   1.4010   0.02002   0.00641  -0.0399   0.3558   1.0000  74.8401 300.0000
  10.000   1.4010   0.02002   0.00641  -0.0399   0.3558   1.0000  74.8401 300.0000
  10.000   1.4010   0.02002   0.00641  -0.0399   0.3558   1.0000  74.8401 300.0000
  10.000   1.4010   0.02002   0.00641  -0.0399   0.3558   1.0000  74.8401 300.0000
  10.000   1.4010   0.02002   0.00641  -0.0399   0.3558   1.0000  74.8401 300.0000
  11.000   1.4842   0.02159   0.00675  -0.0374   0.3446   1.0000  75.9648 300.0000
  11.000   1.4842   0.02159   0.00675  -0.0374   0.3446   1.0000  75.9649 300.0000
  11.000   1.4842   0.02159   0.00675  -0.0374   0.3446   1.0000  75.9649 300.0000
  11.000   1.4842   0.02159   0.00675  -0.0374   0.3446   1.0000  75.9649 300.0000
  11.000   1.4842   0.02159   0.00675  -0.0374   0.3446   1.0000  75.9649 300.0000
  12.000   1.5295   0.02372   0.00724  -0.0298   0.3313   1.0000  77.3108 300.0000
  12.000   1.5295   0.02372   0.00724  -0.0298   0.3313   1.0000  77.3109 300.0000
  12.000   1.5295   0.02372   0.00724  -0.0298   0.3313   1.0000  77.3109 300.0000
  12.000   1.5295   0.02372   0.00724  -0.0298   0.3313   1.0000  77.3109 300.0000
  12.000   1.5295   0.02372   0.00724  -0.0298   0.3313   1.0000  77.3109 300.0000
  13.000   1.5741   0.02665   0.00799  -0.0247   0.3174   1.0000  78.7277 300.0000
  13.000   1.5741   0.02665   0.00799  -0.0247   0.3174   1.0000  78.7276 300.0000
  13.000   1.5741   0.02665   0.00799  -0.0247   0.3174   1.0000  78.7276 300.0000
  13.000   1.5741   0.02665   0.00799  -0.0247   0.3174   1.0000  78.7276 300.0000
  13.000   1.5741   0.02665   0.00799  -0.0247   0.3174   1.0000  78.7276 300.0000
  14.000   1.6023   0.03129   0.00966  -0.0205   0.3024   1.0000  80.2794 300.0000
  14.000   1.6023   0.03129   0.00966  -0.0205   0.3024   1.0000  80.2796 300.0000
  14.000   1.6023   0.03129   0.00966  -0.0205   0.3024   1.0000  80.2796 300.0000
  14.000   1.6023   0.03129   0.00966  -0.0205   0.3024   1.0000  80.2796 300.0000
  14.000   1.6023   0.03129   0.00966  -0.0205   0.3024   1.0000  80.2796 300.0000
  15.000   1.6120   0.03826   0.01274  -0.0179   0.2849   1.0000  82.1156 300.0000
  15.000   1.6120   0.03826   0.01274  -0.0179   0.2849   1.0000  82.1159 300.0000
  15.000   1.6120   0.03826   0.01274  -0.0179   0.2849   1.0000  82.1159 300.0000
  15.000   1.6120   0.03826   0.01274  -0.0179   0.2849   1.0000  82.1159 300.0000
  15.000   1.6120   0.03826   0.01274  -0.0179   0.2849   1.0000  82.1159 300.0000
  16.000   1.5819   0.05032   0.01972  -0.0172   0.2627   1.0000  84.5361 300.0000
  16.000   1.5819   0.05032   0.01973  -0.0172   0.2627   1.0000  84.5365 300.0000
  16.000   1.5819   0.05032   0.01973  -0.0172   0.2627   1.0000  84.5365 300.0000
  16.000   1.5819   0.05032   0.01973  -0.0172   0.2627   1.0000  84.5365 300.0000
  16.000   1.5819   0.05032   0.01973  -0.0172   0.2627   1.0000  84.5365 300.0000
  17.000   1.5468   0.06474   0.02903  -0.0182   0.2371   1.0000  87.4476 300.0000
  17.000   1.5468   0.06474   0.02903  -0.0182   0.2371   1.0000  87.4478 300.0000
  17.000   1.5468   0.06474   0.02903  -0.0182   0.2371   1.0000  87.4478 300.0000
  17.000   1.5468   0.06474   0.02903  -0.0182   0.2371   1.0000  87.4478 300.0000
  17.000   1.5468   0.06474   0.02903  -0.0182   0.2371   1.0000  87.4478 300.0000
  18.000   1.5053   0.08097   0.04049  -0.0204   0.2078   1.0000  90.9609 300.0000
  18.000   1.5053   0.08097   0.04049  -0.0204   0.2078   1.0000  90.9611 300.0000
  18.000   1.5053   0.08097   0.04049  -0.0204   0.2078   1.0000  90.9611 300.0000
  18.000   1.5053   0.08097   0.04049  -0.0204   0.2078   1.0000  90.9611 300.0000
  18.000   1.5053   0.08097   0.04049  -0.0204   0.2078   1.0000  90.9611 300.0000
  19.000   1.4678   0.09735   0.05322  -0.0234   0.1806   1.0000  94.3863 300.0000
  19.000   1.4678   0.09735   0.05322  -0.0234   0.1806   1.0000  94.3867 300.0000
  19.000   1.4678   0.09735   0.05322  -0.0234   0.1806   1.0000  94.3867 300.0000
  19.000   1.4678   0.09735   0.05322  -0.0234   0.1806   1.0000  94.3868 300.0000
  19.000   1.4678   0.09735   0.05322  -0.0234   0.1806   1.0000  94.3868 300.0000
