  
       XFOIL         Version 6.99
  
 Calculated polar for: GOE 770 AIRFOIL                                 
  
 1 1 Reynolds number fixed          Mach number fixed         
  
 xtrf =   1.000 (top)        1.000 (bottom)  
 Mach =   0.000     Re =     0.325 e 6     Ncrit =   9.000  9.000
  
   alpha    CL        CD       CDp       CM     Top_Xtr  Bot_Xtr  Top_Itr  Bot_Itr
  ------ -------- --------- --------- -------- -------- -------- -------- --------
   0.000   0.3305   0.01291   0.00392  -0.0390   0.5058   0.6535  60.6794 252.7271
   0.000   0.3305   0.01291   0.00392  -0.0390   0.5058   0.6535  60.6794 252.7272
   0.000   0.3305   0.01291   0.00392  -0.0390   0.5058   0.6535  60.6794 252.7272
   0.000   0.3305   0.01291   0.00392  -0.0390   0.5058   0.6535  60.6794 252.7272
   0.000   0.3305   0.01291   0.00392  -0.0390   0.5058   0.6535  60.6794 252.7272
   1.000   0.4449   0.01295   0.00380  -0.0394   0.4904   0.6817  62.0339 254.8453
   1.000   0.4449   0.01295   0.00380  -0.0394   0.4904   0.6817  62.0339 254.8452
   1.000   0.4449   0.01295   0.00380  -0.0394   0.4904   0.6817  62.0339 254.8452
   1.000   0.4449   0.01295   0.00380  -0.0394   0.4904   0.6817  62.0339 254.8452
   1.000   0.4449   0.01295   0.00380  -0.0394   0.4904   0.6817  62.0339 254.8452
   2.000   0.5561   0.01295   0.00381  -0.0393   0.4723   0.7170  63.6564 257.5086
   2.000   0.5561   0.01295   0.00381  -0.0393   0.4723   0.7170  63.6564 257.5085
   2.000   0.5561   0.01295   0.00381  -0.0393   0.4723   0.7170  63.6564 257.5085
   2.000   0.5561   0.01295   0.00381  -0.0393   0.4723   0.7170  63.6564 257.5085
   2.000   0.5561   0.01295   0.00381  -0.0393   0.4723   0.7170  63.6564 257.5085
   3.000   0.6648   0.01303   0.00384  -0.0388   0.4545   0.7738  65.2829 261.8560
   3.000   0.6648   0.01303   0.00384  -0.0388   0.4545   0.7738  65.2830 261.8577
   3.000   0.6648   0.01303   0.00384  -0.0388   0.4545   0.7738  65.2830 261.8577
   3.000   0.6648   0.01303   0.00384  -0.0388   0.4545   0.7738  65.2830 261.8577
   3.000   0.6648   0.01303   0.00384  -0.0388   0.4545   0.7738  65.2830 261.8577
   4.000   0.7676   0.01316   0.00398  -0.0368   0.4369   0.8808  66.9333 271.3237
   4.000   0.7676   0.01316   0.00398  -0.0368   0.4369   0.8808  66.9333 271.3237
   4.000   0.7676   0.01316   0.00398  -0.0368   0.4369   0.8808  66.9333 271.3237
   4.000   0.7676   0.01316   0.00398  -0.0368   0.4369   0.8808  66.9333 271.3237
   4.000   0.7676   0.01316   0.00398  -0.0368   0.4369   0.8808  66.9333 271.3237
   5.000   0.9054   0.01388   0.00441  -0.0422   0.4179   0.9714  68.7408 287.9084
   5.000   0.9054   0.01389   0.00441  -0.0422   0.4179   0.9713  68.7409 287.9039
   5.000   0.9054   0.01389   0.00441  -0.0422   0.4179   0.9713  68.7409 287.9039
   5.000   0.9054   0.01389   0.00441  -0.0422   0.4179   0.9713  68.7409 287.9039
   5.000   0.9054   0.01389   0.00441  -0.0422   0.4179   0.9713  68.7409 287.9039
   6.000   1.0747   0.01487   0.00486  -0.0555   0.4006   1.0000  70.4140 300.0000
   6.000   1.0747   0.01487   0.00486  -0.0555   0.4006   1.0000  70.4140 300.0000
   6.000   1.0747   0.01487   0.00486  -0.0555   0.4006   1.0000  70.4140 300.0000
   6.000   1.0747   0.01487   0.00486  -0.0555   0.4006   1.0000  70.4140 300.0000
   6.000   1.0747   0.01487   0.00486  -0.0555   0.4006   1.0000  70.4140 300.0000
   7.000   1.1483   0.01572   0.00503  -0.0498   0.3881   1.0000  71.6419 300.0000
   7.000   1.1483   0.01572   0.00503  -0.0498   0.3881   1.0000  71.6419 300.0000
   7.000   1.1483   0.01572   0.00503  -0.0498   0.3881   1.0000  71.6419 300.0000
   7.000   1.1483   0.01572   0.00503  -0.0498   0.3881   1.0000  71.6419 300.0000
   7.000   1.1483   0.01572   0.00503  -0.0498   0.3881   1.0000  71.6419 300.0000
   8.000   1.2319   0.01680   0.00534  -0.0459   0.3767   1.0000  72.7604 300.0000
   8.000   1.2319   0.01680   0.00534  -0.0459   0.3767   1.0000  72.7605 300.0000
   8.000   1.2319   0.01680   0.00534  -0.0459   0.3767   1.0000  72.7605 300.0000
   8.000   1.2319   0.01680   0.00534  -0.0459   0.3767   1.0000  72.7605 300.0000
   8.000   1.2319   0.01680   0.00534  -0.0459   0.3767   1.0000  72.7605 300.0000
   9.000   1.3204   0.01798   0.00555  -0.0432   0.3643   1.0000  73.9951 300.0000
   9.000   1.3204   0.01798   0.00555  -0.0432   0.3643   1.0000  73.9951 300.0000
   9.000   1.3204   0.01798   0.00555  -0.0432   0.3643   1.0000  73.9951 300.0000
   9.000   1.3204   0.01798   0.00555  -0.0432   0.3643   1.0000  73.9951 300.0000
   9.000   1.3204   0.01798   0.00555  -0.0432   0.3643   1.0000  73.9951 300.0000
  10.000   1.3982   0.01936   0.00597  -0.0393   0.3518   1.0000  75.2407 300.0000
  10.000   1.3982   0.01936   0.00597  -0.0393   0.3518   1.0000  75.2408 300.0000
  10.000   1.3982   0.01936   0.00597  -0.0393   0.3518   1.0000  75.2408 300.0000
  10.000   1.3982   0.01936   0.00597  -0.0393   0.3518   1.0000  75.2408 300.0000
  10.000   1.3982   0.01936   0.00597  -0.0393   0.3518   1.0000  75.2408 300.0000
  11.000   1.4690   0.02097   0.00638  -0.0347   0.3404   1.0000  76.3844 300.0000
  11.000   1.4690   0.02097   0.00638  -0.0347   0.3404   1.0000  76.3844 300.0000
  11.000   1.4690   0.02097   0.00638  -0.0347   0.3404   1.0000  76.3844 300.0000
  11.000   1.4690   0.02097   0.00638  -0.0347   0.3404   1.0000  76.3844 300.0000
  11.000   1.4690   0.02097   0.00638  -0.0347   0.3404   1.0000  76.3844 300.0000
  12.000   1.5259   0.02301   0.00675  -0.0292   0.3272   1.0000  77.7225 300.0000
  12.000   1.5259   0.02301   0.00675  -0.0292   0.3272   1.0000  77.7225 300.0000
  12.000   1.5259   0.02301   0.00675  -0.0292   0.3272   1.0000  77.7225 300.0000
  12.000   1.5259   0.02301   0.00675  -0.0292   0.3272   1.0000  77.7225 300.0000
  12.000   1.5259   0.02301   0.00675  -0.0292   0.3272   1.0000  77.7225 300.0000
  13.000   1.5784   0.02581   0.00740  -0.0250   0.3139   1.0000  79.0799 300.0000
  13.000   1.5784   0.02581   0.00740  -0.0250   0.3139   1.0000  79.0798 300.0000
  13.000   1.5784   0.02581   0.00740  -0.0250   0.3139   1.0000  79.0798 300.0000
  13.000   1.5784   0.02581   0.00740  -0.0250   0.3139   1.0000  79.0798 300.0000
  13.000   1.5784   0.02581   0.00740  -0.0250   0.3139   1.0000  79.0798 300.0000
  14.000   1.6001   0.03095   0.00950  -0.0207   0.2986   1.0000  80.6679 300.0000
  14.000   1.6001   0.03095   0.00950  -0.0207   0.2986   1.0000  80.6677 300.0000
  14.000   1.6001   0.03095   0.00950  -0.0207   0.2986   1.0000  80.6677 300.0000
  14.000   1.6001   0.03095   0.00950  -0.0207   0.2986   1.0000  80.6677 300.0000
  14.000   1.6001   0.03095   0.00950  -0.0207   0.2986   1.0000  80.6677 300.0000
  15.000   1.6059   0.03860   0.01316  -0.0185   0.2810   1.0000  82.5366 300.0000
  15.000   1.6059   0.03860   0.01316  -0.0185   0.2810   1.0000  82.5368 300.0000
  15.000   1.6059   0.03860   0.01316  -0.0185   0.2810   1.0000  82.5368 300.0000
  15.000   1.6059   0.03860   0.01316  -0.0185   0.2810   1.0000  82.5368 300.0000
  15.000   1.6059   0.03860   0.01316  -0.0185   0.2810   1.0000  82.5368 300.0000
  16.000   1.5908   0.04949   0.01919  -0.0180   0.2593   1.0000  84.9123 300.0000
  16.000   1.5908   0.04948   0.01919  -0.0180   0.2593   1.0000  84.9121 300.0000
  16.000   1.5908   0.04948   0.01919  -0.0180   0.2593   1.0000  84.9120 300.0000
  16.000   1.5908   0.04948   0.01919  -0.0180   0.2593   1.0000  84.9120 300.0000
  16.000   1.5908   0.04948   0.01919  -0.0180   0.2593   1.0000  84.9120 300.0000
  17.000   1.5561   0.06390   0.02846  -0.0189   0.2332   1.0000  87.9054 300.0000
  17.000   1.5561   0.06391   0.02846  -0.0189   0.2332   1.0000  87.9054 300.0000
  17.000   1.5561   0.06391   0.02846  -0.0189   0.2332   1.0000  87.9055 300.0000
  17.000   1.5561   0.06391   0.02846  -0.0189   0.2332   1.0000  87.9055 300.0000
  17.000   1.5561   0.06391   0.02846  -0.0189   0.2332   1.0000  87.9055 300.0000
  18.000   1.5088   0.08084   0.04054  -0.0210   0.2027   1.0000  91.5920 300.0000
  18.000   1.5088   0.08084   0.04054  -0.0210   0.2027   1.0000  91.5922 300.0000
  18.000   1.5088   0.08084   0.04054  -0.0210   0.2027   1.0000  91.5922 300.0000
  18.000   1.5088   0.08084   0.04054  -0.0210   0.2027   1.0000  91.5922 300.0000
  18.000   1.5088   0.08084   0.04054  -0.0210   0.2027   1.0000  91.5922 300.0000
  19.000   1.4723   0.09694   0.05290  -0.0238   0.1762   1.0000  94.9577 300.0000
  19.000   1.4723   0.09695   0.05290  -0.0238   0.1762   1.0000  94.9582 300.0000
  19.000   1.4723   0.09695   0.05290  -0.0238   0.1762   1.0000  94.9583 300.0000
  19.000   1.4723   0.09695   0.05290  -0.0238   0.1762   1.0000  94.9583 300.0000
  19.000   1.4723   0.09695   0.05290  -0.0238   0.1762   1.0000  94.9583 300.0000
