  
       XFOIL         Version 6.99
  
 Calculated polar for: GOE 770 AIRFOIL                                 
  
 1 1 Reynolds number fixed          Mach number fixed         
  
 xtrf =   1.000 (top)        1.000 (bottom)  
 Mach =   0.000     Re =     0.425 e 6     Ncrit =   9.000  9.000
  
   alpha    CL        CD       CDp       CM     Top_Xtr  Bot_Xtr  Top_Itr  Bot_Itr
  ------ -------- --------- --------- -------- -------- -------- -------- --------
   0.000   0.3341   0.01139   0.00289  -0.0396   0.4934   0.6277  61.7658 250.7882
   0.000   0.3341   0.01139   0.00289  -0.0396   0.4934   0.6277  61.7658 250.7878
   0.000   0.3341   0.01139   0.00289  -0.0396   0.4934   0.6277  61.7658 250.7879
   0.000   0.3341   0.01139   0.00289  -0.0396   0.4934   0.6277  61.7658 250.7879
   0.000   0.3341   0.01139   0.00289  -0.0396   0.4934   0.6277  61.7658 250.7879
   1.000   0.4487   0.01144   0.00284  -0.0400   0.4779   0.6530  63.1490 252.6908
   1.000   0.4487   0.01144   0.00284  -0.0400   0.4779   0.6530  63.1490 252.6907
   1.000   0.4487   0.01144   0.00284  -0.0400   0.4779   0.6530  63.1490 252.6907
   1.000   0.4487   0.01144   0.00284  -0.0400   0.4779   0.6530  63.1490 252.6907
   1.000   0.4487   0.01144   0.00284  -0.0400   0.4779   0.6530  63.1490 252.6907
   2.000   0.5616   0.01149   0.00282  -0.0403   0.4605   0.6851  64.7374 255.1013
   2.000   0.5616   0.01149   0.00282  -0.0403   0.4605   0.6851  64.7374 255.1012
   2.000   0.5616   0.01149   0.00282  -0.0403   0.4605   0.6851  64.7374 255.1012
   2.000   0.5616   0.01149   0.00282  -0.0403   0.4605   0.6851  64.7374 255.1012
   2.000   0.5616   0.01149   0.00282  -0.0403   0.4605   0.6851  64.7374 255.1012
   3.000   0.6716   0.01158   0.00286  -0.0402   0.4419   0.7341  66.4642 258.8027
   3.000   0.6716   0.01158   0.00286  -0.0402   0.4419   0.7341  66.4642 258.8026
   3.000   0.6716   0.01158   0.00286  -0.0402   0.4419   0.7341  66.4642 258.8026
   3.000   0.6716   0.01158   0.00286  -0.0402   0.4419   0.7341  66.4642 258.8026
   3.000   0.6716   0.01158   0.00286  -0.0402   0.4419   0.7341  66.4642 258.8026
   4.000   0.7757   0.01170   0.00301  -0.0387   0.4236   0.8321  68.1999 266.6124
   4.000   0.7757   0.01170   0.00301  -0.0387   0.4236   0.8321  68.1999 266.6163
   4.000   0.7757   0.01170   0.00301  -0.0387   0.4236   0.8321  68.1999 266.6163
   4.000   0.7757   0.01170   0.00301  -0.0387   0.4236   0.8321  68.1999 266.6163
   4.000   0.7757   0.01170   0.00301  -0.0387   0.4236   0.8321  68.1999 266.6163
   5.000   0.8903   0.01220   0.00333  -0.0392   0.4053   0.9520  69.9604 282.5559
   5.000   0.8903   0.01220   0.00333  -0.0392   0.4053   0.9520  69.9604 282.5463
   5.000   0.8903   0.01220   0.00333  -0.0392   0.4053   0.9520  69.9604 282.5463
   5.000   0.8903   0.01220   0.00333  -0.0392   0.4053   0.9520  69.9604 282.5463
   5.000   0.8903   0.01220   0.00333  -0.0392   0.4053   0.9520  69.9604 282.5463
   6.000   1.0488   0.01316   0.00383  -0.0501   0.3874   0.9944  71.7094 297.0000
   6.000   1.0488   0.01316   0.00383  -0.0501   0.3874   0.9944  71.7094 297.0003
   6.000   1.0488   0.01316   0.00383  -0.0501   0.3874   0.9944  71.7094 297.0002
   6.000   1.0488   0.01316   0.00383  -0.0501   0.3874   0.9944  71.7094 297.0002
   6.000   1.0488   0.01316   0.00383  -0.0501   0.3874   0.9944  71.7094 297.0002
   7.000   1.1511   0.01407   0.00403  -0.0500   0.3745   1.0000  72.9763 300.0000
   7.000   1.1511   0.01407   0.00403  -0.0500   0.3745   1.0000  72.9763 300.0000
   7.000   1.1511   0.01407   0.00403  -0.0500   0.3745   1.0000  72.9763 300.0000
   7.000   1.1511   0.01407   0.00403  -0.0500   0.3745   1.0000  72.9763 300.0000
   7.000   1.1511   0.01407   0.00403  -0.0500   0.3745   1.0000  72.9763 300.0000
   8.000   1.2304   0.01504   0.00427  -0.0452   0.3630   1.0000  74.1239 300.0000
   8.000   1.2304   0.01504   0.00427  -0.0452   0.3630   1.0000  74.1239 300.0000
   8.000   1.2304   0.01504   0.00427  -0.0452   0.3630   1.0000  74.1239 300.0000
   8.000   1.2304   0.01504   0.00427  -0.0452   0.3630   1.0000  74.1239 300.0000
   8.000   1.2304   0.01504   0.00427  -0.0452   0.3630   1.0000  74.1239 300.0000
   9.000   1.3109   0.01613   0.00454  -0.0411   0.3503   1.0000  75.3903 300.0000
   9.000   1.3109   0.01613   0.00454  -0.0411   0.3503   1.0000  75.3904 300.0000
   9.000   1.3109   0.01613   0.00454  -0.0411   0.3503   1.0000  75.3904 300.0000
   9.000   1.3109   0.01613   0.00454  -0.0411   0.3503   1.0000  75.3904 300.0000
   9.000   1.3109   0.01613   0.00454  -0.0411   0.3503   1.0000  75.3904 300.0000
  10.000   1.3868   0.01743   0.00482  -0.0368   0.3389   1.0000  76.5412 300.0000
  10.000   1.3868   0.01743   0.00482  -0.0368   0.3389   1.0000  76.5412 300.0000
  10.000   1.3868   0.01743   0.00482  -0.0368   0.3389   1.0000  76.5412 300.0000
  10.000   1.3868   0.01743   0.00482  -0.0368   0.3389   1.0000  76.5412 300.0000
  10.000   1.3868   0.01743   0.00482  -0.0368   0.3389   1.0000  76.5412 300.0000
  11.000   1.4548   0.01909   0.00518  -0.0321   0.3272   1.0000  77.7258 300.0000
  11.000   1.4548   0.01909   0.00518  -0.0321   0.3272   1.0000  77.7258 300.0000
  11.000   1.4548   0.01909   0.00518  -0.0321   0.3272   1.0000  77.7258 300.0000
  11.000   1.4548   0.01909   0.00518  -0.0321   0.3272   1.0000  77.7258 300.0000
  11.000   1.4548   0.01909   0.00518  -0.0321   0.3272   1.0000  77.7258 300.0000
  12.000   1.5191   0.02132   0.00570  -0.0283   0.3151   1.0000  78.9587 300.0000
  12.000   1.5191   0.02132   0.00570  -0.0283   0.3151   1.0000  78.9587 300.0000
  12.000   1.5191   0.02132   0.00570  -0.0283   0.3151   1.0000  78.9587 300.0000
  12.000   1.5191   0.02132   0.00570  -0.0283   0.3151   1.0000  78.9587 300.0000
  12.000   1.5191   0.02132   0.00570  -0.0283   0.3151   1.0000  78.9587 300.0000
  13.000   1.5657   0.02489   0.00704  -0.0247   0.3020   1.0000  80.3151 300.0000
  13.000   1.5657   0.02489   0.00704  -0.0247   0.3020   1.0000  80.3153 300.0000
  13.000   1.5657   0.02489   0.00704  -0.0247   0.3020   1.0000  80.3154 300.0000
  13.000   1.5657   0.02489   0.00704  -0.0247   0.3020   1.0000  80.3154 300.0000
  13.000   1.5657   0.02489   0.00704  -0.0247   0.3020   1.0000  80.3154 300.0000
  14.000   1.6009   0.03005   0.00921  -0.0224   0.2872   1.0000  81.8736 300.0000
  14.000   1.6009   0.03005   0.00921  -0.0224   0.2872   1.0000  81.8735 300.0000
  14.000   1.6009   0.03005   0.00921  -0.0224   0.2872   1.0000  81.8735 300.0000
  14.000   1.6009   0.03005   0.00921  -0.0224   0.2872   1.0000  81.8735 300.0000
  14.000   1.6009   0.03005   0.00921  -0.0224   0.2872   1.0000  81.8735 300.0000
  15.000   1.6127   0.03802   0.01320  -0.0210   0.2691   1.0000  83.8337 300.0000
  15.000   1.6127   0.03802   0.01320  -0.0210   0.2691   1.0000  83.8336 300.0000
  15.000   1.6127   0.03802   0.01320  -0.0210   0.2691   1.0000  83.8336 300.0000
  15.000   1.6127   0.03802   0.01320  -0.0210   0.2691   1.0000  83.8336 300.0000
  15.000   1.6127   0.03802   0.01320  -0.0210   0.2691   1.0000  83.8336 300.0000
  16.000   1.6026   0.04900   0.01944  -0.0207   0.2461   1.0000  86.4068 300.0000
  16.000   1.6026   0.04900   0.01944  -0.0207   0.2461   1.0000  86.4065 300.0000
  16.000   1.6026   0.04900   0.01944  -0.0207   0.2461   1.0000  86.4065 300.0000
  16.000   1.6026   0.04900   0.01944  -0.0207   0.2461   1.0000  86.4065 300.0000
  16.000   1.6026   0.04900   0.01944  -0.0207   0.2461   1.0000  86.4065 300.0000
  17.000   1.5702   0.06323   0.02846  -0.0212   0.2173   1.0000  89.8032 300.0000
  17.000   1.5702   0.06323   0.02846  -0.0212   0.2173   1.0000  89.8037 300.0000
  17.000   1.5702   0.06323   0.02846  -0.0212   0.2173   1.0000  89.8038 300.0000
  17.000   1.5702   0.06323   0.02846  -0.0212   0.2173   1.0000  89.8038 300.0000
  17.000   1.5702   0.06323   0.02846  -0.0212   0.2173   1.0000  89.8038 300.0000
  18.000   1.5167   0.08059   0.04078  -0.0226   0.1855   1.0000  93.7556 300.0000
  18.000   1.5167   0.08059   0.04078  -0.0226   0.1855   1.0000  93.7558 300.0000
  18.000   1.5167   0.08059   0.04078  -0.0226   0.1855   1.0000  93.7559 300.0000
  18.000   1.5167   0.08059   0.04078  -0.0226   0.1855   1.0000  93.7559 300.0000
  18.000   1.5167   0.08059   0.04078  -0.0226   0.1855   1.0000  93.7559 300.0000
  19.000   1.4741   0.09744   0.05390  -0.0253   0.1617   1.0000  96.8692 300.0000
  19.000   1.4741   0.09744   0.05390  -0.0253   0.1617   1.0000  96.8693 300.0000
  19.000   1.4741   0.09744   0.05390  -0.0253   0.1617   1.0000  96.8693 300.0000
  19.000   1.4741   0.09744   0.05390  -0.0253   0.1617   1.0000  96.8693 300.0000
  19.000   1.4741   0.09744   0.05390  -0.0253   0.1617   1.0000  96.8693 300.0000
