  
       XFOIL         Version 6.99
  
 Calculated polar for: NACA 2424                                       
  
 1 1 Reynolds number fixed          Mach number fixed         
  
 xtrf =   1.000 (top)        1.000 (bottom)  
 Mach =   0.000     Re =     0.350 e 6     Ncrit =   9.000  9.000
  
   alpha    CL        CD       CDp       CM     Top_Xtr  Bot_Xtr  Top_Itr  Bot_Itr
  ------ -------- --------- --------- -------- -------- -------- -------- --------
   0.000   0.1709   0.01199   0.00171  -0.0314   0.5776   0.5433  54.0550 247.6281
   0.000   0.1709   0.01199   0.00171  -0.0314   0.5776   0.5433  54.0548 247.6265
   0.000   0.1709   0.01199   0.00171  -0.0314   0.5776   0.5433  54.0548 247.6264
   0.000   0.1709   0.01199   0.00171  -0.0314   0.5776   0.5433  54.0548 247.6264
   0.000   0.1709   0.01199   0.00171  -0.0314   0.5776   0.5433  54.0548 247.6264
   1.000   0.2355   0.01195   0.00157  -0.0212   0.5478   0.6046  56.2719 251.7637
   1.000   0.2355   0.01195   0.00157  -0.0212   0.5478   0.6046  56.2723 251.7621
   1.000   0.2355   0.01195   0.00157  -0.0212   0.5478   0.6046  56.2723 251.7619
   1.000   0.2355   0.01195   0.00157  -0.0212   0.5478   0.6046  56.2723 251.7619
   1.000   0.2355   0.01195   0.00157  -0.0212   0.5478   0.6046  56.2723 251.7619
   2.000   0.2992   0.01198   0.00137  -0.0108   0.5200   0.6685  58.3701 255.9932
   2.000   0.2992   0.01198   0.00137  -0.0108   0.5199   0.6685  58.3703 255.9924
   2.000   0.2992   0.01198   0.00137  -0.0108   0.5199   0.6685  58.3703 255.9923
   2.000   0.2992   0.01198   0.00137  -0.0108   0.5199   0.6685  58.3703 255.9923
   2.000   0.2992   0.01198   0.00137  -0.0108   0.5199   0.6685  58.3703 255.9923
   3.000   0.3680   0.01214   0.00124  -0.0016   0.4931   0.7370  60.4228 260.5489
   3.000   0.3680   0.01214   0.00124  -0.0016   0.4931   0.7370  60.4229 260.5487
   3.000   0.3680   0.01214   0.00124  -0.0016   0.4931   0.7370  60.4229 260.5487
   3.000   0.3680   0.01214   0.00124  -0.0016   0.4931   0.7370  60.4229 260.5487
   3.000   0.3680   0.01214   0.00124  -0.0016   0.4931   0.7370  60.4229 260.5487
   4.000   0.4416   0.01245   0.00117   0.0065   0.4667   0.8159  62.4750 266.1667
   4.000   0.4416   0.01245   0.00117   0.0065   0.4667   0.8159  62.4750 266.1666
   4.000   0.4416   0.01245   0.00117   0.0065   0.4667   0.8159  62.4750 266.1666
   4.000   0.4416   0.01245   0.00117   0.0065   0.4667   0.8159  62.4750 266.1666
   4.000   0.4416   0.01245   0.00117   0.0065   0.4667   0.8159  62.4750 266.1666
   5.000   0.5565   0.01314   0.00147   0.0056   0.4383   0.8970  64.7307 273.8522
   5.000   0.5565   0.01314   0.00147   0.0056   0.4383   0.8970  64.7307 273.8520
   5.000   0.5565   0.01314   0.00147   0.0056   0.4383   0.8970  64.7307 273.8520
   5.000   0.5565   0.01314   0.00147   0.0056   0.4383   0.8970  64.7307 273.8520
   5.000   0.5565   0.01314   0.00147   0.0056   0.4383   0.8970  64.7307 273.8520
   6.000   0.7303   0.01470   0.00240  -0.0080   0.4062   0.9392  67.3531 280.5395
   6.000   0.7303   0.01470   0.00240  -0.0080   0.4062   0.9392  67.3531 280.5399
   6.000   0.7303   0.01470   0.00240  -0.0080   0.4062   0.9392  67.3531 280.5399
   6.000   0.7303   0.01470   0.00240  -0.0080   0.4062   0.9392  67.3531 280.5399
   6.000   0.7303   0.01470   0.00240  -0.0080   0.4062   0.9392  67.3531 280.5399
   7.000   0.8634   0.01649   0.00311  -0.0136   0.3758   0.9697  69.9125 288.1464
   7.000   0.8634   0.01649   0.00311  -0.0136   0.3758   0.9697  69.9125 288.1467
   7.000   0.8634   0.01649   0.00311  -0.0136   0.3758   0.9697  69.9125 288.1467
   7.000   0.8634   0.01649   0.00311  -0.0136   0.3758   0.9697  69.9125 288.1467
   7.000   0.8634   0.01649   0.00311  -0.0136   0.3758   0.9697  69.9125 288.1467
   8.000   1.0050   0.01832   0.00387  -0.0221   0.3433   0.9907  72.7537 295.6696
   8.000   1.0050   0.01832   0.00387  -0.0221   0.3433   0.9907  72.7537 295.6718
   8.000   1.0050   0.01832   0.00387  -0.0221   0.3433   0.9907  72.7537 295.6718
   8.000   1.0050   0.01832   0.00387  -0.0221   0.3433   0.9907  72.7537 295.6718
   8.000   1.0050   0.01832   0.00387  -0.0221   0.3433   0.9907  72.7537 295.6718
   9.000   1.0854   0.01993   0.00419  -0.0202   0.3148   1.0000  75.3450 300.0000
   9.000   1.0854   0.01993   0.00419  -0.0202   0.3148   1.0000  75.3449 300.0000
   9.000   1.0854   0.01993   0.00419  -0.0202   0.3148   1.0000  75.3449 300.0000
   9.000   1.0854   0.01993   0.00419  -0.0202   0.3148   1.0000  75.3449 300.0000
   9.000   1.0854   0.01993   0.00419  -0.0202   0.3148   1.0000  75.3449 300.0000
  10.000   1.0957   0.02183   0.00429  -0.0053   0.2919   1.0000  77.5013 300.0000
  10.000   1.0957   0.02183   0.00429  -0.0053   0.2919   1.0000  77.5014 300.0000
  10.000   1.0957   0.02183   0.00429  -0.0053   0.2919   1.0000  77.5014 300.0000
  10.000   1.0957   0.02183   0.00429  -0.0053   0.2919   1.0000  77.5014 300.0000
  10.000   1.0957   0.02183   0.00429  -0.0053   0.2919   1.0000  77.5014 300.0000
  11.000   1.1200   0.02456   0.00494   0.0057   0.2691   1.0000  79.7344 300.0000
  11.000   1.1200   0.02456   0.00494   0.0057   0.2691   1.0000  79.7345 300.0000
  11.000   1.1200   0.02456   0.00494   0.0057   0.2691   1.0000  79.7345 300.0000
  11.000   1.1200   0.02456   0.00494   0.0057   0.2691   1.0000  79.7345 300.0000
  11.000   1.1200   0.02456   0.00494   0.0057   0.2691   1.0000  79.7345 300.0000
  12.000   1.1464   0.02814   0.00611   0.0147   0.2475   1.0000  81.9337 300.0000
  12.000   1.1464   0.02814   0.00611   0.0147   0.2475   1.0000  81.9337 300.0000
  12.000   1.1464   0.02814   0.00611   0.0147   0.2475   1.0000  81.9337 300.0000
  12.000   1.1464   0.02814   0.00611   0.0147   0.2475   1.0000  81.9337 300.0000
  12.000   1.1464   0.02814   0.00611   0.0147   0.2475   1.0000  81.9337 300.0000
  13.000   1.1723   0.03259   0.00791   0.0218   0.2271   1.0000  84.1141 300.0000
  13.000   1.1723   0.03259   0.00791   0.0218   0.2271   1.0000  84.1140 300.0000
  13.000   1.1723   0.03259   0.00791   0.0218   0.2271   1.0000  84.1139 300.0000
  13.000   1.1723   0.03259   0.00791   0.0218   0.2271   1.0000  84.1139 300.0000
  13.000   1.1723   0.03259   0.00791   0.0218   0.2271   1.0000  84.1139 300.0000
  14.000   1.1955   0.03802   0.01041   0.0274   0.2081   1.0000  86.2508 300.0000
  14.000   1.1955   0.03802   0.01041   0.0274   0.2081   1.0000  86.2507 300.0000
  14.000   1.1955   0.03802   0.01041   0.0274   0.2081   1.0000  86.2506 300.0000
  14.000   1.1955   0.03802   0.01041   0.0274   0.2081   1.0000  86.2506 300.0000
  14.000   1.1955   0.03802   0.01041   0.0274   0.2081   1.0000  86.2506 300.0000
  15.000   1.2145   0.04450   0.01368   0.0315   0.1908   1.0000  88.3151 300.0000
  15.000   1.2145   0.04451   0.01368   0.0315   0.1908   1.0000  88.3151 300.0000
  15.000   1.2145   0.04451   0.01368   0.0315   0.1908   1.0000  88.3151 300.0000
  15.000   1.2145   0.04451   0.01368   0.0315   0.1908   1.0000  88.3151 300.0000
  15.000   1.2145   0.04451   0.01368   0.0315   0.1908   1.0000  88.3151 300.0000
  16.000   1.2292   0.05200   0.01775   0.0344   0.1749   1.0000  90.3177 300.0000
  16.000   1.2292   0.05200   0.01775   0.0344   0.1749   1.0000  90.3177 300.0000
  16.000   1.2292   0.05200   0.01775   0.0344   0.1749   1.0000  90.3177 300.0000
  16.000   1.2292   0.05200   0.01775   0.0344   0.1749   1.0000  90.3177 300.0000
  16.000   1.2292   0.05200   0.01775   0.0344   0.1749   1.0000  90.3177 300.0000
  17.000   1.2399   0.06043   0.02260   0.0360   0.1604   1.0000  92.2582 300.0000
  17.000   1.2399   0.06043   0.02260   0.0360   0.1604   1.0000  92.2582 300.0000
  17.000   1.2399   0.06043   0.02260   0.0360   0.1604   1.0000  92.2582 300.0000
  17.000   1.2399   0.06043   0.02260   0.0360   0.1604   1.0000  92.2582 300.0000
  17.000   1.2399   0.06043   0.02260   0.0360   0.1604   1.0000  92.2582 300.0000
  18.000   1.2461   0.06984   0.02835   0.0365   0.1469   1.0000  94.1815 300.0000
  18.000   1.2461   0.06984   0.02835   0.0365   0.1469   1.0000  94.1815 300.0000
  18.000   1.2461   0.06984   0.02835   0.0365   0.1469   1.0000  94.1815 300.0000
  18.000   1.2461   0.06984   0.02835   0.0365   0.1469   1.0000  94.1815 300.0000
  18.000   1.2461   0.06984   0.02835   0.0365   0.1469   1.0000  94.1815 300.0000
  19.000   1.2493   0.07999   0.03492   0.0359   0.1347   1.0000  96.0538 300.0000
  19.000   1.2493   0.07999   0.03492   0.0359   0.1347   1.0000  96.0538 300.0000
  19.000   1.2493   0.07999   0.03492   0.0359   0.1347   1.0000  96.0538 300.0000
  19.000   1.2493   0.07999   0.03492   0.0359   0.1347   1.0000  96.0538 300.0000
  19.000   1.2493   0.07999   0.03492   0.0359   0.1347   1.0000  96.0538 300.0000
