  
       XFOIL         Version 6.99
  
 Calculated polar for: NACA 2424                                       
  
 1 1 Reynolds number fixed          Mach number fixed         
  
 xtrf =   1.000 (top)        1.000 (bottom)  
 Mach =   0.000     Re =     0.475 e 6     Ncrit =   9.000  9.000
  
   alpha    CL        CD       CDp       CM     Top_Xtr  Bot_Xtr  Top_Itr  Bot_Itr
  ------ -------- --------- --------- -------- -------- -------- -------- --------
   0.000   0.1466   0.01080   0.00103  -0.0260   0.5555   0.5104  55.6998 245.3589
   0.000   0.1466   0.01080   0.00103  -0.0260   0.5555   0.5104  55.6999 245.3581
   0.000   0.1466   0.01080   0.00103  -0.0260   0.5555   0.5104  55.6999 245.3581
   0.000   0.1466   0.01080   0.00103  -0.0260   0.5555   0.5104  55.6999 245.3581
   0.000   0.1466   0.01080   0.00103  -0.0260   0.5555   0.5104  55.6999 245.3581
   1.000   0.2100   0.01077   0.00084  -0.0156   0.5273   0.5703  57.8109 249.4634
   1.000   0.2100   0.01077   0.00084  -0.0156   0.5273   0.5703  57.8106 249.4639
   1.000   0.2100   0.01077   0.00084  -0.0156   0.5273   0.5704  57.8106 249.4641
   1.000   0.2100   0.01077   0.00084  -0.0156   0.5273   0.5704  57.8106 249.4641
   1.000   0.2100   0.01077   0.00084  -0.0156   0.5273   0.5704  57.8106 249.4641
   2.000   0.2784   0.01088   0.00068  -0.0063   0.5005   0.6332  59.8536 253.6630
   2.000   0.2784   0.01088   0.00068  -0.0063   0.5005   0.6332  59.8537 253.6625
   2.000   0.2784   0.01088   0.00068  -0.0063   0.5005   0.6332  59.8537 253.6624
   2.000   0.2784   0.01088   0.00068  -0.0063   0.5005   0.6332  59.8537 253.6624
   2.000   0.2784   0.01088   0.00068  -0.0063   0.5005   0.6332  59.8537 253.6624
   3.000   0.3483   0.01106   0.00051   0.0025   0.4745   0.6997  61.8612 258.0572
   3.000   0.3483   0.01106   0.00051   0.0025   0.4745   0.6997  61.8612 258.0570
   3.000   0.3483   0.01106   0.00051   0.0025   0.4745   0.6997  61.8612 258.0570
   3.000   0.3483   0.01106   0.00051   0.0025   0.4745   0.6997  61.8612 258.0570
   3.000   0.3483   0.01106   0.00051   0.0025   0.4745   0.6997  61.8612 258.0570
   4.000   0.4179   0.01129   0.00035   0.0112   0.4490   0.7765  63.8682 263.2702
   4.000   0.4179   0.01129   0.00035   0.0112   0.4490   0.7765  63.8682 263.2700
   4.000   0.4179   0.01129   0.00035   0.0112   0.4490   0.7765  63.8682 263.2700
   4.000   0.4179   0.01129   0.00035   0.0112   0.4490   0.7765  63.8682 263.2700
   4.000   0.4179   0.01129   0.00035   0.0112   0.4490   0.7765  63.8682 263.2700
   5.000   0.5015   0.01172   0.00033   0.0167   0.4231   0.8680  65.9608 270.6505
   5.000   0.5015   0.01172   0.00033   0.0167   0.4231   0.8680  65.9609 270.6505
   5.000   0.5015   0.01172   0.00033   0.0167   0.4231   0.8680  65.9609 270.6504
   5.000   0.5015   0.01172   0.00033   0.0167   0.4231   0.8680  65.9609 270.6504
   5.000   0.5015   0.01172   0.00033   0.0167   0.4231   0.8680  65.9609 270.6504
   6.000   0.6870   0.01296   0.00132   0.0002   0.3907   0.9303  68.6482 278.8344
   6.000   0.6870   0.01296   0.00132   0.0002   0.3907   0.9303  68.6482 278.8344
   6.000   0.6870   0.01296   0.00132   0.0002   0.3907   0.9303  68.6482 278.8345
   6.000   0.6870   0.01296   0.00132   0.0002   0.3907   0.9303  68.6482 278.8345
   6.000   0.6870   0.01296   0.00132   0.0002   0.3907   0.9303  68.6482 278.8345
   7.000   0.8250   0.01468   0.00207  -0.0066   0.3607   0.9660  71.2201 287.0395
   7.000   0.8250   0.01468   0.00207  -0.0066   0.3607   0.9660  71.2201 287.0398
   7.000   0.8250   0.01468   0.00207  -0.0066   0.3607   0.9660  71.2201 287.0398
   7.000   0.8250   0.01468   0.00207  -0.0066   0.3607   0.9660  71.2201 287.0398
   7.000   0.8250   0.01468   0.00207  -0.0066   0.3607   0.9660  71.2201 287.0398
   8.000   0.9591   0.01662   0.00287  -0.0135   0.3296   0.9873  73.9878 294.2630
   8.000   0.9591   0.01662   0.00287  -0.0135   0.3296   0.9873  73.9878 294.2629
   8.000   0.9591   0.01662   0.00287  -0.0135   0.3296   0.9873  73.9878 294.2629
   8.000   0.9591   0.01662   0.00287  -0.0135   0.3296   0.9873  73.9878 294.2629
   8.000   0.9591   0.01662   0.00287  -0.0135   0.3296   0.9873  73.9878 294.2629
  10.000   1.1056   0.02051   0.00387  -0.0070   0.2753   1.0000  79.1169 300.0000
  10.000   1.1056   0.02051   0.00387  -0.0070   0.2753   1.0000  79.1168 300.0000
  10.000   1.1056   0.02051   0.00387  -0.0070   0.2753   1.0000  79.1168 300.0000
  10.000   1.1056   0.02051   0.00387  -0.0070   0.2753   1.0000  79.1168 300.0000
  10.000   1.1056   0.02051   0.00387  -0.0070   0.2753   1.0000  79.1168 300.0000
  11.000   1.1337   0.02317   0.00452   0.0036   0.2529   1.0000  81.3764 300.0000
  11.000   1.1337   0.02317   0.00452   0.0036   0.2529   1.0000  81.3763 300.0000
  11.000   1.1337   0.02317   0.00452   0.0036   0.2529   1.0000  81.3763 300.0000
  11.000   1.1337   0.02317   0.00452   0.0036   0.2529   1.0000  81.3763 300.0000
  11.000   1.1337   0.02317   0.00452   0.0036   0.2529   1.0000  81.3763 300.0000
  12.000   1.1628   0.02670   0.00572   0.0123   0.2318   1.0000  83.6097 300.0000
  12.000   1.1628   0.02670   0.00572   0.0123   0.2318   1.0000  83.6096 300.0000
  12.000   1.1628   0.02670   0.00572   0.0123   0.2318   1.0000  83.6096 300.0000
  12.000   1.1628   0.02670   0.00572   0.0123   0.2318   1.0000  83.6096 300.0000
  12.000   1.1628   0.02670   0.00572   0.0123   0.2318   1.0000  83.6096 300.0000
  13.000   1.1898   0.03119   0.00754   0.0194   0.2123   1.0000  85.7726 300.0000
  13.000   1.1898   0.03119   0.00754   0.0194   0.2123   1.0000  85.7725 300.0000
  13.000   1.1898   0.03119   0.00754   0.0194   0.2123   1.0000  85.7725 300.0000
  13.000   1.1898   0.03119   0.00754   0.0194   0.2123   1.0000  85.7725 300.0000
  13.000   1.1898   0.03119   0.00754   0.0194   0.2123   1.0000  85.7725 300.0000
  14.000   1.2128   0.03674   0.01011   0.0250   0.1945   1.0000  87.8604 300.0000
  14.000   1.2128   0.03674   0.01011   0.0250   0.1945   1.0000  87.8602 300.0000
  14.000   1.2128   0.03674   0.01011   0.0250   0.1945   1.0000  87.8602 300.0000
  14.000   1.2128   0.03674   0.01011   0.0250   0.1945   1.0000  87.8602 300.0000
  14.000   1.2128   0.03674   0.01011   0.0250   0.1945   1.0000  87.8602 300.0000
  15.000   1.2312   0.04338   0.01349   0.0292   0.1782   1.0000  89.8925 300.0000
  15.000   1.2312   0.04338   0.01349   0.0292   0.1782   1.0000  89.8925 300.0000
  15.000   1.2312   0.04338   0.01349   0.0292   0.1782   1.0000  89.8925 300.0000
  15.000   1.2312   0.04338   0.01349   0.0292   0.1782   1.0000  89.8925 300.0000
  15.000   1.2312   0.04338   0.01349   0.0292   0.1782   1.0000  89.8925 300.0000
  16.000   1.2441   0.05117   0.01778   0.0321   0.1632   1.0000  91.8796 300.0000
  16.000   1.2441   0.05117   0.01778   0.0321   0.1632   1.0000  91.8796 300.0000
  16.000   1.2441   0.05117   0.01778   0.0321   0.1632   1.0000  91.8796 300.0000
  16.000   1.2441   0.05117   0.01778   0.0321   0.1632   1.0000  91.8796 300.0000
  16.000   1.2441   0.05117   0.01778   0.0321   0.1632   1.0000  91.8796 300.0000
  17.000   1.2514   0.06007   0.02301   0.0337   0.1492   1.0000  93.8463 300.0000
  17.000   1.2514   0.06007   0.02301   0.0337   0.1492   1.0000  93.8463 300.0000
  17.000   1.2514   0.06007   0.02301   0.0337   0.1492   1.0000  93.8463 300.0000
  17.000   1.2514   0.06007   0.02301   0.0337   0.1492   1.0000  93.8463 300.0000
  17.000   1.2514   0.06007   0.02301   0.0337   0.1492   1.0000  93.8463 300.0000
  18.000   1.2516   0.07026   0.02943   0.0341   0.1358   1.0000  95.8754 300.0000
  18.000   1.2516   0.07026   0.02943   0.0341   0.1358   1.0000  95.8754 300.0000
  18.000   1.2516   0.07026   0.02943   0.0341   0.1358   1.0000  95.8754 300.0000
  18.000   1.2516   0.07026   0.02943   0.0341   0.1358   1.0000  95.8754 300.0000
  18.000   1.2516   0.07026   0.02943   0.0341   0.1358   1.0000  95.8754 300.0000
  19.000   1.2512   0.08094   0.03654   0.0335   0.1246   1.0000  97.6968 300.0000
  19.000   1.2512   0.08094   0.03654   0.0335   0.1246   1.0000  97.6968 300.0000
  19.000   1.2512   0.08094   0.03654   0.0335   0.1246   1.0000  97.6968 300.0000
  19.000   1.2512   0.08094   0.03654   0.0335   0.1246   1.0000  97.6968 300.0000
  19.000   1.2512   0.08094   0.03654   0.0335   0.1246   1.0000  97.6968 300.0000
