  
       XFOIL         Version 6.99
  
 Calculated polar for: NACA 2424                                       
  
 1 1 Reynolds number fixed          Mach number fixed         
  
 xtrf =   1.000 (top)        1.000 (bottom)  
 Mach =   0.000     Re =     0.525 e 6     Ncrit =   9.000  9.000
  
   alpha    CL        CD       CDp       CM     Top_Xtr  Bot_Xtr  Top_Itr  Bot_Itr
  ------ -------- --------- --------- -------- -------- -------- -------- --------
   0.000   0.1393   0.01049   0.00086  -0.0244   0.5490   0.5000  56.1802 244.6337
   0.000   0.1393   0.01049   0.00086  -0.0244   0.5490   0.5000  56.1801 244.6312
   0.000   0.1393   0.01049   0.00086  -0.0244   0.5490   0.5000  56.1801 244.6312
   0.000   0.1393   0.01049   0.00086  -0.0244   0.5490   0.5000  56.1801 244.6312
   0.000   0.1393   0.01049   0.00086  -0.0244   0.5490   0.5000  56.1801 244.6312
   1.000   0.2047   0.01047   0.00069  -0.0144   0.5210   0.5597  58.2880 248.7428
   1.000   0.2047   0.01047   0.00069  -0.0144   0.5210   0.5597  58.2881 248.7420
   1.000   0.2047   0.01047   0.00069  -0.0144   0.5210   0.5597  58.2881 248.7420
   1.000   0.2047   0.01047   0.00069  -0.0144   0.5210   0.5597  58.2881 248.7420
   1.000   0.2047   0.01047   0.00069  -0.0144   0.5210   0.5597  58.2881 248.7420
   2.000   0.2744   0.01058   0.00052  -0.0054   0.4943   0.6222  60.3258 252.9360
   2.000   0.2744   0.01058   0.00052  -0.0054   0.4943   0.6222  60.3259 252.9357
   2.000   0.2744   0.01058   0.00052  -0.0054   0.4943   0.6222  60.3259 252.9357
   2.000   0.2744   0.01058   0.00052  -0.0054   0.4943   0.6222  60.3259 252.9357
   2.000   0.2744   0.01058   0.00052  -0.0054   0.4943   0.6222  60.3259 252.9357
   3.000   0.3449   0.01074   0.00035   0.0032   0.4686   0.6875  62.3256 257.2487
   3.000   0.3449   0.01074   0.00035   0.0032   0.4686   0.6875  62.3256 257.2486
   3.000   0.3449   0.01074   0.00035   0.0032   0.4686   0.6875  62.3256 257.2486
   3.000   0.3449   0.01074   0.00035   0.0032   0.4686   0.6875  62.3256 257.2486
   3.000   0.3449   0.01074   0.00035   0.0032   0.4686   0.6875  62.3256 257.2486
   4.000   0.4145   0.01098   0.00017   0.0119   0.4433   0.7629  64.3296 262.3236
   4.000   0.4145   0.01098   0.00017   0.0119   0.4433   0.7629  64.3297 262.3229
   4.000   0.4145   0.01098   0.00017   0.0119   0.4433   0.7629  64.3297 262.3228
   4.000   0.4145   0.01098   0.00017   0.0119   0.4433   0.7629  64.3297 262.3228
   4.000   0.4145   0.01098   0.00017   0.0119   0.4433   0.7629  64.3297 262.3228
   5.000   0.4916   0.01135   0.00009   0.0187   0.4176   0.8551  66.4092 269.4249
   5.000   0.4916   0.01135   0.00009   0.0187   0.4176   0.8551  66.4093 269.4259
   5.000   0.4916   0.01135   0.00009   0.0187   0.4176   0.8551  66.4093 269.4259
   5.000   0.4916   0.01135   0.00009   0.0187   0.4176   0.8551  66.4093 269.4259
   5.000   0.4916   0.01135   0.00009   0.0187   0.4176   0.8551  66.4093 269.4259
   6.000   0.6701   0.01251   0.00100   0.0036   0.3864   0.9268  69.0101 278.2151
   6.000   0.6701   0.01251   0.00100   0.0036   0.3864   0.9268  69.0102 278.2184
   6.000   0.6701   0.01251   0.00100   0.0036   0.3864   0.9268  69.0102 278.2184
   6.000   0.6701   0.01251   0.00100   0.0036   0.3864   0.9268  69.0102 278.2184
   6.000   0.6701   0.01251   0.00100   0.0036   0.3864   0.9268  69.0102 278.2184
   7.000   0.8185   0.01415   0.00180  -0.0054   0.3554   0.9633  71.6851 286.2601
   7.000   0.8185   0.01415   0.00180  -0.0054   0.3554   0.9633  71.6851 286.2604
   7.000   0.8185   0.01415   0.00180  -0.0054   0.3554   0.9633  71.6851 286.2604
   7.000   0.8185   0.01415   0.00180  -0.0054   0.3554   0.9633  71.6851 286.2604
   7.000   0.8185   0.01415   0.00180  -0.0054   0.3554   0.9633  71.6851 286.2604
   8.000   0.9495   0.01604   0.00257  -0.0115   0.3246   0.9861  74.4385 293.7884
   8.000   0.9495   0.01604   0.00257  -0.0115   0.3246   0.9861  74.4384 293.7902
   8.000   0.9495   0.01604   0.00257  -0.0115   0.3246   0.9861  74.4384 293.7902
   8.000   0.9495   0.01604   0.00257  -0.0115   0.3246   0.9861  74.4384 293.7902
   8.000   0.9495   0.01604   0.00257  -0.0115   0.3246   0.9861  74.4384 293.7902
   9.000   1.0879   0.01808   0.00348  -0.0203   0.2924   0.9988  77.4556 299.3375
   9.000   1.0879   0.01808   0.00348  -0.0203   0.2924   0.9988  77.4556 299.3373
   9.000   1.0879   0.01808   0.00348  -0.0203   0.2924   0.9988  77.4556 299.3373
   9.000   1.0879   0.01808   0.00348  -0.0203   0.2924   0.9988  77.4556 299.3373
   9.000   1.0879   0.01808   0.00348  -0.0203   0.2924   0.9988  77.4556 299.3373
  10.000   1.1137   0.02001   0.00371  -0.0083   0.2695   1.0000  79.6962 300.0000
  10.000   1.1137   0.02001   0.00371  -0.0083   0.2695   1.0000  79.6963 300.0000
  10.000   1.1137   0.02001   0.00371  -0.0083   0.2695   1.0000  79.6963 300.0000
  10.000   1.1137   0.02001   0.00371  -0.0083   0.2695   1.0000  79.6963 300.0000
  10.000   1.1137   0.02001   0.00371  -0.0083   0.2695   1.0000  79.6963 300.0000
  11.000   1.1399   0.02272   0.00437   0.0027   0.2477   1.0000  81.9136 300.0000
  11.000   1.1399   0.02272   0.00437   0.0027   0.2477   1.0000  81.9133 300.0000
  11.000   1.1399   0.02272   0.00437   0.0027   0.2477   1.0000  81.9133 300.0000
  11.000   1.1399   0.02272   0.00437   0.0027   0.2477   1.0000  81.9133 300.0000
  11.000   1.1399   0.02272   0.00437   0.0027   0.2477   1.0000  81.9133 300.0000
  12.000   1.1699   0.02620   0.00554   0.0114   0.2270   1.0000  84.1260 300.0000
  12.000   1.1699   0.02620   0.00554   0.0114   0.2270   1.0000  84.1259 300.0000
  12.000   1.1699   0.02620   0.00554   0.0114   0.2270   1.0000  84.1259 300.0000
  12.000   1.1699   0.02620   0.00554   0.0114   0.2270   1.0000  84.1259 300.0000
  12.000   1.1699   0.02620   0.00554   0.0114   0.2270   1.0000  84.1259 300.0000
  13.000   1.1988   0.03056   0.00729   0.0184   0.2077   1.0000  86.2998 300.0000
  13.000   1.1988   0.03056   0.00729   0.0184   0.2077   1.0000  86.3001 300.0000
  13.000   1.1988   0.03056   0.00729   0.0184   0.2077   1.0000  86.3001 300.0000
  13.000   1.1988   0.03056   0.00729   0.0184   0.2077   1.0000  86.3001 300.0000
  13.000   1.1988   0.03056   0.00729   0.0184   0.2077   1.0000  86.3001 300.0000
  14.000   1.2231   0.03600   0.00979   0.0240   0.1901   1.0000  88.3989 300.0000
  14.000   1.2231   0.03600   0.00979   0.0240   0.1901   1.0000  88.3988 300.0000
  14.000   1.2231   0.03600   0.00979   0.0240   0.1901   1.0000  88.3988 300.0000
  14.000   1.2231   0.03600   0.00979   0.0240   0.1901   1.0000  88.3988 300.0000
  14.000   1.2231   0.03600   0.00979   0.0240   0.1901   1.0000  88.3988 300.0000
  15.000   1.2420   0.04258   0.01311   0.0283   0.1740   1.0000  90.4335 300.0000
  15.000   1.2420   0.04259   0.01311   0.0283   0.1740   1.0000  90.4335 300.0000
  15.000   1.2420   0.04259   0.01311   0.0283   0.1740   1.0000  90.4335 300.0000
  15.000   1.2420   0.04259   0.01311   0.0283   0.1740   1.0000  90.4335 300.0000
  15.000   1.2420   0.04259   0.01311   0.0283   0.1740   1.0000  90.4335 300.0000
  16.000   1.2544   0.05039   0.01739   0.0313   0.1593   1.0000  92.4169 300.0000
  16.000   1.2544   0.05039   0.01739   0.0313   0.1593   1.0000  92.4169 300.0000
  16.000   1.2544   0.05039   0.01739   0.0313   0.1593   1.0000  92.4169 300.0000
  16.000   1.2544   0.05039   0.01739   0.0313   0.1593   1.0000  92.4169 300.0000
  16.000   1.2544   0.05039   0.01739   0.0313   0.1593   1.0000  92.4169 300.0000
  17.000   1.2603   0.05941   0.02269   0.0330   0.1454   1.0000  94.4191 300.0000
  17.000   1.2603   0.05941   0.02269   0.0330   0.1454   1.0000  94.4190 300.0000
  17.000   1.2603   0.05941   0.02269   0.0330   0.1454   1.0000  94.4190 300.0000
  17.000   1.2603   0.05941   0.02269   0.0330   0.1454   1.0000  94.4190 300.0000
  17.000   1.2603   0.05941   0.02269   0.0330   0.1454   1.0000  94.4190 300.0000
  18.000   1.2598   0.06965   0.02913   0.0335   0.1322   1.0000  96.4508 300.0000
  18.000   1.2598   0.06966   0.02913   0.0335   0.1322   1.0000  96.4508 300.0000
  18.000   1.2598   0.06966   0.02913   0.0335   0.1322   1.0000  96.4508 300.0000
  18.000   1.2598   0.06966   0.02913   0.0335   0.1322   1.0000  96.4508 300.0000
  18.000   1.2598   0.06966   0.02913   0.0335   0.1322   1.0000  96.4508 300.0000
  19.000   1.2568   0.08059   0.03640   0.0330   0.1217   1.0000  98.1923 300.0000
  19.000   1.2568   0.08058   0.03640   0.0330   0.1217   1.0000  98.1921 300.0000
  19.000   1.2568   0.08058   0.03640   0.0330   0.1217   1.0000  98.1921 300.0000
  19.000   1.2568   0.08058   0.03640   0.0330   0.1217   1.0000  98.1921 300.0000
  19.000   1.2568   0.08058   0.03640   0.0330   0.1217   1.0000  98.1921 300.0000
