  
       XFOIL         Version 6.99
  
 Calculated polar for: GOE 386 AIRFOIL                                 
  
 1 1 Reynolds number fixed          Mach number fixed         
  
 xtrf =   1.000 (top)        1.000 (bottom)  
 Mach =   0.000     Re =     0.275 e 6     Ncrit =   9.000  9.000
  
   alpha    CL        CD       CDp       CM     Top_Xtr  Bot_Xtr  Top_Itr  Bot_Itr
  ------ -------- --------- --------- -------- -------- -------- -------- --------
   0.000   0.5639   0.01517   0.00429  -0.1027   0.5511   0.3015  56.8708 230.7334
   0.000   0.5639   0.01517   0.00429  -0.1027   0.5511   0.3015  56.8708 230.7333
   0.000   0.5639   0.01517   0.00429  -0.1027   0.5511   0.3015  56.8708 230.7333
   0.000   0.5639   0.01517   0.00429  -0.1027   0.5511   0.3015  56.8708 230.7333
   0.000   0.5639   0.01517   0.00429  -0.1027   0.5511   0.3015  56.8708 230.7333
   1.000   0.6685   0.01473   0.00427  -0.1014   0.5352   0.4600  58.1381 241.9366
   1.000   0.6685   0.01473   0.00427  -0.1014   0.5352   0.4600  58.1381 241.9359
   1.000   0.6685   0.01473   0.00427  -0.1014   0.5352   0.4600  58.1381 241.9359
   1.000   0.6685   0.01473   0.00427  -0.1014   0.5352   0.4600  58.1381 241.9359
   1.000   0.6685   0.01473   0.00427  -0.1014   0.5352   0.4600  58.1381 241.9359
   2.000   0.7681   0.01387   0.00461  -0.0973   0.5166   0.9291  59.6439 279.4266
   2.000   0.7681   0.01387   0.00461  -0.0973   0.5166   0.9291  59.6438 279.4243
   2.000   0.7681   0.01387   0.00461  -0.0973   0.5166   0.9291  59.6438 279.4246
   2.000   0.7681   0.01387   0.00461  -0.0973   0.5166   0.9291  59.6438 279.4246
   2.000   0.7681   0.01387   0.00461  -0.0973   0.5166   0.9291  59.6438 279.4246
   3.000   0.9398   0.01429   0.00452  -0.1094   0.4920   1.0000  61.6953 300.0000
   3.000   0.9398   0.01429   0.00452  -0.1094   0.4920   1.0000  61.6954 300.0000
   3.000   0.9398   0.01429   0.00452  -0.1094   0.4920   1.0000  61.6954 300.0000
   3.000   0.9398   0.01429   0.00452  -0.1094   0.4920   1.0000  61.6954 300.0000
   3.000   0.9398   0.01429   0.00452  -0.1094   0.4920   1.0000  61.6954 300.0000
   4.000   1.0088   0.01457   0.00405  -0.1013   0.4656   1.0000  63.9628 300.0000
   4.000   1.0088   0.01457   0.00405  -0.1013   0.4656   1.0000  63.9636 300.0000
   4.000   1.0088   0.01457   0.00405  -0.1013   0.4656   1.0000  63.9636 300.0000
   4.000   1.0088   0.01457   0.00405  -0.1013   0.4656   1.0000  63.9636 300.0000
   4.000   1.0088   0.01457   0.00405  -0.1013   0.4656   1.0000  63.9636 300.0000
   5.000   1.0720   0.01513   0.00371  -0.0923   0.4296   1.0000  67.2097 300.0000
   5.000   1.0720   0.01513   0.00371  -0.0923   0.4296   1.0000  67.2097 300.0000
   5.000   1.0720   0.01513   0.00371  -0.0923   0.4296   1.0000  67.2097 300.0000
   5.000   1.0720   0.01513   0.00371  -0.0923   0.4296   1.0000  67.2097 300.0000
   5.000   1.0720   0.01513   0.00371  -0.0923   0.4296   1.0000  67.2097 300.0000
   6.000   1.1319   0.01624   0.00364  -0.0833   0.3936   1.0000  70.5840 300.0000
   6.000   1.1319   0.01624   0.00364  -0.0833   0.3936   1.0000  70.5845 300.0000
   6.000   1.1319   0.01624   0.00364  -0.0833   0.3936   1.0000  70.5845 300.0000
   6.000   1.1319   0.01624   0.00364  -0.0833   0.3936   1.0000  70.5845 300.0000
   6.000   1.1319   0.01624   0.00364  -0.0833   0.3936   1.0000  70.5845 300.0000
   8.000   1.2768   0.01990   0.00457  -0.0727   0.3501   1.0000  74.7571 300.0000
   8.000   1.2768   0.01990   0.00457  -0.0727   0.3501   1.0000  74.7571 300.0000
   8.000   1.2768   0.01990   0.00457  -0.0727   0.3501   1.0000  74.7571 300.0000
   8.000   1.2768   0.01990   0.00457  -0.0727   0.3501   1.0000  74.7571 300.0000
   8.000   1.2768   0.01990   0.00457  -0.0727   0.3501   1.0000  74.7571 300.0000
   9.000   1.3600   0.02195   0.00519  -0.0699   0.3362   1.0000  76.0928 300.0000
   9.000   1.3600   0.02195   0.00519  -0.0699   0.3362   1.0000  76.0928 300.0000
   9.000   1.3600   0.02195   0.00519  -0.0699   0.3362   1.0000  76.0928 300.0000
   9.000   1.3600   0.02195   0.00519  -0.0699   0.3362   1.0000  76.0928 300.0000
   9.000   1.3600   0.02195   0.00519  -0.0699   0.3362   1.0000  76.0928 300.0000
  10.000   1.4332   0.02431   0.00602  -0.0662   0.3228   1.0000  77.3786 300.0000
  10.000   1.4332   0.02431   0.00602  -0.0662   0.3228   1.0000  77.3786 300.0000
  10.000   1.4332   0.02431   0.00602  -0.0662   0.3228   1.0000  77.3786 300.0000
  10.000   1.4332   0.02431   0.00602  -0.0662   0.3228   1.0000  77.3786 300.0000
  10.000   1.4332   0.02431   0.00602  -0.0662   0.3228   1.0000  77.3786 300.0000
  11.000   1.5049   0.02687   0.00689  -0.0628   0.3110   1.0000  78.5235 300.0000
  11.000   1.5049   0.02687   0.00689  -0.0628   0.3110   1.0000  78.5235 300.0000
  11.000   1.5049   0.02687   0.00689  -0.0628   0.3110   1.0000  78.5235 300.0000
  11.000   1.5049   0.02687   0.00689  -0.0628   0.3110   1.0000  78.5235 300.0000
  11.000   1.5049   0.02687   0.00689  -0.0628   0.3110   1.0000  78.5235 300.0000
  12.000   1.5683   0.02983   0.00786  -0.0591   0.2994   1.0000  79.6571 300.0000
  12.000   1.5683   0.02983   0.00786  -0.0591   0.2994   1.0000  79.6570 300.0000
  12.000   1.5683   0.02983   0.00786  -0.0591   0.2994   1.0000  79.6570 300.0000
  12.000   1.5683   0.02983   0.00786  -0.0591   0.2994   1.0000  79.6570 300.0000
  12.000   1.5683   0.02983   0.00786  -0.0591   0.2994   1.0000  79.6570 300.0000
  13.000   1.6280   0.03318   0.00903  -0.0556   0.2895   1.0000  80.6298 300.0000
  13.000   1.6280   0.03318   0.00903  -0.0556   0.2895   1.0000  80.6298 300.0000
  13.000   1.6280   0.03318   0.00903  -0.0556   0.2895   1.0000  80.6298 300.0000
  13.000   1.6280   0.03318   0.00903  -0.0556   0.2895   1.0000  80.6298 300.0000
  13.000   1.6280   0.03318   0.00903  -0.0556   0.2895   1.0000  80.6298 300.0000
  14.000   1.6777   0.03718   0.01052  -0.0519   0.2799   1.0000  81.5950 300.0000
  14.000   1.6777   0.03718   0.01052  -0.0519   0.2799   1.0000  81.5950 300.0000
  14.000   1.6777   0.03718   0.01052  -0.0519   0.2799   1.0000  81.5949 300.0000
  14.000   1.6777   0.03718   0.01052  -0.0519   0.2799   1.0000  81.5949 300.0000
  14.000   1.6777   0.03718   0.01052  -0.0519   0.2799   1.0000  81.5949 300.0000
  15.000   1.7135   0.04218   0.01251  -0.0481   0.2697   1.0000  82.6315 300.0000
  15.000   1.7135   0.04218   0.01251  -0.0481   0.2697   1.0000  82.6315 300.0000
  15.000   1.7135   0.04218   0.01251  -0.0481   0.2697   1.0000  82.6315 300.0000
  15.000   1.7135   0.04218   0.01251  -0.0481   0.2697   1.0000  82.6315 300.0000
  15.000   1.7135   0.04218   0.01251  -0.0481   0.2697   1.0000  82.6315 300.0000
  16.000   1.7389   0.04835   0.01518  -0.0449   0.2591   1.0000  83.7347 300.0000
  16.000   1.7389   0.04834   0.01518  -0.0449   0.2591   1.0000  83.7346 300.0000
  16.000   1.7389   0.04834   0.01518  -0.0449   0.2591   1.0000  83.7346 300.0000
  16.000   1.7389   0.04834   0.01518  -0.0449   0.2591   1.0000  83.7346 300.0000
  16.000   1.7389   0.04834   0.01518  -0.0449   0.2591   1.0000  83.7346 300.0000
  17.000   1.7629   0.05510   0.01804  -0.0428   0.2476   1.0000  84.9599 300.0000
  17.000   1.7629   0.05510   0.01804  -0.0428   0.2476   1.0000  84.9600 300.0000
  17.000   1.7629   0.05510   0.01804  -0.0428   0.2476   1.0000  84.9600 300.0000
  17.000   1.7629   0.05510   0.01804  -0.0428   0.2476   1.0000  84.9600 300.0000
  17.000   1.7629   0.05510   0.01804  -0.0428   0.2476   1.0000  84.9600 300.0000
  18.000   1.7288   0.06852   0.02647  -0.0419   0.2330   1.0000  86.5904 300.0000
  18.000   1.7288   0.06852   0.02647  -0.0419   0.2330   1.0000  86.5903 300.0000
  18.000   1.7288   0.06852   0.02647  -0.0419   0.2330   1.0000  86.5903 300.0000
  18.000   1.7288   0.06852   0.02647  -0.0419   0.2330   1.0000  86.5903 300.0000
  18.000   1.7288   0.06852   0.02647  -0.0419   0.2330   1.0000  86.5903 300.0000
  19.000   1.7053   0.08209   0.03547  -0.0428   0.2172   1.0000  88.4154 300.0000
  19.000   1.7053   0.08209   0.03547  -0.0428   0.2172   1.0000  88.4153 300.0000
  19.000   1.7053   0.08209   0.03547  -0.0428   0.2172   1.0000  88.4153 300.0000
  19.000   1.7053   0.08209   0.03547  -0.0428   0.2172   1.0000  88.4153 300.0000
  19.000   1.7053   0.08209   0.03547  -0.0428   0.2172   1.0000  88.4153 300.0000
