  
       XFOIL         Version 6.99
  
 Calculated polar for: GOE 386 AIRFOIL                                 
  
 1 1 Reynolds number fixed          Mach number fixed         
  
 xtrf =   1.000 (top)        1.000 (bottom)  
 Mach =   0.000     Re =     0.425 e 6     Ncrit =   9.000  9.000
  
   alpha    CL        CD       CDp       CM     Top_Xtr  Bot_Xtr  Top_Itr  Bot_Itr
  ------ -------- --------- --------- -------- -------- -------- -------- --------
   1.000   0.6694   0.01266   0.00272  -0.1005   0.5113   0.3448  60.0837 233.8993
   1.000   0.6694   0.01266   0.00272  -0.1005   0.5113   0.3448  60.0837 233.8992
   1.000   0.6694   0.01266   0.00272  -0.1005   0.5113   0.3448  60.0837 233.8992
   1.000   0.6694   0.01266   0.00272  -0.1005   0.5113   0.3448  60.0837 233.8992
   1.000   0.6694   0.01266   0.00272  -0.1005   0.5113   0.3448  60.0837 233.8992
   2.000   0.7662   0.01172   0.00276  -0.0976   0.4942   0.6942  61.5097 257.9910
   2.000   0.7662   0.01172   0.00276  -0.0976   0.4942   0.6942  61.5097 257.9912
   2.000   0.7662   0.01172   0.00276  -0.0976   0.4942   0.6942  61.5097 257.9912
   2.000   0.7662   0.01172   0.00276  -0.0976   0.4942   0.6942  61.5097 257.9912
   2.000   0.7662   0.01172   0.00276  -0.0976   0.4942   0.6942  61.5097 257.9912
   3.000   0.8946   0.01170   0.00302  -0.0998   0.4723   0.9855  63.3862 293.7956
   3.000   0.8946   0.01170   0.00302  -0.0998   0.4723   0.9855  63.3862 293.7957
   3.000   0.8946   0.01170   0.00302  -0.0998   0.4723   0.9855  63.3862 293.7957
   3.000   0.8946   0.01170   0.00302  -0.0998   0.4723   0.9855  63.3862 293.7957
   3.000   0.8946   0.01170   0.00302  -0.0998   0.4723   0.9855  63.3862 293.7957
   4.000   1.0071   0.01214   0.00283  -0.1006   0.4411   1.0000  66.1529 300.0000
   4.000   1.0071   0.01214   0.00283  -0.1006   0.4411   1.0000  66.1529 300.0000
   4.000   1.0071   0.01214   0.00283  -0.1006   0.4411   1.0000  66.1529 300.0000
   4.000   1.0071   0.01214   0.00283  -0.1006   0.4411   1.0000  66.1529 300.0000
   4.000   1.0071   0.01214   0.00283  -0.1006   0.4411   1.0000  66.1529 300.0000
   5.000   1.0656   0.01288   0.00258  -0.0906   0.3961   1.0000  70.3476 300.0000
   5.000   1.0656   0.01288   0.00258  -0.0906   0.3961   1.0000  70.3473 300.0000
   5.000   1.0656   0.01288   0.00258  -0.0906   0.3961   1.0000  70.3473 300.0000
   5.000   1.0656   0.01288   0.00258  -0.0906   0.3961   1.0000  70.3473 300.0000
   5.000   1.0656   0.01288   0.00258  -0.0906   0.3961   1.0000  70.3473 300.0000
   6.000   1.1252   0.01442   0.00283  -0.0820   0.3587   1.0000  73.9254 300.0000
   6.000   1.1252   0.01442   0.00283  -0.0820   0.3587   1.0000  73.9256 300.0000
   6.000   1.1252   0.01442   0.00283  -0.0820   0.3587   1.0000  73.9256 300.0000
   6.000   1.1252   0.01442   0.00283  -0.0820   0.3587   1.0000  73.9256 300.0000
   6.000   1.1252   0.01442   0.00283  -0.0820   0.3587   1.0000  73.9256 300.0000
   7.000   1.1963   0.01627   0.00339  -0.0764   0.3379   1.0000  75.9329 300.0000
   7.000   1.1963   0.01627   0.00339  -0.0764   0.3378   1.0000  75.9332 300.0000
   7.000   1.1963   0.01627   0.00339  -0.0764   0.3378   1.0000  75.9332 300.0000
   7.000   1.1963   0.01627   0.00339  -0.0764   0.3378   1.0000  75.9332 300.0000
   7.000   1.1963   0.01627   0.00339  -0.0764   0.3378   1.0000  75.9332 300.0000
   8.000   1.2715   0.01822   0.00407  -0.0722   0.3234   1.0000  77.3287 300.0000
   8.000   1.2715   0.01822   0.00407  -0.0722   0.3234   1.0000  77.3287 300.0000
   8.000   1.2715   0.01822   0.00407  -0.0722   0.3234   1.0000  77.3287 300.0000
   8.000   1.2715   0.01822   0.00407  -0.0722   0.3234   1.0000  77.3287 300.0000
   8.000   1.2715   0.01822   0.00407  -0.0722   0.3234   1.0000  77.3287 300.0000
   9.000   1.3442   0.02044   0.00485  -0.0682   0.3106   1.0000  78.5670 300.0000
   9.000   1.3442   0.02044   0.00485  -0.0682   0.3106   1.0000  78.5670 300.0000
   9.000   1.3442   0.02044   0.00485  -0.0682   0.3106   1.0000  78.5670 300.0000
   9.000   1.3442   0.02044   0.00485  -0.0682   0.3106   1.0000  78.5670 300.0000
   9.000   1.3442   0.02044   0.00485  -0.0682   0.3106   1.0000  78.5670 300.0000
  10.000   1.4152   0.02290   0.00572  -0.0646   0.2999   1.0000  79.6051 300.0000
  10.000   1.4152   0.02290   0.00572  -0.0646   0.2999   1.0000  79.6050 300.0000
  10.000   1.4152   0.02290   0.00572  -0.0646   0.2999   1.0000  79.6050 300.0000
  10.000   1.4152   0.02290   0.00572  -0.0646   0.2999   1.0000  79.6050 300.0000
  10.000   1.4152   0.02290   0.00572  -0.0646   0.2999   1.0000  79.6050 300.0000
  11.000   1.4818   0.02571   0.00673  -0.0611   0.2899   1.0000  80.5904 300.0000
  11.000   1.4818   0.02571   0.00673  -0.0611   0.2899   1.0000  80.5904 300.0000
  11.000   1.4818   0.02571   0.00673  -0.0611   0.2899   1.0000  80.5904 300.0000
  11.000   1.4818   0.02571   0.00673  -0.0611   0.2899   1.0000  80.5904 300.0000
  11.000   1.4818   0.02571   0.00673  -0.0611   0.2899   1.0000  80.5904 300.0000
  12.000   1.5419   0.02902   0.00797  -0.0577   0.2801   1.0000  81.5692 300.0000
  12.000   1.5419   0.02902   0.00797  -0.0577   0.2801   1.0000  81.5691 300.0000
  12.000   1.5419   0.02902   0.00797  -0.0577   0.2801   1.0000  81.5691 300.0000
  12.000   1.5419   0.02902   0.00797  -0.0577   0.2801   1.0000  81.5691 300.0000
  12.000   1.5419   0.02902   0.00797  -0.0577   0.2801   1.0000  81.5691 300.0000
  13.000   1.5992   0.03270   0.00936  -0.0546   0.2717   1.0000  82.4200 300.0000
  13.000   1.5992   0.03270   0.00936  -0.0546   0.2717   1.0000  82.4201 300.0000
  13.000   1.5992   0.03270   0.00936  -0.0546   0.2717   1.0000  82.4201 300.0000
  13.000   1.5992   0.03270   0.00936  -0.0546   0.2717   1.0000  82.4201 300.0000
  13.000   1.5992   0.03270   0.00936  -0.0546   0.2717   1.0000  82.4201 300.0000
  14.000   1.6488   0.03715   0.01115  -0.0518   0.2630   1.0000  83.3251 300.0000
  14.000   1.6488   0.03715   0.01115  -0.0518   0.2630   1.0000  83.3251 300.0000
  14.000   1.6488   0.03715   0.01115  -0.0518   0.2630   1.0000  83.3251 300.0000
  14.000   1.6488   0.03715   0.01115  -0.0518   0.2630   1.0000  83.3251 300.0000
  14.000   1.6488   0.03715   0.01115  -0.0518   0.2630   1.0000  83.3251 300.0000
  15.000   1.6906   0.04256   0.01349  -0.0495   0.2540   1.0000  84.2764 300.0000
  15.000   1.6906   0.04256   0.01349  -0.0495   0.2540   1.0000  84.2763 300.0000
  15.000   1.6906   0.04256   0.01349  -0.0495   0.2540   1.0000  84.2763 300.0000
  15.000   1.6906   0.04256   0.01349  -0.0495   0.2540   1.0000  84.2763 300.0000
  15.000   1.6906   0.04256   0.01349  -0.0495   0.2540   1.0000  84.2763 300.0000
  16.000   1.7188   0.04962   0.01693  -0.0478   0.2437   1.0000  85.3921 300.0000
  16.000   1.7188   0.04962   0.01693  -0.0478   0.2437   1.0000  85.3919 300.0000
  16.000   1.7188   0.04962   0.01693  -0.0478   0.2437   1.0000  85.3919 300.0000
  16.000   1.7188   0.04962   0.01693  -0.0478   0.2437   1.0000  85.3919 300.0000
  16.000   1.7188   0.04962   0.01693  -0.0478   0.2437   1.0000  85.3919 300.0000
  17.000   1.7330   0.05857   0.02169  -0.0469   0.2316   1.0000  86.7422 300.0000
  17.000   1.7330   0.05857   0.02169  -0.0469   0.2316   1.0000  86.7423 300.0000
  17.000   1.7330   0.05857   0.02169  -0.0469   0.2316   1.0000  86.7423 300.0000
  17.000   1.7330   0.05857   0.02169  -0.0469   0.2316   1.0000  86.7424 300.0000
  17.000   1.7330   0.05857   0.02169  -0.0469   0.2316   1.0000  86.7424 300.0000
  18.000   1.7362   0.06909   0.02772  -0.0467   0.2183   1.0000  88.2938 300.0000
  18.000   1.7362   0.06909   0.02772  -0.0467   0.2183   1.0000  88.2937 300.0000
  18.000   1.7362   0.06909   0.02772  -0.0467   0.2183   1.0000  88.2936 300.0000
  18.000   1.7362   0.06909   0.02772  -0.0467   0.2183   1.0000  88.2936 300.0000
  18.000   1.7362   0.06909   0.02772  -0.0467   0.2183   1.0000  88.2936 300.0000
  19.000   1.7250   0.08168   0.03573  -0.0473   0.2024   1.0000  90.2170 300.0000
  19.000   1.7250   0.08168   0.03573  -0.0473   0.2024   1.0000  90.2171 300.0000
  19.000   1.7250   0.08168   0.03573  -0.0473   0.2024   1.0000  90.2171 300.0000
  19.000   1.7250   0.08168   0.03573  -0.0473   0.2024   1.0000  90.2171 300.0000
  19.000   1.7250   0.08168   0.03573  -0.0473   0.2024   1.0000  90.2171 300.0000
