  
       XFOIL         Version 6.99
  
 Calculated polar for: GOE 386 AIRFOIL                                 
  
 1 1 Reynolds number fixed          Mach number fixed         
  
 xtrf =   1.000 (top)        1.000 (bottom)  
 Mach =   0.000     Re =     0.550 e 6     Ncrit =   9.000  9.000
  
   alpha    CL        CD       CDp       CM     Top_Xtr  Bot_Xtr  Top_Itr  Bot_Itr
  ------ -------- --------- --------- -------- -------- -------- -------- --------
   0.000   0.5596   0.01183   0.00222  -0.1006   0.5127   0.2304  59.9622 225.0522
   0.000   0.5596   0.01183   0.00222  -0.1006   0.5127   0.2304  59.9622 225.0518
   0.000   0.5596   0.01183   0.00222  -0.1006   0.5127   0.2304  59.9622 225.0518
   0.000   0.5596   0.01183   0.00222  -0.1006   0.5127   0.2304  59.9622 225.0518
   0.000   0.5596   0.01183   0.00222  -0.1006   0.5127   0.2304  59.9622 225.0518
   1.000   0.6687   0.01166   0.00215  -0.0999   0.4987   0.2989  61.1286 230.5363
   1.000   0.6687   0.01166   0.00215  -0.0999   0.4987   0.2989  61.1286 230.5361
   1.000   0.6687   0.01166   0.00215  -0.0999   0.4987   0.2989  61.1286 230.5361
   1.000   0.6687   0.01166   0.00215  -0.0999   0.4987   0.2989  61.1286 230.5361
   1.000   0.6687   0.01166   0.00215  -0.0999   0.4987   0.2989  61.1286 230.5361
   2.000   0.7724   0.01108   0.00212  -0.0985   0.4817   0.5293  62.5705 246.6882
   2.000   0.7724   0.01108   0.00212  -0.0985   0.4817   0.5294  62.5705 246.6910
   2.000   0.7724   0.01108   0.00212  -0.0985   0.4817   0.5294  62.5705 246.6910
   2.000   0.7724   0.01108   0.00212  -0.0985   0.4817   0.5294  62.5705 246.6910
   2.000   0.7724   0.01108   0.00212  -0.0985   0.4817   0.5294  62.5705 246.6910
   3.000   0.8677   0.01046   0.00233  -0.0942   0.4605   0.9501  64.4189 283.5455
   3.000   0.8677   0.01046   0.00233  -0.0942   0.4605   0.9501  64.4189 283.5499
   3.000   0.8677   0.01046   0.00233  -0.0942   0.4605   0.9501  64.4189 283.5498
   3.000   0.8677   0.01046   0.00233  -0.0942   0.4605   0.9501  64.4189 283.5498
   3.000   0.8677   0.01046   0.00233  -0.0942   0.4605   0.9501  64.4189 283.5498
   4.000   1.0113   0.01111   0.00239  -0.1013   0.4227   1.0000  67.8501 300.0000
   4.000   1.0113   0.01111   0.00239  -0.1013   0.4227   1.0000  67.8500 300.0000
   4.000   1.0113   0.01111   0.00239  -0.1013   0.4227   1.0000  67.8500 300.0000
   4.000   1.0113   0.01111   0.00239  -0.1013   0.4227   1.0000  67.8500 300.0000
   4.000   1.0113   0.01111   0.00239  -0.1013   0.4227   1.0000  67.8500 300.0000
   5.000   1.0645   0.01207   0.00227  -0.0904   0.3712   1.0000  72.7300 300.0000
   5.000   1.0645   0.01207   0.00227  -0.0904   0.3712   1.0000  72.7300 300.0000
   5.000   1.0645   0.01207   0.00227  -0.0904   0.3712   1.0000  72.7300 300.0000
   5.000   1.0645   0.01207   0.00227  -0.0904   0.3712   1.0000  72.7300 300.0000
   5.000   1.0645   0.01207   0.00227  -0.0904   0.3712   1.0000  72.7300 300.0000
   6.000   1.1305   0.01361   0.00263  -0.0829   0.3399   1.0000  75.7316 300.0000
   6.000   1.1305   0.01361   0.00263  -0.0829   0.3399   1.0000  75.7316 300.0000
   6.000   1.1305   0.01361   0.00263  -0.0829   0.3399   1.0000  75.7316 300.0000
   6.000   1.1305   0.01361   0.00263  -0.0829   0.3399   1.0000  75.7316 300.0000
   6.000   1.1305   0.01361   0.00263  -0.0829   0.3399   1.0000  75.7316 300.0000
   7.000   1.2055   0.01528   0.00316  -0.0779   0.3227   1.0000  77.3922 300.0000
   7.000   1.2055   0.01528   0.00316  -0.0779   0.3227   1.0000  77.3922 300.0000
   7.000   1.2055   0.01528   0.00316  -0.0779   0.3227   1.0000  77.3922 300.0000
   7.000   1.2055   0.01528   0.00316  -0.0779   0.3227   1.0000  77.3922 300.0000
   7.000   1.2055   0.01528   0.00316  -0.0779   0.3227   1.0000  77.3922 300.0000
   8.000   1.2799   0.01720   0.00382  -0.0735   0.3094   1.0000  78.6837 300.0000
   8.000   1.2800   0.01720   0.00382  -0.0735   0.3094   1.0000  78.6839 300.0000
   8.000   1.2800   0.01720   0.00382  -0.0735   0.3094   1.0000  78.6839 300.0000
   8.000   1.2800   0.01720   0.00382  -0.0735   0.3094   1.0000  78.6839 300.0000
   8.000   1.2800   0.01720   0.00382  -0.0735   0.3094   1.0000  78.6839 300.0000
   9.000   1.3523   0.01941   0.00461  -0.0696   0.2983   1.0000  79.7594 300.0000
   9.000   1.3523   0.01941   0.00461  -0.0696   0.2983   1.0000  79.7593 300.0000
   9.000   1.3523   0.01941   0.00461  -0.0696   0.2983   1.0000  79.7593 300.0000
   9.000   1.3523   0.01941   0.00461  -0.0696   0.2983   1.0000  79.7593 300.0000
   9.000   1.3523   0.01941   0.00461  -0.0696   0.2983   1.0000  79.7593 300.0000
  10.000   1.4220   0.02192   0.00553  -0.0659   0.2887   1.0000  80.7154 300.0000
  10.000   1.4220   0.02192   0.00553  -0.0659   0.2887   1.0000  80.7153 300.0000
  10.000   1.4220   0.02192   0.00553  -0.0659   0.2887   1.0000  80.7153 300.0000
  10.000   1.4220   0.02192   0.00553  -0.0659   0.2887   1.0000  80.7153 300.0000
  10.000   1.4220   0.02192   0.00553  -0.0659   0.2887   1.0000  80.7153 300.0000
  11.000   1.4870   0.02487   0.00666  -0.0624   0.2795   1.0000  81.6322 300.0000
  11.000   1.4870   0.02487   0.00666  -0.0624   0.2795   1.0000  81.6322 300.0000
  11.000   1.4870   0.02487   0.00666  -0.0624   0.2795   1.0000  81.6322 300.0000
  11.000   1.4870   0.02487   0.00666  -0.0624   0.2795   1.0000  81.6322 300.0000
  11.000   1.4870   0.02487   0.00666  -0.0624   0.2795   1.0000  81.6322 300.0000
  12.000   1.5460   0.02837   0.00806  -0.0591   0.2706   1.0000  82.5413 300.0000
  12.000   1.5460   0.02837   0.00806  -0.0591   0.2706   1.0000  82.5413 300.0000
  12.000   1.5460   0.02837   0.00806  -0.0591   0.2706   1.0000  82.5412 300.0000
  12.000   1.5460   0.02837   0.00806  -0.0591   0.2706   1.0000  82.5412 300.0000
  12.000   1.5460   0.02837   0.00806  -0.0591   0.2706   1.0000  82.5412 300.0000
  13.000   1.6006   0.03245   0.00973  -0.0562   0.2625   1.0000  83.3797 300.0000
  13.000   1.6006   0.03245   0.00973  -0.0562   0.2625   1.0000  83.3796 300.0000
  13.000   1.6006   0.03245   0.00973  -0.0562   0.2625   1.0000  83.3796 300.0000
  13.000   1.6006   0.03245   0.00973  -0.0562   0.2625   1.0000  83.3796 300.0000
  13.000   1.6006   0.03245   0.00973  -0.0562   0.2625   1.0000  83.3796 300.0000
  14.000   1.6494   0.03728   0.01181  -0.0537   0.2543   1.0000  84.2469 300.0000
  14.000   1.6494   0.03728   0.01181  -0.0537   0.2543   1.0000  84.2469 300.0000
  14.000   1.6494   0.03728   0.01181  -0.0537   0.2543   1.0000  84.2469 300.0000
  14.000   1.6494   0.03728   0.01181  -0.0537   0.2543   1.0000  84.2469 300.0000
  14.000   1.6494   0.03728   0.01181  -0.0537   0.2543   1.0000  84.2469 300.0000
  15.000   1.6906   0.04309   0.01445  -0.0518   0.2455   1.0000  85.1966 300.0000
  15.000   1.6906   0.04309   0.01445  -0.0518   0.2455   1.0000  85.1968 300.0000
  15.000   1.6906   0.04309   0.01445  -0.0518   0.2455   1.0000  85.1968 300.0000
  15.000   1.6906   0.04309   0.01445  -0.0518   0.2455   1.0000  85.1968 300.0000
  15.000   1.6906   0.04309   0.01445  -0.0518   0.2455   1.0000  85.1968 300.0000
  16.000   1.7190   0.05054   0.01819  -0.0505   0.2348   1.0000  86.3862 300.0000
  16.000   1.7190   0.05054   0.01819  -0.0505   0.2348   1.0000  86.3863 300.0000
  16.000   1.7190   0.05054   0.01819  -0.0505   0.2348   1.0000  86.3864 300.0000
  16.000   1.7190   0.05054   0.01819  -0.0505   0.2348   1.0000  86.3864 300.0000
  16.000   1.7190   0.05054   0.01819  -0.0505   0.2348   1.0000  86.3864 300.0000
  17.000   1.7372   0.05928   0.02279  -0.0496   0.2229   1.0000  87.7462 300.0000
  17.000   1.7372   0.05928   0.02279  -0.0496   0.2229   1.0000  87.7460 300.0000
  17.000   1.7372   0.05928   0.02279  -0.0496   0.2229   1.0000  87.7460 300.0000
  17.000   1.7372   0.05928   0.02279  -0.0496   0.2229   1.0000  87.7460 300.0000
  17.000   1.7372   0.05928   0.02279  -0.0496   0.2229   1.0000  87.7460 300.0000
  18.000   1.7445   0.06940   0.02849  -0.0492   0.2094   1.0000  89.3614 300.0000
  18.000   1.7445   0.06940   0.02849  -0.0492   0.2094   1.0000  89.3613 300.0000
  18.000   1.7445   0.06939   0.02849  -0.0492   0.2094   1.0000  89.3612 300.0000
  18.000   1.7445   0.06939   0.02849  -0.0492   0.2094   1.0000  89.3612 300.0000
  18.000   1.7445   0.06939   0.02849  -0.0492   0.2094   1.0000  89.3612 300.0000
  19.000   1.7359   0.08159   0.03610  -0.0495   0.1927   1.0000  91.4472 300.0000
  19.000   1.7359   0.08159   0.03610  -0.0495   0.1927   1.0000  91.4474 300.0000
  19.000   1.7359   0.08159   0.03610  -0.0495   0.1927   1.0000  91.4475 300.0000
  19.000   1.7359   0.08159   0.03610  -0.0495   0.1927   1.0000  91.4475 300.0000
  19.000   1.7359   0.08159   0.03610  -0.0495   0.1927   1.0000  91.4475 300.0000
