  
       XFOIL         Version 6.99
  
 Calculated polar for: ARA-D 20% AIRFOIL                               
  
 1 1 Reynolds number fixed          Mach number fixed         
  
 xtrf =   1.000 (top)        1.000 (bottom)  
 Mach =   0.000     Re =     0.275 e 6     Ncrit =   9.000  9.000
  
   alpha    CL        CD       CDp       CM     Top_Xtr  Bot_Xtr  Top_Itr  Bot_Itr
  ------ -------- --------- --------- -------- -------- -------- -------- --------
   0.000   0.3352   0.01492   0.00577  -0.0311   0.4181   0.7865  28.3344 148.3003
   0.000   0.3352   0.01492   0.00577  -0.0311   0.4181   0.7865  28.3344 148.3002
   0.000   0.3352   0.01492   0.00577  -0.0311   0.4181   0.7865  28.3344 148.3002
   0.000   0.3352   0.01492   0.00577  -0.0311   0.4181   0.7865  28.3344 148.3002
   0.000   0.3352   0.01492   0.00577  -0.0311   0.4181   0.7865  28.3344 148.3002
   1.000   0.4478   0.01515   0.00596  -0.0298   0.3995   0.8553  29.2795 151.3881
   1.000   0.4478   0.01515   0.00596  -0.0298   0.3995   0.8553  29.2795 151.3881
   1.000   0.4478   0.01515   0.00596  -0.0298   0.3995   0.8553  29.2795 151.3881
   1.000   0.4478   0.01515   0.00596  -0.0298   0.3995   0.8553  29.2795 151.3881
   1.000   0.4478   0.01515   0.00596  -0.0298   0.3995   0.8553  29.2795 151.3881
   2.000   0.5508   0.01527   0.00593  -0.0264   0.3812   0.9229  30.2357 154.7834
   2.000   0.5508   0.01527   0.00593  -0.0264   0.3812   0.9229  30.2357 154.7834
   2.000   0.5508   0.01527   0.00593  -0.0264   0.3812   0.9229  30.2357 154.7834
   2.000   0.5508   0.01527   0.00593  -0.0264   0.3812   0.9229  30.2357 154.7834
   2.000   0.5508   0.01527   0.00593  -0.0264   0.3812   0.9229  30.2357 154.7834
   3.000   0.6774   0.01525   0.00564  -0.0287   0.3618   0.9927  31.2893 159.3327
   3.000   0.6774   0.01525   0.00564  -0.0287   0.3618   0.9927  31.2893 159.3327
   3.000   0.6774   0.01525   0.00564  -0.0287   0.3618   0.9927  31.2893 159.3327
   3.000   0.6774   0.01525   0.00564  -0.0287   0.3618   0.9927  31.2893 159.3327
   3.000   0.6774   0.01525   0.00564  -0.0287   0.3618   0.9927  31.2893 159.3327
   4.000   0.8037   0.01588   0.00577  -0.0330   0.3427   1.0000  32.3619 160.0000
   4.000   0.8037   0.01588   0.00577  -0.0330   0.3427   1.0000  32.3619 160.0000
   4.000   0.8037   0.01588   0.00577  -0.0330   0.3427   1.0000  32.3619 160.0000
   4.000   0.8037   0.01588   0.00577  -0.0330   0.3427   1.0000  32.3619 160.0000
   4.000   0.8037   0.01588   0.00577  -0.0330   0.3427   1.0000  32.3619 160.0000
   5.000   0.9263   0.01679   0.00614  -0.0361   0.3243   1.0000  33.4223 160.0000
   5.000   0.9263   0.01679   0.00614  -0.0361   0.3243   1.0000  33.4223 160.0000
   5.000   0.9263   0.01679   0.00614  -0.0361   0.3243   1.0000  33.4223 160.0000
   5.000   0.9263   0.01679   0.00614  -0.0361   0.3243   1.0000  33.4223 160.0000
   5.000   0.9263   0.01679   0.00614  -0.0361   0.3243   1.0000  33.4223 160.0000
   6.000   1.0450   0.01788   0.00662  -0.0384   0.3070   1.0000  34.4493 160.0000
   6.000   1.0450   0.01788   0.00662  -0.0384   0.3070   1.0000  34.4495 160.0000
   6.000   1.0450   0.01788   0.00662  -0.0384   0.3070   1.0000  34.4495 160.0000
   6.000   1.0450   0.01788   0.00662  -0.0384   0.3070   1.0000  34.4495 160.0000
   6.000   1.0450   0.01788   0.00662  -0.0384   0.3070   1.0000  34.4495 160.0000
   7.000   1.1597   0.01916   0.00723  -0.0401   0.2908   1.0000  35.4336 160.0000
   7.000   1.1597   0.01916   0.00723  -0.0401   0.2908   1.0000  35.4336 160.0000
   7.000   1.1597   0.01916   0.00723  -0.0401   0.2908   1.0000  35.4336 160.0000
   7.000   1.1597   0.01916   0.00723  -0.0401   0.2908   1.0000  35.4336 160.0000
   7.000   1.1597   0.01916   0.00723  -0.0401   0.2908   1.0000  35.4336 160.0000
   8.000   1.2700   0.02065   0.00794  -0.0413   0.2759   1.0000  36.3703 160.0000
   8.000   1.2700   0.02065   0.00794  -0.0413   0.2759   1.0000  36.3704 160.0000
   8.000   1.2700   0.02065   0.00794  -0.0413   0.2759   1.0000  36.3704 160.0000
   8.000   1.2700   0.02065   0.00794  -0.0413   0.2759   1.0000  36.3704 160.0000
   8.000   1.2700   0.02065   0.00794  -0.0413   0.2759   1.0000  36.3704 160.0000
   9.000   1.3748   0.02236   0.00874  -0.0418   0.2621   1.0000  37.2595 160.0000
   9.000   1.3748   0.02236   0.00874  -0.0418   0.2621   1.0000  37.2595 160.0000
   9.000   1.3748   0.02236   0.00874  -0.0418   0.2621   1.0000  37.2595 160.0000
   9.000   1.3748   0.02236   0.00874  -0.0418   0.2621   1.0000  37.2595 160.0000
   9.000   1.3748   0.02236   0.00874  -0.0418   0.2621   1.0000  37.2595 160.0000
  10.000   1.4729   0.02433   0.00960  -0.0414   0.2492   1.0000  38.1100 160.0000
  10.000   1.4729   0.02433   0.00960  -0.0414   0.2492   1.0000  38.1100 160.0000
  10.000   1.4729   0.02433   0.00960  -0.0414   0.2492   1.0000  38.1100 160.0000
  10.000   1.4729   0.02433   0.00960  -0.0414   0.2492   1.0000  38.1100 160.0000
  10.000   1.4729   0.02433   0.00960  -0.0414   0.2492   1.0000  38.1100 160.0000
  11.000   1.5604   0.02650   0.01052  -0.0397   0.2371   1.0000  38.9281 160.0000
  11.000   1.5604   0.02650   0.01052  -0.0397   0.2371   1.0000  38.9281 160.0000
  11.000   1.5604   0.02650   0.01052  -0.0397   0.2371   1.0000  38.9281 160.0000
  11.000   1.5604   0.02650   0.01052  -0.0397   0.2371   1.0000  38.9281 160.0000
  11.000   1.5604   0.02650   0.01052  -0.0397   0.2371   1.0000  38.9281 160.0000
  12.000   1.6242   0.02933   0.01195  -0.0350   0.2263   1.0000  39.6916 160.0000
  12.000   1.6242   0.02933   0.01195  -0.0350   0.2263   1.0000  39.6916 160.0000
  12.000   1.6242   0.02933   0.01195  -0.0350   0.2263   1.0000  39.6916 160.0000
  12.000   1.6242   0.02933   0.01195  -0.0350   0.2263   1.0000  39.6916 160.0000
  12.000   1.6242   0.02933   0.01195  -0.0350   0.2263   1.0000  39.6916 160.0000
  13.000   1.6559   0.03372   0.01414  -0.0276   0.2167   1.0000  40.3784 160.0000
  13.000   1.6559   0.03372   0.01414  -0.0276   0.2167   1.0000  40.3784 160.0000
  13.000   1.6559   0.03372   0.01414  -0.0276   0.2167   1.0000  40.3784 160.0000
  13.000   1.6559   0.03372   0.01414  -0.0276   0.2167   1.0000  40.3784 160.0000
  13.000   1.6559   0.03372   0.01414  -0.0276   0.2167   1.0000  40.3784 160.0000
  14.000   1.6921   0.03923   0.01680  -0.0241   0.2073   1.0000  41.0682 160.0000
  14.000   1.6921   0.03923   0.01680  -0.0241   0.2073   1.0000  41.0682 160.0000
  14.000   1.6921   0.03923   0.01680  -0.0241   0.2073   1.0000  41.0682 160.0000
  14.000   1.6921   0.03923   0.01680  -0.0241   0.2073   1.0000  41.0682 160.0000
  14.000   1.6921   0.03923   0.01680  -0.0241   0.2073   1.0000  41.0682 160.0000
  15.000   1.6933   0.04891   0.02280  -0.0235   0.1982   1.0000  41.7598 160.0000
  15.000   1.6933   0.04891   0.02280  -0.0235   0.1982   1.0000  41.7598 160.0000
  15.000   1.6933   0.04891   0.02280  -0.0235   0.1982   1.0000  41.7598 160.0000
  15.000   1.6933   0.04891   0.02280  -0.0235   0.1982   1.0000  41.7598 160.0000
  15.000   1.6933   0.04891   0.02280  -0.0235   0.1982   1.0000  41.7598 160.0000
  16.000   1.6784   0.06176   0.03117  -0.0254   0.1892   1.0000  42.4662 160.0000
  16.000   1.6784   0.06176   0.03117  -0.0254   0.1892   1.0000  42.4660 160.0000
  16.000   1.6784   0.06176   0.03117  -0.0254   0.1892   1.0000  42.4660 160.0000
  16.000   1.6784   0.06176   0.03117  -0.0254   0.1892   1.0000  42.4660 160.0000
  16.000   1.6784   0.06176   0.03117  -0.0254   0.1892   1.0000  42.4660 160.0000
  17.000   1.6717   0.07415   0.03914  -0.0279   0.1805   1.0000  43.1675 160.0000
  17.000   1.6717   0.07415   0.03914  -0.0279   0.1805   1.0000  43.1675 160.0000
  17.000   1.6717   0.07415   0.03914  -0.0279   0.1805   1.0000  43.1675 160.0000
  17.000   1.6717   0.07415   0.03914  -0.0279   0.1805   1.0000  43.1675 160.0000
  17.000   1.6717   0.07415   0.03914  -0.0279   0.1805   1.0000  43.1675 160.0000
  18.000   1.6574   0.08827   0.04919  -0.0322   0.1716   1.0000  43.9071 160.0000
  18.000   1.6574   0.08827   0.04919  -0.0322   0.1716   1.0000  43.9071 160.0000
  18.000   1.6574   0.08827   0.04919  -0.0322   0.1716   1.0000  43.9071 160.0000
  18.000   1.6574   0.08827   0.04919  -0.0322   0.1716   1.0000  43.9071 160.0000
  18.000   1.6574   0.08827   0.04919  -0.0322   0.1716   1.0000  43.9071 160.0000
  19.000   1.5635   0.11508   0.07457  -0.0431   0.1612   1.0000  44.8068 160.0000
  19.000   1.5635   0.11508   0.07457  -0.0431   0.1612   1.0000  44.8068 160.0000
  19.000   1.5635   0.11508   0.07457  -0.0431   0.1612   1.0000  44.8068 160.0000
  19.000   1.5635   0.11508   0.07457  -0.0431   0.1612   1.0000  44.8068 160.0000
  19.000   1.5635   0.11508   0.07457  -0.0431   0.1612   1.0000  44.8068 160.0000
