  
       XFOIL         Version 6.99
  
 Calculated polar for: ARA-D 20% AIRFOIL                               
  
 1 1 Reynolds number fixed          Mach number fixed         
  
 xtrf =   1.000 (top)        1.000 (bottom)  
 Mach =   0.000     Re =     0.300 e 6     Ncrit =   9.000  9.000
  
   alpha    CL        CD       CDp       CM     Top_Xtr  Bot_Xtr  Top_Itr  Bot_Itr
  ------ -------- --------- --------- -------- -------- -------- -------- --------
   0.000   0.3383   0.01431   0.00534  -0.0319   0.4133   0.7769  28.5736 147.8812
   0.000   0.3383   0.01431   0.00534  -0.0319   0.4133   0.7769  28.5736 147.8821
   0.000   0.3383   0.01431   0.00534  -0.0319   0.4133   0.7769  28.5736 147.8821
   0.000   0.3383   0.01431   0.00534  -0.0319   0.4133   0.7769  28.5736 147.8821
   0.000   0.3383   0.01431   0.00534  -0.0319   0.4133   0.7769  28.5736 147.8821
   1.000   0.4535   0.01454   0.00554  -0.0313   0.3947   0.8457  29.5271 150.9403
   1.000   0.4535   0.01454   0.00554  -0.0313   0.3947   0.8457  29.5271 150.9407
   1.000   0.4535   0.01454   0.00554  -0.0313   0.3947   0.8457  29.5271 150.9407
   1.000   0.4535   0.01454   0.00554  -0.0313   0.3947   0.8457  29.5271 150.9407
   1.000   0.4535   0.01454   0.00554  -0.0313   0.3947   0.8457  29.5271 150.9407
   2.000   0.5599   0.01470   0.00559  -0.0288   0.3764   0.9101  30.4957 154.0886
   2.000   0.5599   0.01470   0.00559  -0.0288   0.3764   0.9101  30.4957 154.0886
   2.000   0.5599   0.01470   0.00559  -0.0288   0.3764   0.9101  30.4957 154.0886
   2.000   0.5599   0.01470   0.00559  -0.0288   0.3764   0.9101  30.4957 154.0886
   2.000   0.5599   0.01470   0.00559  -0.0288   0.3764   0.9101  30.4957 154.0886
   3.000   0.6727   0.01464   0.00530  -0.0279   0.3577   0.9824  31.5139 158.5248
   3.000   0.6727   0.01464   0.00530  -0.0279   0.3577   0.9824  31.5139 158.5254
   3.000   0.6727   0.01464   0.00530  -0.0279   0.3577   0.9824  31.5139 158.5254
   3.000   0.6727   0.01464   0.00530  -0.0279   0.3577   0.9824  31.5139 158.5254
   3.000   0.6727   0.01464   0.00530  -0.0279   0.3577   0.9824  31.5139 158.5254
   4.000   0.8049   0.01519   0.00536  -0.0331   0.3385   1.0000  32.6015 160.0000
   4.000   0.8049   0.01519   0.00536  -0.0331   0.3385   1.0000  32.6015 160.0000
   4.000   0.8049   0.01519   0.00536  -0.0331   0.3385   1.0000  32.6015 160.0000
   4.000   0.8049   0.01519   0.00536  -0.0331   0.3385   1.0000  32.6015 160.0000
   4.000   0.8049   0.01519   0.00536  -0.0331   0.3385   1.0000  32.6015 160.0000
   5.000   0.9281   0.01608   0.00569  -0.0364   0.3202   1.0000  33.6640 160.0000
   5.000   0.9281   0.01608   0.00569  -0.0364   0.3202   1.0000  33.6640 160.0000
   5.000   0.9281   0.01608   0.00569  -0.0364   0.3202   1.0000  33.6640 160.0000
   5.000   0.9281   0.01608   0.00569  -0.0364   0.3202   1.0000  33.6640 160.0000
   5.000   0.9281   0.01608   0.00569  -0.0364   0.3202   1.0000  33.6640 160.0000
   6.000   1.0472   0.01714   0.00614  -0.0387   0.3029   1.0000  34.6936 160.0000
   6.000   1.0472   0.01714   0.00614  -0.0387   0.3029   1.0000  34.6936 160.0000
   6.000   1.0472   0.01714   0.00614  -0.0387   0.3029   1.0000  34.6936 160.0000
   6.000   1.0472   0.01714   0.00614  -0.0387   0.3029   1.0000  34.6936 160.0000
   6.000   1.0472   0.01714   0.00614  -0.0387   0.3029   1.0000  34.6936 160.0000
   7.000   1.1624   0.01837   0.00672  -0.0405   0.2869   1.0000  35.6804 160.0000
   7.000   1.1624   0.01837   0.00672  -0.0405   0.2869   1.0000  35.6804 160.0000
   7.000   1.1624   0.01837   0.00672  -0.0405   0.2869   1.0000  35.6804 160.0000
   7.000   1.1624   0.01837   0.00672  -0.0405   0.2869   1.0000  35.6804 160.0000
   7.000   1.1624   0.01837   0.00672  -0.0405   0.2869   1.0000  35.6804 160.0000
   8.000   1.2731   0.01979   0.00741  -0.0417   0.2719   1.0000  36.6215 160.0000
   8.000   1.2731   0.01979   0.00741  -0.0417   0.2719   1.0000  36.6218 160.0000
   8.000   1.2731   0.01979   0.00741  -0.0417   0.2719   1.0000  36.6218 160.0000
   8.000   1.2731   0.01979   0.00741  -0.0417   0.2719   1.0000  36.6218 160.0000
   8.000   1.2731   0.01979   0.00741  -0.0417   0.2719   1.0000  36.6218 160.0000
   9.000   1.3782   0.02144   0.00820  -0.0422   0.2581   1.0000  37.5166 160.0000
   9.000   1.3782   0.02144   0.00820  -0.0422   0.2581   1.0000  37.5167 160.0000
   9.000   1.3782   0.02144   0.00820  -0.0422   0.2581   1.0000  37.5167 160.0000
   9.000   1.3782   0.02144   0.00820  -0.0422   0.2581   1.0000  37.5167 160.0000
   9.000   1.3782   0.02144   0.00820  -0.0422   0.2581   1.0000  37.5167 160.0000
  10.000   1.4757   0.02337   0.00909  -0.0418   0.2455   1.0000  38.3619 160.0000
  10.000   1.4757   0.02337   0.00909  -0.0418   0.2455   1.0000  38.3620 160.0000
  10.000   1.4757   0.02337   0.00909  -0.0418   0.2455   1.0000  38.3620 160.0000
  10.000   1.4757   0.02337   0.00909  -0.0418   0.2455   1.0000  38.3620 160.0000
  10.000   1.4757   0.02337   0.00909  -0.0418   0.2455   1.0000  38.3620 160.0000
  11.000   1.5625   0.02562   0.01004  -0.0399   0.2338   1.0000  39.1613 160.0000
  11.000   1.5625   0.02562   0.01004  -0.0399   0.2338   1.0000  39.1613 160.0000
  11.000   1.5625   0.02562   0.01004  -0.0399   0.2338   1.0000  39.1613 160.0000
  11.000   1.5625   0.02562   0.01004  -0.0399   0.2338   1.0000  39.1613 160.0000
  11.000   1.5625   0.02562   0.01004  -0.0399   0.2338   1.0000  39.1613 160.0000
  12.000   1.6318   0.02826   0.01111  -0.0359   0.2229   1.0000  39.9273 160.0000
  12.000   1.6318   0.02826   0.01111  -0.0359   0.2229   1.0000  39.9273 160.0000
  12.000   1.6318   0.02826   0.01111  -0.0359   0.2229   1.0000  39.9273 160.0000
  12.000   1.6318   0.02826   0.01111  -0.0359   0.2229   1.0000  39.9273 160.0000
  12.000   1.6318   0.02826   0.01111  -0.0359   0.2229   1.0000  39.9273 160.0000
  13.000   1.6597   0.03266   0.01347  -0.0280   0.2135   1.0000  40.6139 160.0000
  13.000   1.6597   0.03266   0.01347  -0.0280   0.2135   1.0000  40.6139 160.0000
  13.000   1.6597   0.03266   0.01347  -0.0280   0.2135   1.0000  40.6139 160.0000
  13.000   1.6597   0.03266   0.01347  -0.0280   0.2135   1.0000  40.6139 160.0000
  13.000   1.6597   0.03266   0.01347  -0.0280   0.2135   1.0000  40.6139 160.0000
  14.000   1.6862   0.03914   0.01702  -0.0248   0.2043   1.0000  41.2951 160.0000
  14.000   1.6862   0.03914   0.01702  -0.0248   0.2043   1.0000  41.2951 160.0000
  14.000   1.6862   0.03914   0.01702  -0.0248   0.2043   1.0000  41.2951 160.0000
  14.000   1.6862   0.03914   0.01702  -0.0248   0.2043   1.0000  41.2951 160.0000
  14.000   1.6862   0.03914   0.01702  -0.0248   0.2043   1.0000  41.2951 160.0000
  15.000   1.7166   0.04628   0.02068  -0.0239   0.1950   1.0000  42.0054 160.0000
  15.000   1.7166   0.04628   0.02068  -0.0239   0.1950   1.0000  42.0055 160.0000
  15.000   1.7166   0.04628   0.02068  -0.0239   0.1950   1.0000  42.0055 160.0000
  15.000   1.7166   0.04628   0.02068  -0.0239   0.1950   1.0000  42.0055 160.0000
  15.000   1.7166   0.04628   0.02068  -0.0239   0.1950   1.0000  42.0055 160.0000
  16.000   1.6948   0.05990   0.02978  -0.0264   0.1864   1.0000  42.6934 160.0000
  16.000   1.6948   0.05990   0.02978  -0.0264   0.1864   1.0000  42.6934 160.0000
  16.000   1.6948   0.05990   0.02978  -0.0264   0.1864   1.0000  42.6934 160.0000
  16.000   1.6948   0.05990   0.02978  -0.0264   0.1864   1.0000  42.6934 160.0000
  16.000   1.6948   0.05990   0.02978  -0.0264   0.1864   1.0000  42.6934 160.0000
  17.000   1.6718   0.07447   0.03968  -0.0296   0.1775   1.0000  43.4144 160.0000
  17.000   1.6718   0.07447   0.03968  -0.0296   0.1775   1.0000  43.4144 160.0000
  17.000   1.6718   0.07447   0.03968  -0.0296   0.1775   1.0000  43.4144 160.0000
  17.000   1.6718   0.07447   0.03968  -0.0296   0.1775   1.0000  43.4144 160.0000
  17.000   1.6718   0.07447   0.03968  -0.0296   0.1775   1.0000  43.4144 160.0000
  18.000   1.6679   0.08715   0.04827  -0.0331   0.1690   1.0000  44.1282 160.0000
  18.000   1.6679   0.08715   0.04827  -0.0331   0.1690   1.0000  44.1282 160.0000
  18.000   1.6679   0.08715   0.04827  -0.0331   0.1690   1.0000  44.1282 160.0000
  18.000   1.6679   0.08715   0.04827  -0.0331   0.1690   1.0000  44.1282 160.0000
  18.000   1.6679   0.08715   0.04827  -0.0331   0.1690   1.0000  44.1282 160.0000
  19.000   1.6431   0.10345   0.06145  -0.0391   0.1603   1.0000  44.8930 160.0000
  19.000   1.6432   0.10345   0.06145  -0.0391   0.1603   1.0000  44.8930 160.0000
  19.000   1.6432   0.10345   0.06145  -0.0391   0.1603   1.0000  44.8930 160.0000
  19.000   1.6432   0.10345   0.06145  -0.0391   0.1603   1.0000  44.8930 160.0000
  19.000   1.6432   0.10345   0.06145  -0.0391   0.1603   1.0000  44.8930 160.0000
