  
       XFOIL         Version 6.99
  
 Calculated polar for: ARA-D 20% AIRFOIL                               
  
 1 1 Reynolds number fixed          Mach number fixed         
  
 xtrf =   1.000 (top)        1.000 (bottom)  
 Mach =   0.000     Re =     0.550 e 6     Ncrit =   9.000  9.000
  
   alpha    CL        CD       CDp       CM     Top_Xtr  Bot_Xtr  Top_Itr  Bot_Itr
  ------ -------- --------- --------- -------- -------- -------- -------- --------
   0.000   0.3502   0.01141   0.00344  -0.0350   0.3850   0.7067  30.0342 144.8456
   0.000   0.3502   0.01141   0.00344  -0.0350   0.3850   0.7067  30.0342 144.8458
   0.000   0.3502   0.01141   0.00344  -0.0350   0.3850   0.7067  30.0342 144.8458
   0.000   0.3502   0.01141   0.00344  -0.0350   0.3850   0.7067  30.0342 144.8458
   0.000   0.3502   0.01141   0.00344  -0.0350   0.3850   0.7067  30.0342 144.8458
   1.000   0.4726   0.01155   0.00359  -0.0363   0.3665   0.7779  31.0280 147.9267
   1.000   0.4726   0.01155   0.00359  -0.0363   0.3665   0.7779  31.0280 147.9267
   1.000   0.4726   0.01155   0.00359  -0.0363   0.3665   0.7779  31.0280 147.9267
   1.000   0.4726   0.01155   0.00359  -0.0363   0.3665   0.7779  31.0280 147.9267
   1.000   0.4726   0.01155   0.00359  -0.0363   0.3665   0.7779  31.0280 147.9267
   2.000   0.5924   0.01177   0.00376  -0.0372   0.3479   0.8390  32.0623 150.6348
   2.000   0.5924   0.01177   0.00376  -0.0372   0.3479   0.8390  32.0623 150.6348
   2.000   0.5924   0.01177   0.00376  -0.0372   0.3479   0.8390  32.0623 150.6348
   2.000   0.5924   0.01177   0.00376  -0.0372   0.3479   0.8390  32.0623 150.6348
   2.000   0.5924   0.01177   0.00376  -0.0372   0.3479   0.8390  32.0623 150.6348
   3.000   0.7079   0.01207   0.00392  -0.0372   0.3294   0.8956  33.1210 153.3435
   3.000   0.7079   0.01207   0.00392  -0.0372   0.3294   0.8956  33.1210 153.3435
   3.000   0.7079   0.01207   0.00392  -0.0372   0.3294   0.8956  33.1210 153.3435
   3.000   0.7079   0.01207   0.00392  -0.0372   0.3294   0.8956  33.1210 153.3435
   3.000   0.7079   0.01207   0.00392  -0.0372   0.3294   0.8956  33.1210 153.3435
   5.000   0.9404   0.01276   0.00398  -0.0386   0.2940   1.0000  35.2366 160.0000
   5.000   0.9404   0.01276   0.00398  -0.0386   0.2940   1.0000  35.2366 160.0000
   5.000   0.9404   0.01276   0.00398  -0.0386   0.2940   1.0000  35.2366 160.0000
   5.000   0.9404   0.01276   0.00398  -0.0386   0.2940   1.0000  35.2366 160.0000
   5.000   0.9404   0.01276   0.00398  -0.0386   0.2940   1.0000  35.2366 160.0000
   6.000   1.0629   0.01364   0.00435  -0.0415   0.2775   1.0000  36.2694 160.0000
   6.000   1.0629   0.01364   0.00435  -0.0415   0.2775   1.0000  36.2696 160.0000
   6.000   1.0629   0.01364   0.00435  -0.0415   0.2775   1.0000  36.2696 160.0000
   6.000   1.0629   0.01364   0.00435  -0.0415   0.2775   1.0000  36.2696 160.0000
   6.000   1.0629   0.01364   0.00435  -0.0415   0.2775   1.0000  36.2696 160.0000
   7.000   1.1814   0.01465   0.00479  -0.0438   0.2622   1.0000  37.2527 160.0000
   7.000   1.1814   0.01465   0.00479  -0.0438   0.2622   1.0000  37.2526 160.0000
   7.000   1.1814   0.01465   0.00479  -0.0438   0.2622   1.0000  37.2526 160.0000
   7.000   1.1814   0.01465   0.00479  -0.0438   0.2622   1.0000  37.2526 160.0000
   7.000   1.1814   0.01465   0.00479  -0.0438   0.2622   1.0000  37.2526 160.0000
   8.000   1.2959   0.01579   0.00529  -0.0455   0.2480   1.0000  38.1881 160.0000
   8.000   1.2959   0.01579   0.00529  -0.0455   0.2480   1.0000  38.1882 160.0000
   8.000   1.2959   0.01579   0.00529  -0.0455   0.2480   1.0000  38.1882 160.0000
   8.000   1.2959   0.01579   0.00529  -0.0455   0.2480   1.0000  38.1882 160.0000
   8.000   1.2959   0.01579   0.00529  -0.0455   0.2480   1.0000  38.1882 160.0000
   9.000   1.4054   0.01712   0.00586  -0.0466   0.2348   1.0000  39.0887 160.0000
   9.000   1.4054   0.01712   0.00586  -0.0466   0.2348   1.0000  39.0887 160.0000
   9.000   1.4054   0.01712   0.00586  -0.0466   0.2348   1.0000  39.0887 160.0000
   9.000   1.4054   0.01712   0.00586  -0.0466   0.2348   1.0000  39.0887 160.0000
   9.000   1.4054   0.01712   0.00586  -0.0466   0.2348   1.0000  39.0887 160.0000
  10.000   1.5087   0.01864   0.00650  -0.0468   0.2225   1.0000  39.9570 160.0000
  10.000   1.5087   0.01864   0.00650  -0.0468   0.2225   1.0000  39.9570 160.0000
  10.000   1.5087   0.01864   0.00650  -0.0468   0.2225   1.0000  39.9570 160.0000
  10.000   1.5087   0.01864   0.00650  -0.0468   0.2225   1.0000  39.9570 160.0000
  10.000   1.5087   0.01864   0.00650  -0.0468   0.2225   1.0000  39.9570 160.0000
  11.000   1.6055   0.02022   0.00718  -0.0461   0.2119   1.0000  40.7328 160.0000
  11.000   1.6055   0.02022   0.00718  -0.0461   0.2119   1.0000  40.7328 160.0000
  11.000   1.6055   0.02022   0.00718  -0.0461   0.2119   1.0000  40.7328 160.0000
  11.000   1.6055   0.02022   0.00718  -0.0461   0.2119   1.0000  40.7328 160.0000
  11.000   1.6055   0.02022   0.00718  -0.0461   0.2119   1.0000  40.7328 160.0000
  12.000   1.6857   0.02238   0.00810  -0.0432   0.2018   1.0000  41.4906 160.0000
  12.000   1.6857   0.02238   0.00810  -0.0432   0.2018   1.0000  41.4906 160.0000
  12.000   1.6857   0.02238   0.00810  -0.0432   0.2018   1.0000  41.4906 160.0000
  12.000   1.6857   0.02238   0.00810  -0.0432   0.2018   1.0000  41.4906 160.0000
  12.000   1.6857   0.02238   0.00810  -0.0432   0.2018   1.0000  41.4906 160.0000
  13.000   1.7239   0.02619   0.00990  -0.0354   0.1929   1.0000  42.1699 160.0000
  13.000   1.7239   0.02619   0.00990  -0.0354   0.1929   1.0000  42.1699 160.0000
  13.000   1.7239   0.02619   0.00990  -0.0354   0.1929   1.0000  42.1699 160.0000
  13.000   1.7239   0.02619   0.00990  -0.0354   0.1929   1.0000  42.1699 160.0000
  13.000   1.7239   0.02619   0.00990  -0.0354   0.1929   1.0000  42.1699 160.0000
  14.000   1.7524   0.03270   0.01353  -0.0320   0.1842   1.0000  42.8621 160.0000
  14.000   1.7524   0.03270   0.01353  -0.0320   0.1842   1.0000  42.8623 160.0000
  14.000   1.7524   0.03270   0.01353  -0.0320   0.1842   1.0000  42.8623 160.0000
  14.000   1.7524   0.03270   0.01353  -0.0320   0.1842   1.0000  42.8623 160.0000
  14.000   1.7524   0.03270   0.01353  -0.0320   0.1842   1.0000  42.8623 160.0000
  15.000   1.7684   0.04253   0.01955  -0.0329   0.1762   1.0000  43.5275 160.0000
  15.000   1.7684   0.04253   0.01955  -0.0329   0.1762   1.0000  43.5276 160.0000
  15.000   1.7684   0.04253   0.01955  -0.0329   0.1762   1.0000  43.5277 160.0000
  15.000   1.7684   0.04253   0.01955  -0.0329   0.1762   1.0000  43.5277 160.0000
  15.000   1.7684   0.04253   0.01955  -0.0329   0.1762   1.0000  43.5277 160.0000
  16.000   1.7547   0.05582   0.02791  -0.0346   0.1682   1.0000  44.1982 160.0000
  16.000   1.7547   0.05582   0.02791  -0.0346   0.1682   1.0000  44.1982 160.0000
  16.000   1.7547   0.05582   0.02791  -0.0346   0.1682   1.0000  44.1982 160.0000
  16.000   1.7547   0.05582   0.02791  -0.0346   0.1682   1.0000  44.1982 160.0000
  16.000   1.7547   0.05582   0.02791  -0.0346   0.1682   1.0000  44.1982 160.0000
  17.000   1.7311   0.07028   0.03731  -0.0369   0.1600   1.0000  44.9173 160.0000
  17.000   1.7311   0.07028   0.03731  -0.0369   0.1600   1.0000  44.9173 160.0000
  17.000   1.7311   0.07028   0.03731  -0.0369   0.1600   1.0000  44.9173 160.0000
  17.000   1.7311   0.07028   0.03731  -0.0369   0.1600   1.0000  44.9173 160.0000
  17.000   1.7311   0.07028   0.03731  -0.0369   0.1600   1.0000  44.9173 160.0000
  18.000   1.7100   0.08546   0.04792  -0.0406   0.1524   1.0000  45.6107 160.0000
  18.000   1.7100   0.08546   0.04792  -0.0406   0.1524   1.0000  45.6107 160.0000
  18.000   1.7100   0.08546   0.04792  -0.0406   0.1524   1.0000  45.6108 160.0000
  18.000   1.7100   0.08546   0.04792  -0.0406   0.1524   1.0000  45.6108 160.0000
  18.000   1.7100   0.08546   0.04792  -0.0406   0.1524   1.0000  45.6108 160.0000
  19.000   1.6916   0.10056   0.05917  -0.0449   0.1445   1.0000  46.3520 160.0000
  19.000   1.6916   0.10056   0.05917  -0.0449   0.1445   1.0000  46.3520 160.0000
  19.000   1.6916   0.10056   0.05917  -0.0449   0.1445   1.0000  46.3520 160.0000
  19.000   1.6916   0.10056   0.05917  -0.0449   0.1445   1.0000  46.3520 160.0000
  19.000   1.6916   0.10056   0.05917  -0.0449   0.1445   1.0000  46.3520 160.0000
