  
       XFOIL         Version 6.99
  
 Calculated polar for: ARA-D 20% AIRFOIL                               
  
 1 1 Reynolds number fixed          Mach number fixed         
  
 xtrf =   1.000 (top)        1.000 (bottom)  
 Mach =   0.000     Re =     0.375 e 6     Ncrit =   9.000  9.000
  
   alpha    CL        CD       CDp       CM     Top_Xtr  Bot_Xtr  Top_Itr  Bot_Itr
  ------ -------- --------- --------- -------- -------- -------- -------- --------
   0.000   0.3435   0.01307   0.00446  -0.0334   0.4025   0.7507  29.1215 146.7445
   0.000   0.3435   0.01307   0.00446  -0.0334   0.4025   0.7507  29.1215 146.7445
   0.000   0.3435   0.01307   0.00446  -0.0334   0.4025   0.7507  29.1215 146.7445
   0.000   0.3435   0.01307   0.00446  -0.0334   0.4025   0.7507  29.1215 146.7445
   0.000   0.3435   0.01307   0.00446  -0.0334   0.4025   0.7507  29.1215 146.7445
   1.000   0.4622   0.01327   0.00463  -0.0337   0.3840   0.8197  30.0857 149.7613
   1.000   0.4622   0.01327   0.00463  -0.0337   0.3840   0.8197  30.0857 149.7613
   1.000   0.4622   0.01327   0.00463  -0.0337   0.3840   0.8197  30.0857 149.7613
   1.000   0.4622   0.01327   0.00463  -0.0337   0.3840   0.8197  30.0857 149.7613
   1.000   0.4622   0.01327   0.00463  -0.0337   0.3840   0.8197  30.0857 149.7613
   2.000   0.5758   0.01349   0.00475  -0.0329   0.3655   0.8813  31.0811 152.6263
   2.000   0.5758   0.01349   0.00475  -0.0329   0.3655   0.8813  31.0811 152.6261
   2.000   0.5758   0.01349   0.00475  -0.0329   0.3655   0.8813  31.0811 152.6261
   2.000   0.5758   0.01349   0.00475  -0.0329   0.3655   0.8813  31.0811 152.6261
   2.000   0.5758   0.01349   0.00475  -0.0329   0.3655   0.8813  31.0811 152.6261
   3.000   0.6791   0.01360   0.00469  -0.0299   0.3475   0.9469  32.0859 156.1653
   3.000   0.6791   0.01360   0.00469  -0.0299   0.3475   0.9469  32.0859 156.1662
   3.000   0.6791   0.01360   0.00469  -0.0299   0.3475   0.9469  32.0859 156.1662
   3.000   0.6791   0.01360   0.00469  -0.0299   0.3475   0.9469  32.0859 156.1662
   3.000   0.6791   0.01360   0.00469  -0.0299   0.3475   0.9469  32.0859 156.1662
   4.000   0.8076   0.01384   0.00456  -0.0336   0.3285   1.0000  33.1747 160.0000
   4.000   0.8076   0.01384   0.00456  -0.0336   0.3285   1.0000  33.1747 160.0000
   4.000   0.8076   0.01384   0.00456  -0.0336   0.3285   1.0000  33.1747 160.0000
   4.000   0.8076   0.01384   0.00456  -0.0336   0.3285   1.0000  33.1747 160.0000
   4.000   0.8076   0.01384   0.00456  -0.0336   0.3285   1.0000  33.1747 160.0000
   5.000   0.9325   0.01468   0.00489  -0.0371   0.3103   1.0000  34.2512 160.0000
   5.000   0.9325   0.01468   0.00489  -0.0371   0.3103   1.0000  34.2512 160.0000
   5.000   0.9325   0.01468   0.00489  -0.0371   0.3103   1.0000  34.2512 160.0000
   5.000   0.9325   0.01468   0.00489  -0.0371   0.3103   1.0000  34.2512 160.0000
   5.000   0.9325   0.01468   0.00489  -0.0371   0.3103   1.0000  34.2512 160.0000
   6.000   1.0528   0.01566   0.00531  -0.0397   0.2931   1.0000  35.2906 160.0000
   6.000   1.0528   0.01566   0.00531  -0.0397   0.2931   1.0000  35.2906 160.0000
   6.000   1.0528   0.01566   0.00531  -0.0397   0.2931   1.0000  35.2906 160.0000
   6.000   1.0528   0.01566   0.00531  -0.0397   0.2931   1.0000  35.2906 160.0000
   6.000   1.0528   0.01566   0.00531  -0.0397   0.2931   1.0000  35.2906 160.0000
   7.000   1.1690   0.01680   0.00583  -0.0417   0.2773   1.0000  36.2814 160.0000
   7.000   1.1690   0.01680   0.00583  -0.0417   0.2773   1.0000  36.2814 160.0000
   7.000   1.1690   0.01680   0.00583  -0.0417   0.2773   1.0000  36.2814 160.0000
   7.000   1.1690   0.01680   0.00583  -0.0417   0.2773   1.0000  36.2814 160.0000
   7.000   1.1690   0.01680   0.00583  -0.0417   0.2773   1.0000  36.2814 160.0000
   8.000   1.2809   0.01812   0.00642  -0.0430   0.2627   1.0000  37.2201 160.0000
   8.000   1.2809   0.01812   0.00642  -0.0430   0.2626   1.0000  37.2204 160.0000
   8.000   1.2809   0.01812   0.00642  -0.0430   0.2626   1.0000  37.2204 160.0000
   8.000   1.2809   0.01812   0.00642  -0.0430   0.2626   1.0000  37.2204 160.0000
   8.000   1.2809   0.01812   0.00642  -0.0430   0.2626   1.0000  37.2204 160.0000
   9.000   1.3872   0.01965   0.00709  -0.0436   0.2491   1.0000  38.1155 160.0000
   9.000   1.3872   0.01965   0.00709  -0.0436   0.2491   1.0000  38.1155 160.0000
   9.000   1.3872   0.01965   0.00709  -0.0436   0.2491   1.0000  38.1155 160.0000
   9.000   1.3872   0.01965   0.00709  -0.0436   0.2491   1.0000  38.1155 160.0000
   9.000   1.3872   0.01965   0.00709  -0.0436   0.2491   1.0000  38.1155 160.0000
  10.000   1.4861   0.02143   0.00784  -0.0433   0.2363   1.0000  38.9850 160.0000
  10.000   1.4861   0.02143   0.00784  -0.0433   0.2363   1.0000  38.9850 160.0000
  10.000   1.4861   0.02143   0.00784  -0.0433   0.2363   1.0000  38.9850 160.0000
  10.000   1.4861   0.02143   0.00784  -0.0433   0.2363   1.0000  38.9850 160.0000
  10.000   1.4861   0.02143   0.00784  -0.0433   0.2363   1.0000  38.9850 160.0000
  11.000   1.5748   0.02331   0.00873  -0.0416   0.2252   1.0000  39.7677 160.0000
  11.000   1.5748   0.02331   0.00873  -0.0416   0.2252   1.0000  39.7677 160.0000
  11.000   1.5748   0.02331   0.00873  -0.0416   0.2252   1.0000  39.7677 160.0000
  11.000   1.5748   0.02331   0.00873  -0.0416   0.2252   1.0000  39.7677 160.0000
  11.000   1.5748   0.02331   0.00873  -0.0416   0.2252   1.0000  39.7677 160.0000
  12.000   1.6412   0.02598   0.00995  -0.0370   0.2148   1.0000  40.5164 160.0000
  12.000   1.6412   0.02598   0.00995  -0.0370   0.2148   1.0000  40.5164 160.0000
  12.000   1.6412   0.02598   0.00995  -0.0370   0.2148   1.0000  40.5164 160.0000
  12.000   1.6412   0.02598   0.00995  -0.0370   0.2148   1.0000  40.5164 160.0000
  12.000   1.6412   0.02598   0.00995  -0.0370   0.2148   1.0000  40.5164 160.0000
  13.000   1.6751   0.03039   0.01211  -0.0299   0.2057   1.0000  41.1882 160.0000
  13.000   1.6751   0.03039   0.01211  -0.0299   0.2057   1.0000  41.1882 160.0000
  13.000   1.6751   0.03039   0.01211  -0.0299   0.2057   1.0000  41.1882 160.0000
  13.000   1.6751   0.03039   0.01211  -0.0299   0.2057   1.0000  41.1882 160.0000
  13.000   1.6751   0.03039   0.01211  -0.0299   0.2057   1.0000  41.1882 160.0000
  14.000   1.7039   0.03698   0.01576  -0.0273   0.1966   1.0000  41.8809 160.0000
  14.000   1.7039   0.03698   0.01576  -0.0273   0.1966   1.0000  41.8811 160.0000
  14.000   1.7039   0.03698   0.01576  -0.0273   0.1966   1.0000  41.8811 160.0000
  14.000   1.7039   0.03698   0.01576  -0.0273   0.1966   1.0000  41.8811 160.0000
  14.000   1.7039   0.03698   0.01576  -0.0273   0.1966   1.0000  41.8811 160.0000
  15.000   1.7154   0.04679   0.02183  -0.0279   0.1878   1.0000  42.5752 160.0000
  15.000   1.7154   0.04679   0.02183  -0.0279   0.1878   1.0000  42.5752 160.0000
  15.000   1.7154   0.04679   0.02183  -0.0279   0.1878   1.0000  42.5752 160.0000
  15.000   1.7154   0.04679   0.02183  -0.0279   0.1878   1.0000  42.5752 160.0000
  15.000   1.7154   0.04679   0.02183  -0.0279   0.1878   1.0000  42.5752 160.0000
  16.000   1.7147   0.05826   0.02890  -0.0294   0.1794   1.0000  43.2615 160.0000
  16.000   1.7147   0.05826   0.02890  -0.0294   0.1794   1.0000  43.2615 160.0000
  16.000   1.7147   0.05826   0.02890  -0.0294   0.1794   1.0000  43.2615 160.0000
  16.000   1.7147   0.05826   0.02890  -0.0294   0.1794   1.0000  43.2615 160.0000
  16.000   1.7147   0.05826   0.02890  -0.0294   0.1794   1.0000  43.2615 160.0000
  17.000   1.7181   0.06932   0.03552  -0.0312   0.1708   1.0000  43.9742 160.0000
  17.000   1.7181   0.06932   0.03552  -0.0312   0.1708   1.0000  43.9743 160.0000
  17.000   1.7181   0.06932   0.03552  -0.0312   0.1708   1.0000  43.9743 160.0000
  17.000   1.7181   0.06932   0.03552  -0.0312   0.1708   1.0000  43.9743 160.0000
  17.000   1.7181   0.06932   0.03552  -0.0312   0.1708   1.0000  43.9743 160.0000
  18.000   1.6837   0.08646   0.04809  -0.0364   0.1624   1.0000  44.7071 160.0000
  18.000   1.6837   0.08646   0.04809  -0.0364   0.1624   1.0000  44.7072 160.0000
  18.000   1.6837   0.08646   0.04809  -0.0364   0.1624   1.0000  44.7072 160.0000
  18.000   1.6837   0.08646   0.04809  -0.0364   0.1624   1.0000  44.7072 160.0000
  18.000   1.6837   0.08646   0.04809  -0.0364   0.1624   1.0000  44.7072 160.0000
  19.000   1.6597   0.10256   0.06077  -0.0417   0.1539   1.0000  45.4660 160.0000
  19.000   1.6597   0.10256   0.06077  -0.0417   0.1539   1.0000  45.4660 160.0000
  19.000   1.6597   0.10256   0.06077  -0.0417   0.1539   1.0000  45.4660 160.0000
  19.000   1.6597   0.10256   0.06077  -0.0417   0.1539   1.0000  45.4660 160.0000
  19.000   1.6597   0.10256   0.06077  -0.0417   0.1539   1.0000  45.4660 160.0000
