  
       XFOIL         Version 6.99
  
 Calculated polar for: ARA-D 20% AIRFOIL                               
  
 1 1 Reynolds number fixed          Mach number fixed         
  
 xtrf =   1.000 (top)        1.000 (bottom)  
 Mach =   0.000     Re =     0.500 e 6     Ncrit =   9.000  9.000
  
   alpha    CL        CD       CDp       CM     Top_Xtr  Bot_Xtr  Top_Itr  Bot_Itr
  ------ -------- --------- --------- -------- -------- -------- -------- --------
   0.000   0.3489   0.01171   0.00363  -0.0347   0.3894   0.7173  29.8050 145.3042
   0.000   0.3489   0.01171   0.00363  -0.0347   0.3894   0.7173  29.8050 145.3042
   0.000   0.3489   0.01171   0.00363  -0.0347   0.3894   0.7173  29.8050 145.3042
   0.000   0.3489   0.01171   0.00363  -0.0347   0.3894   0.7173  29.8050 145.3042
   0.000   0.3489   0.01171   0.00363  -0.0347   0.3894   0.7173  29.8050 145.3042
   1.000   0.4705   0.01185   0.00379  -0.0358   0.3709   0.7878  30.7906 148.3561
   1.000   0.4705   0.01185   0.00379  -0.0358   0.3709   0.7878  30.7906 148.3561
   1.000   0.4705   0.01185   0.00379  -0.0358   0.3709   0.7878  30.7906 148.3561
   1.000   0.4705   0.01185   0.00379  -0.0358   0.3709   0.7878  30.7906 148.3561
   1.000   0.4705   0.01185   0.00379  -0.0358   0.3709   0.7878  30.7906 148.3561
   2.000   0.5897   0.01211   0.00395  -0.0365   0.3521   0.8491  31.8251 151.0979
   2.000   0.5897   0.01211   0.00395  -0.0365   0.3521   0.8491  31.8267 151.0979
   2.000   0.5897   0.01211   0.00395  -0.0365   0.3521   0.8491  31.8267 151.0979
   2.000   0.5897   0.01211   0.00395  -0.0365   0.3521   0.8491  31.8267 151.0979
   2.000   0.5897   0.01211   0.00395  -0.0365   0.3521   0.8491  31.8267 151.0979
   3.000   0.7030   0.01243   0.00409  -0.0359   0.3335   0.9072  32.8868 153.9322
   3.000   0.7030   0.01243   0.00409  -0.0359   0.3335   0.9072  32.8868 153.9322
   3.000   0.7030   0.01243   0.00409  -0.0359   0.3335   0.9072  32.8868 153.9322
   3.000   0.7030   0.01243   0.00409  -0.0359   0.3335   0.9072  32.8868 153.9322
   3.000   0.7030   0.01243   0.00409  -0.0359   0.3335   0.9072  32.8868 153.9322
   4.000   0.8090   0.01258   0.00400  -0.0339   0.3155   0.9777  33.9345 158.1825
   4.000   0.8090   0.01258   0.00400  -0.0339   0.3155   0.9777  33.9345 158.1825
   4.000   0.8090   0.01258   0.00400  -0.0339   0.3155   0.9777  33.9345 158.1825
   4.000   0.8090   0.01258   0.00400  -0.0339   0.3155   0.9777  33.9345 158.1825
   4.000   0.8090   0.01258   0.00400  -0.0339   0.3155   0.9777  33.9345 158.1825
   5.000   0.9380   0.01325   0.00417  -0.0382   0.2974   1.0000  35.0264 160.0000
   5.000   0.9380   0.01325   0.00417  -0.0382   0.2974   1.0000  35.0264 160.0000
   5.000   0.9380   0.01325   0.00417  -0.0382   0.2974   1.0000  35.0264 160.0000
   5.000   0.9380   0.01325   0.00417  -0.0382   0.2974   1.0000  35.0264 160.0000
   5.000   0.9380   0.01325   0.00417  -0.0382   0.2974   1.0000  35.0264 160.0000
   6.000   1.0599   0.01416   0.00455  -0.0410   0.2809   1.0000  36.0531 160.0000
   6.000   1.0599   0.01416   0.00455  -0.0410   0.2808   1.0000  36.0540 160.0000
   6.000   1.0599   0.01416   0.00455  -0.0410   0.2808   1.0000  36.0540 160.0000
   6.000   1.0599   0.01416   0.00455  -0.0410   0.2808   1.0000  36.0540 160.0000
   6.000   1.0599   0.01416   0.00455  -0.0410   0.2808   1.0000  36.0540 160.0000
   7.000   1.1777   0.01521   0.00501  -0.0432   0.2653   1.0000  37.0432 160.0000
   7.000   1.1777   0.01521   0.00501  -0.0432   0.2653   1.0000  37.0432 160.0000
   7.000   1.1777   0.01521   0.00501  -0.0432   0.2653   1.0000  37.0432 160.0000
   7.000   1.1777   0.01521   0.00501  -0.0432   0.2653   1.0000  37.0432 160.0000
   7.000   1.1777   0.01521   0.00501  -0.0432   0.2653   1.0000  37.0432 160.0000
   9.000   1.4011   0.01764   0.00609  -0.0459   0.2382   1.0000  38.8567 160.0000
   9.000   1.4011   0.01764   0.00609  -0.0459   0.2382   1.0000  38.8567 160.0000
   9.000   1.4011   0.01764   0.00609  -0.0459   0.2382   1.0000  38.8567 160.0000
   9.000   1.4011   0.01764   0.00609  -0.0459   0.2382   1.0000  38.8567 160.0000
   9.000   1.4011   0.01764   0.00609  -0.0459   0.2382   1.0000  38.8567 160.0000
  10.000   1.5046   0.01910   0.00675  -0.0461   0.2262   1.0000  39.6924 160.0000
  10.000   1.5046   0.01910   0.00675  -0.0461   0.2262   1.0000  39.6924 160.0000
  10.000   1.5046   0.01910   0.00675  -0.0461   0.2262   1.0000  39.6924 160.0000
  10.000   1.5046   0.01910   0.00675  -0.0461   0.2262   1.0000  39.6924 160.0000
  10.000   1.5046   0.01910   0.00675  -0.0461   0.2262   1.0000  39.6924 160.0000
  11.000   1.5979   0.02091   0.00753  -0.0450   0.2151   1.0000  40.4944 160.0000
  11.000   1.5979   0.02091   0.00753  -0.0450   0.2151   1.0000  40.4945 160.0000
  11.000   1.5979   0.02091   0.00753  -0.0450   0.2151   1.0000  40.4945 160.0000
  11.000   1.5979   0.02091   0.00753  -0.0450   0.2151   1.0000  40.4945 160.0000
  11.000   1.5979   0.02091   0.00753  -0.0450   0.2151   1.0000  40.4945 160.0000
  12.000   1.6723   0.02332   0.00856  -0.0413   0.2049   1.0000  41.2491 160.0000
  12.000   1.6723   0.02332   0.00856  -0.0413   0.2049   1.0000  41.2491 160.0000
  12.000   1.6723   0.02332   0.00856  -0.0413   0.2049   1.0000  41.2491 160.0000
  12.000   1.6723   0.02332   0.00856  -0.0413   0.2049   1.0000  41.2491 160.0000
  12.000   1.6723   0.02332   0.00856  -0.0413   0.2049   1.0000  41.2491 160.0000
  13.000   1.7059   0.02748   0.01054  -0.0335   0.1957   1.0000  41.9566 160.0000
  13.000   1.7059   0.02748   0.01054  -0.0335   0.1957   1.0000  41.9566 160.0000
  13.000   1.7059   0.02748   0.01054  -0.0335   0.1957   1.0000  41.9566 160.0000
  13.000   1.7059   0.02748   0.01054  -0.0335   0.1957   1.0000  41.9566 160.0000
  13.000   1.7059   0.02748   0.01054  -0.0335   0.1957   1.0000  41.9566 160.0000
  14.000   1.7397   0.03384   0.01421  -0.0310   0.1873   1.0000  42.6156 160.0000
  14.000   1.7397   0.03384   0.01421  -0.0310   0.1873   1.0000  42.6155 160.0000
  14.000   1.7397   0.03384   0.01421  -0.0310   0.1873   1.0000  42.6155 160.0000
  14.000   1.7397   0.03384   0.01421  -0.0310   0.1873   1.0000  42.6155 160.0000
  14.000   1.7397   0.03384   0.01421  -0.0310   0.1873   1.0000  42.6155 160.0000
  15.000   1.7504   0.04405   0.02043  -0.0317   0.1791   1.0000  43.2861 160.0000
  15.000   1.7504   0.04405   0.02043  -0.0317   0.1791   1.0000  43.2862 160.0000
  15.000   1.7504   0.04405   0.02043  -0.0317   0.1791   1.0000  43.2862 160.0000
  15.000   1.7504   0.04405   0.02043  -0.0317   0.1791   1.0000  43.2862 160.0000
  15.000   1.7504   0.04405   0.02043  -0.0317   0.1791   1.0000  43.2862 160.0000
  16.000   1.7432   0.05636   0.02797  -0.0331   0.1704   1.0000  44.0054 160.0000
  16.000   1.7432   0.05636   0.02797  -0.0331   0.1704   1.0000  44.0054 160.0000
  16.000   1.7432   0.05636   0.02797  -0.0331   0.1704   1.0000  44.0054 160.0000
  16.000   1.7432   0.05636   0.02797  -0.0331   0.1704   1.0000  44.0054 160.0000
  16.000   1.7432   0.05636   0.02797  -0.0331   0.1704   1.0000  44.0054 160.0000
  17.000   1.7213   0.07108   0.03785  -0.0361   0.1628   1.0000  44.6752 160.0000
  17.000   1.7213   0.07108   0.03785  -0.0361   0.1628   1.0000  44.6752 160.0000
  17.000   1.7213   0.07108   0.03785  -0.0361   0.1628   1.0000  44.6752 160.0000
  17.000   1.7213   0.07108   0.03785  -0.0361   0.1628   1.0000  44.6752 160.0000
  17.000   1.7213   0.07108   0.03785  -0.0361   0.1628   1.0000  44.6752 160.0000
  18.000   1.7034   0.08568   0.04793  -0.0396   0.1548   1.0000  45.3879 160.0000
  18.000   1.7034   0.08568   0.04793  -0.0396   0.1548   1.0000  45.3880 160.0000
  18.000   1.7034   0.08568   0.04793  -0.0396   0.1548   1.0000  45.3880 160.0000
  18.000   1.7034   0.08568   0.04793  -0.0396   0.1548   1.0000  45.3880 160.0000
  18.000   1.7034   0.08568   0.04793  -0.0396   0.1548   1.0000  45.3880 160.0000
  19.000   1.6927   0.09966   0.05807  -0.0437   0.1468   1.0000  46.1301 160.0000
  19.000   1.6927   0.09966   0.05807  -0.0437   0.1468   1.0000  46.1301 160.0000
  19.000   1.6927   0.09966   0.05807  -0.0437   0.1468   1.0000  46.1301 160.0000
  19.000   1.6927   0.09966   0.05807  -0.0437   0.1468   1.0000  46.1301 160.0000
  19.000   1.6927   0.09966   0.05807  -0.0437   0.1468   1.0000  46.1301 160.0000
