  
       XFOIL         Version 6.99
  
 Calculated polar for: ARA-D 20% AIRFOIL                               
  
 1 1 Reynolds number fixed          Mach number fixed         
  
 xtrf =   1.000 (top)        1.000 (bottom)  
 Mach =   0.000     Re =     0.400 e 6     Ncrit =   9.000  9.000
  
   alpha    CL        CD       CDp       CM     Top_Xtr  Bot_Xtr  Top_Itr  Bot_Itr
  ------ -------- --------- --------- -------- -------- -------- -------- --------
   0.000   0.3449   0.01271   0.00426  -0.0337   0.3995   0.7429  29.2796 146.4091
   0.000   0.3449   0.01271   0.00426  -0.0337   0.3995   0.7429  29.2796 146.4091
   0.000   0.3449   0.01271   0.00426  -0.0337   0.3995   0.7429  29.2796 146.4091
   0.000   0.3449   0.01271   0.00426  -0.0337   0.3995   0.7429  29.2796 146.4091
   0.000   0.3449   0.01271   0.00426  -0.0337   0.3995   0.7429  29.2796 146.4091
   1.000   0.4644   0.01289   0.00443  -0.0342   0.3811   0.8121  30.2446 149.4247
   1.000   0.4644   0.01289   0.00443  -0.0342   0.3811   0.8120  30.2446 149.4230
   1.000   0.4644   0.01289   0.00443  -0.0342   0.3811   0.8120  30.2446 149.4230
   1.000   0.4644   0.01289   0.00443  -0.0342   0.3811   0.8120  30.2446 149.4230
   1.000   0.4644   0.01289   0.00443  -0.0342   0.3811   0.8120  30.2446 149.4230
   2.000   0.5797   0.01313   0.00457  -0.0339   0.3625   0.8736  31.2485 152.2533
   2.000   0.5797   0.01313   0.00457  -0.0339   0.3625   0.8736  31.2485 152.2533
   2.000   0.5797   0.01313   0.00457  -0.0339   0.3625   0.8736  31.2485 152.2533
   2.000   0.5797   0.01313   0.00457  -0.0339   0.3625   0.8736  31.2485 152.2533
   2.000   0.5797   0.01313   0.00457  -0.0339   0.3625   0.8736  31.2485 152.2533
   3.000   0.6851   0.01329   0.00457  -0.0314   0.3444   0.9366  32.2631 155.5561
   3.000   0.6851   0.01329   0.00457  -0.0314   0.3444   0.9366  32.2630 155.5565
   3.000   0.6851   0.01329   0.00457  -0.0314   0.3444   0.9366  32.2630 155.5565
   3.000   0.6851   0.01329   0.00457  -0.0314   0.3444   0.9366  32.2630 155.5565
   3.000   0.6851   0.01329   0.00457  -0.0314   0.3444   0.9366  32.2630 155.5565
   4.000   0.8086   0.01345   0.00438  -0.0337   0.3256   1.0000  33.3463 160.0000
   4.000   0.8086   0.01345   0.00438  -0.0337   0.3256   1.0000  33.3463 160.0000
   4.000   0.8086   0.01345   0.00438  -0.0337   0.3256   1.0000  33.3463 160.0000
   4.000   0.8086   0.01345   0.00438  -0.0337   0.3256   1.0000  33.3463 160.0000
   4.000   0.8086   0.01345   0.00438  -0.0337   0.3256   1.0000  33.3463 160.0000
   5.000   0.9340   0.01428   0.00470  -0.0374   0.3074   1.0000  34.4253 160.0000
   5.000   0.9340   0.01428   0.00470  -0.0374   0.3074   1.0000  34.4254 160.0000
   5.000   0.9340   0.01428   0.00470  -0.0374   0.3074   1.0000  34.4254 160.0000
   5.000   0.9340   0.01428   0.00470  -0.0374   0.3074   1.0000  34.4254 160.0000
   5.000   0.9340   0.01428   0.00470  -0.0374   0.3074   1.0000  34.4254 160.0000
   6.000   1.0546   0.01525   0.00511  -0.0400   0.2903   1.0000  35.4640 160.0000
   6.000   1.0546   0.01525   0.00511  -0.0400   0.2903   1.0000  35.4640 160.0000
   6.000   1.0546   0.01525   0.00511  -0.0400   0.2903   1.0000  35.4640 160.0000
   6.000   1.0546   0.01525   0.00511  -0.0400   0.2903   1.0000  35.4640 160.0000
   6.000   1.0546   0.01525   0.00511  -0.0400   0.2903   1.0000  35.4640 160.0000
   7.000   1.1713   0.01636   0.00561  -0.0420   0.2746   1.0000  36.4536 160.0000
   7.000   1.1713   0.01636   0.00561  -0.0420   0.2746   1.0000  36.4537 160.0000
   7.000   1.1713   0.01636   0.00561  -0.0420   0.2746   1.0000  36.4537 160.0000
   7.000   1.1713   0.01636   0.00561  -0.0420   0.2746   1.0000  36.4537 160.0000
   7.000   1.1713   0.01636   0.00561  -0.0420   0.2746   1.0000  36.4537 160.0000
   8.000   1.2837   0.01763   0.00619  -0.0435   0.2600   1.0000  37.3923 160.0000
   8.000   1.2837   0.01763   0.00619  -0.0435   0.2600   1.0000  37.3923 160.0000
   8.000   1.2837   0.01763   0.00619  -0.0435   0.2600   1.0000  37.3923 160.0000
   8.000   1.2837   0.01763   0.00619  -0.0435   0.2600   1.0000  37.3923 160.0000
   8.000   1.2837   0.01763   0.00619  -0.0435   0.2600   1.0000  37.3923 160.0000
   9.000   1.3906   0.01911   0.00685  -0.0442   0.2467   1.0000  38.2811 160.0000
   9.000   1.3906   0.01911   0.00685  -0.0442   0.2467   1.0000  38.2811 160.0000
   9.000   1.3906   0.01911   0.00685  -0.0442   0.2467   1.0000  38.2811 160.0000
   9.000   1.3906   0.01911   0.00685  -0.0442   0.2467   1.0000  38.2811 160.0000
   9.000   1.3906   0.01911   0.00685  -0.0442   0.2467   1.0000  38.2811 160.0000
  10.000   1.4900   0.02085   0.00760  -0.0439   0.2342   1.0000  39.1306 160.0000
  10.000   1.4900   0.02085   0.00760  -0.0439   0.2342   1.0000  39.1308 160.0000
  10.000   1.4900   0.02085   0.00760  -0.0439   0.2342   1.0000  39.1308 160.0000
  10.000   1.4900   0.02085   0.00760  -0.0439   0.2342   1.0000  39.1308 160.0000
  10.000   1.4900   0.02085   0.00760  -0.0439   0.2342   1.0000  39.1308 160.0000
  11.000   1.5781   0.02288   0.00843  -0.0421   0.2226   1.0000  39.9515 160.0000
  11.000   1.5781   0.02288   0.00843  -0.0421   0.2226   1.0000  39.9516 160.0000
  11.000   1.5781   0.02288   0.00843  -0.0421   0.2226   1.0000  39.9516 160.0000
  11.000   1.5781   0.02288   0.00843  -0.0421   0.2226   1.0000  39.9516 160.0000
  11.000   1.5781   0.02288   0.00843  -0.0421   0.2226   1.0000  39.9516 160.0000
  12.000   1.6474   0.02532   0.00957  -0.0378   0.2125   1.0000  40.6843 160.0000
  12.000   1.6474   0.02532   0.00957  -0.0378   0.2125   1.0000  40.6843 160.0000
  12.000   1.6474   0.02532   0.00957  -0.0378   0.2125   1.0000  40.6843 160.0000
  12.000   1.6474   0.02532   0.00957  -0.0378   0.2125   1.0000  40.6843 160.0000
  12.000   1.6474   0.02532   0.00957  -0.0378   0.2125   1.0000  40.6843 160.0000
  13.000   1.6810   0.02973   0.01182  -0.0307   0.2035   1.0000  41.3599 160.0000
  13.000   1.6810   0.02973   0.01182  -0.0307   0.2035   1.0000  41.3599 160.0000
  13.000   1.6810   0.02973   0.01182  -0.0307   0.2035   1.0000  41.3599 160.0000
  13.000   1.6810   0.02973   0.01182  -0.0307   0.2035   1.0000  41.3599 160.0000
  13.000   1.6810   0.02973   0.01182  -0.0307   0.2035   1.0000  41.3599 160.0000
  14.000   1.7098   0.03638   0.01541  -0.0279   0.1944   1.0000  42.0526 160.0000
  14.000   1.7098   0.03638   0.01541  -0.0279   0.1944   1.0000  42.0527 160.0000
  14.000   1.7098   0.03638   0.01541  -0.0279   0.1944   1.0000  42.0527 160.0000
  14.000   1.7098   0.03638   0.01541  -0.0279   0.1944   1.0000  42.0527 160.0000
  14.000   1.7098   0.03638   0.01541  -0.0279   0.1944   1.0000  42.0527 160.0000
  15.000   1.7226   0.04622   0.02152  -0.0288   0.1859   1.0000  42.7336 160.0000
  15.000   1.7226   0.04622   0.02152  -0.0288   0.1859   1.0000  42.7337 160.0000
  15.000   1.7226   0.04622   0.02152  -0.0288   0.1859   1.0000  42.7337 160.0000
  15.000   1.7226   0.04622   0.02152  -0.0288   0.1859   1.0000  42.7337 160.0000
  15.000   1.7226   0.04622   0.02152  -0.0288   0.1859   1.0000  42.7337 160.0000
  16.000   1.7180   0.05829   0.02912  -0.0306   0.1773   1.0000  43.4328 160.0000
  16.000   1.7180   0.05829   0.02912  -0.0306   0.1773   1.0000  43.4328 160.0000
  16.000   1.7180   0.05829   0.02912  -0.0306   0.1773   1.0000  43.4328 160.0000
  16.000   1.7180   0.05829   0.02912  -0.0306   0.1773   1.0000  43.4328 160.0000
  16.000   1.7180   0.05829   0.02912  -0.0306   0.1773   1.0000  43.4328 160.0000
  17.000   1.7124   0.07054   0.03679  -0.0327   0.1691   1.0000  44.1219 160.0000
  17.000   1.7124   0.07055   0.03679  -0.0327   0.1691   1.0000  44.1220 160.0000
  17.000   1.7124   0.07055   0.03679  -0.0327   0.1691   1.0000  44.1220 160.0000
  17.000   1.7124   0.07055   0.03679  -0.0327   0.1691   1.0000  44.1220 160.0000
  17.000   1.7124   0.07055   0.03679  -0.0327   0.1691   1.0000  44.1220 160.0000
  18.000   1.6965   0.08504   0.04683  -0.0367   0.1607   1.0000  44.8534 160.0000
  18.000   1.6965   0.08504   0.04683  -0.0367   0.1607   1.0000  44.8535 160.0000
  18.000   1.6965   0.08504   0.04683  -0.0367   0.1607   1.0000  44.8535 160.0000
  18.000   1.6965   0.08504   0.04683  -0.0367   0.1607   1.0000  44.8535 160.0000
  18.000   1.6965   0.08504   0.04683  -0.0367   0.1607   1.0000  44.8535 160.0000
  19.000   1.6694   0.10163   0.05986  -0.0422   0.1523   1.0000  45.6184 160.0000
  19.000   1.6694   0.10163   0.05986  -0.0422   0.1523   1.0000  45.6184 160.0000
  19.000   1.6694   0.10163   0.05986  -0.0422   0.1523   1.0000  45.6184 160.0000
  19.000   1.6694   0.10163   0.05986  -0.0422   0.1523   1.0000  45.6184 160.0000
  19.000   1.6694   0.10163   0.05986  -0.0422   0.1523   1.0000  45.6184 160.0000
