  
       XFOIL         Version 6.99
  
 Calculated polar for: WORTMANN FX 77-W-258 AIRFOIL                    
  
 1 1 Reynolds number fixed          Mach number fixed         
  
 xtrf =   1.000 (top)        1.000 (bottom)  
 Mach =   0.000     Re =     0.550 e 6     Ncrit =   9.000  9.000
  
   alpha    CL        CD       CDp       CM     Top_Xtr  Bot_Xtr  Top_Itr  Bot_Itr
  ------ -------- --------- --------- -------- -------- -------- -------- --------
   0.000   0.3931   0.01617   0.00780  -0.0489   0.4209   0.6602  60.6360 257.7004
   0.000   0.3931   0.01617   0.00780  -0.0489   0.4209   0.6602  60.6360 257.6997
   0.000   0.3931   0.01617   0.00780  -0.0489   0.4209   0.6602  60.6360 257.6997
   0.000   0.3931   0.01617   0.00780  -0.0489   0.4209   0.6602  60.6360 257.6997
   0.000   0.3931   0.01617   0.00780  -0.0489   0.4209   0.6602  60.6360 257.6997
   1.000   0.5161   0.01719   0.00847  -0.0509   0.4175   0.6753  60.9651 258.9416
   1.000   0.5161   0.01719   0.00847  -0.0509   0.4175   0.6753  60.9651 258.9416
   1.000   0.5161   0.01719   0.00847  -0.0509   0.4175   0.6753  60.9651 258.9416
   1.000   0.5161   0.01719   0.00847  -0.0509   0.4175   0.6753  60.9651 258.9416
   1.000   0.5161   0.01719   0.00847  -0.0509   0.4175   0.6753  60.9651 258.9416
   2.000   0.6382   0.01750   0.00891  -0.0536   0.4130   0.6807  61.4039 259.3787
   2.000   0.6382   0.01750   0.00891  -0.0536   0.4130   0.6807  61.4039 259.3787
   2.000   0.6382   0.01750   0.00891  -0.0536   0.4130   0.6807  61.4039 259.3787
   2.000   0.6382   0.01750   0.00891  -0.0536   0.4130   0.6807  61.4039 259.3787
   2.000   0.6382   0.01750   0.00891  -0.0536   0.4130   0.6807  61.4039 259.3787
   3.000   0.7635   0.01763   0.00874  -0.0572   0.4087   0.6858  61.8230 259.8040
   3.000   0.7635   0.01763   0.00874  -0.0572   0.4087   0.6858  61.8230 259.8039
   3.000   0.7635   0.01763   0.00874  -0.0572   0.4087   0.6858  61.8230 259.8039
   3.000   0.7635   0.01763   0.00874  -0.0572   0.4087   0.6858  61.8230 259.8039
   3.000   0.7635   0.01763   0.00874  -0.0572   0.4087   0.6858  61.8230 259.8039
   4.000   0.8863   0.01799   0.00884  -0.0607   0.4043   0.6902  62.2749 260.1593
   4.000   0.8863   0.01799   0.00884  -0.0607   0.4043   0.6902  62.2750 260.1594
   4.000   0.8863   0.01799   0.00884  -0.0607   0.4043   0.6902  62.2750 260.1594
   4.000   0.8863   0.01799   0.00884  -0.0607   0.4043   0.6902  62.2750 260.1594
   4.000   0.8863   0.01799   0.00884  -0.0607   0.4043   0.6902  62.2750 260.1594
   5.000   1.0072   0.01821   0.00882  -0.0636   0.3995   0.6947  62.7656 260.5278
   5.000   1.0072   0.01821   0.00882  -0.0636   0.3995   0.6947  62.7656 260.5278
   5.000   1.0072   0.01821   0.00882  -0.0636   0.3995   0.6947  62.7656 260.5278
   5.000   1.0072   0.01821   0.00882  -0.0636   0.3995   0.6947  62.7656 260.5278
   5.000   1.0072   0.01821   0.00882  -0.0636   0.3995   0.6947  62.7656 260.5278
   6.000   1.1279   0.01873   0.00885  -0.0669   0.3952   0.6991  63.2183 260.8865
   6.000   1.1279   0.01873   0.00885  -0.0669   0.3952   0.6991  63.2183 260.8865
   6.000   1.1279   0.01873   0.00885  -0.0669   0.3952   0.6991  63.2183 260.8865
   6.000   1.1279   0.01873   0.00885  -0.0669   0.3952   0.6991  63.2183 260.8865
   6.000   1.1279   0.01873   0.00885  -0.0669   0.3952   0.6991  63.2183 260.8865
   7.000   1.2453   0.01915   0.00895  -0.0698   0.3905   0.7023  63.7128 261.1472
   7.000   1.2453   0.01915   0.00895  -0.0698   0.3905   0.7023  63.7128 261.1473
   7.000   1.2453   0.01915   0.00895  -0.0698   0.3905   0.7023  63.7128 261.1473
   7.000   1.2453   0.01915   0.00895  -0.0698   0.3905   0.7023  63.7128 261.1473
   7.000   1.2453   0.01915   0.00895  -0.0698   0.3905   0.7023  63.7128 261.1473
   8.000   1.3610   0.01973   0.00897  -0.0724   0.3861   0.7058  64.1871 261.4402
   8.000   1.3610   0.01973   0.00897  -0.0724   0.3861   0.7058  64.1871 261.4402
   8.000   1.3610   0.01973   0.00897  -0.0724   0.3861   0.7058  64.1871 261.4402
   8.000   1.3610   0.01973   0.00897  -0.0724   0.3861   0.7058  64.1871 261.4402
   8.000   1.3610   0.01973   0.00897  -0.0724   0.3861   0.7058  64.1871 261.4402
   9.000   1.4732   0.02007   0.00872  -0.0745   0.3804   0.7095  64.8094 261.7392
   9.000   1.4732   0.02007   0.00872  -0.0745   0.3804   0.7095  64.8094 261.7390
   9.000   1.4732   0.02007   0.00872  -0.0745   0.3804   0.7095  64.8094 261.7390
   9.000   1.4732   0.02007   0.00872  -0.0745   0.3804   0.7095  64.8094 261.7390
   9.000   1.4732   0.02007   0.00872  -0.0745   0.3804   0.7095  64.8094 261.7390
  10.000   1.5774   0.02057   0.00838  -0.0756   0.3734   0.7129  65.5932 262.0113
  10.000   1.5774   0.02057   0.00838  -0.0756   0.3734   0.7129  65.5932 262.0112
  10.000   1.5774   0.02057   0.00838  -0.0756   0.3734   0.7129  65.5932 262.0112
  10.000   1.5774   0.02057   0.00838  -0.0756   0.3734   0.7129  65.5932 262.0112
  10.000   1.5774   0.02057   0.00838  -0.0756   0.3734   0.7129  65.5932 262.0112
  11.000   1.6745   0.02117   0.00807  -0.0758   0.3670   0.7162  66.3300 262.2881
  11.000   1.6745   0.02117   0.00807  -0.0758   0.3670   0.7162  66.3301 262.2881
  11.000   1.6745   0.02117   0.00807  -0.0758   0.3670   0.7162  66.3301 262.2881
  11.000   1.6745   0.02117   0.00807  -0.0758   0.3670   0.7162  66.3301 262.2881
  11.000   1.6745   0.02117   0.00807  -0.0758   0.3670   0.7162  66.3301 262.2881
  12.000   1.7600   0.02202   0.00765  -0.0743   0.3605   0.7201  67.0871 262.6010
  12.000   1.7600   0.02202   0.00765  -0.0743   0.3605   0.7201  67.0871 262.6011
  12.000   1.7600   0.02202   0.00765  -0.0743   0.3605   0.7201  67.0871 262.6011
  12.000   1.7600   0.02202   0.00765  -0.0743   0.3605   0.7201  67.0871 262.6011
  12.000   1.7600   0.02202   0.00765  -0.0743   0.3605   0.7201  67.0871 262.6011
  13.000   1.8079   0.02423   0.00774  -0.0691   0.3528   0.7238  68.0015 262.9015
  13.000   1.8079   0.02423   0.00774  -0.0691   0.3528   0.7238  68.0015 262.9004
  13.000   1.8079   0.02423   0.00774  -0.0691   0.3528   0.7238  68.0015 262.9003
  13.000   1.8079   0.02423   0.00774  -0.0691   0.3528   0.7238  68.0015 262.9003
  13.000   1.8079   0.02423   0.00774  -0.0691   0.3528   0.7238  68.0015 262.9003
  14.000   1.8231   0.03072   0.01036  -0.0668   0.3416   0.7272  69.3684 263.1819
  14.000   1.8231   0.03072   0.01036  -0.0668   0.3416   0.7272  69.3685 263.1818
  14.000   1.8231   0.03072   0.01036  -0.0668   0.3416   0.7272  69.3685 263.1818
  14.000   1.8231   0.03072   0.01036  -0.0668   0.3416   0.7272  69.3685 263.1818
  14.000   1.8231   0.03072   0.01036  -0.0668   0.3416   0.7272  69.3685 263.1818
  15.000   1.8194   0.04069   0.01478  -0.0667   0.3284   0.7311  71.0044 263.5001
  15.000   1.8194   0.04069   0.01478  -0.0667   0.3284   0.7311  71.0044 263.5002
  15.000   1.8194   0.04069   0.01478  -0.0667   0.3284   0.7311  71.0044 263.5003
  15.000   1.8194   0.04069   0.01478  -0.0667   0.3284   0.7311  71.0044 263.5003
  15.000   1.8194   0.04069   0.01478  -0.0667   0.3284   0.7311  71.0044 263.5003
  16.000   1.7218   0.06101   0.02645  -0.0664   0.3097   0.7342  73.3331 263.7587
  16.000   1.7218   0.06101   0.02645  -0.0664   0.3097   0.7342  73.3331 263.7588
  16.000   1.7218   0.06101   0.02645  -0.0664   0.3097   0.7342  73.3331 263.7589
  16.000   1.7218   0.06101   0.02645  -0.0664   0.3097   0.7342  73.3331 263.7589
  16.000   1.7218   0.06101   0.02645  -0.0664   0.3097   0.7342  73.3331 263.7589
  18.000   1.5918   0.09873   0.05227  -0.0700   0.2666   0.7403  78.8969 264.2599
  18.000   1.5918   0.09873   0.05227  -0.0700   0.2666   0.7403  78.8969 264.2594
  18.000   1.5918   0.09873   0.05227  -0.0700   0.2666   0.7403  78.8969 264.2593
  18.000   1.5918   0.09873   0.05227  -0.0700   0.2666   0.7403  78.8969 264.2592
  18.000   1.5918   0.09873   0.05227  -0.0700   0.2666   0.7403  78.8969 264.2592
  19.000   1.5743   0.11275   0.06345  -0.0730   0.2453   0.7446  81.7065 264.6204
  19.000   1.5743   0.11276   0.06345  -0.0730   0.2453   0.7446  81.7066 264.6196
  19.000   1.5743   0.11276   0.06345  -0.0730   0.2453   0.7446  81.7066 264.6195
  19.000   1.5743   0.11276   0.06345  -0.0730   0.2453   0.7446  81.7066 264.6194
  19.000   1.5743   0.11276   0.06345  -0.0730   0.2453   0.7446  81.7066 264.6194
