  
       XFOIL         Version 6.99
  
 Calculated polar for: WORTMANN FX 77-W-258 AIRFOIL                    
  
 1 1 Reynolds number fixed          Mach number fixed         
  
 xtrf =   1.000 (top)        1.000 (bottom)  
 Mach =   0.000     Re =     0.525 e 6     Ncrit =   9.000  9.000
  
   alpha    CL        CD       CDp       CM     Top_Xtr  Bot_Xtr  Top_Itr  Bot_Itr
  ------ -------- --------- --------- -------- -------- -------- -------- --------
   0.000   0.3921   0.01673   0.00818  -0.0487   0.4223   0.6636  60.5073 257.9818
   0.000   0.3921   0.01673   0.00818  -0.0487   0.4223   0.6636  60.5073 257.9820
   0.000   0.3921   0.01673   0.00818  -0.0487   0.4223   0.6636  60.5073 257.9820
   0.000   0.3921   0.01673   0.00818  -0.0487   0.4223   0.6636  60.5073 257.9820
   0.000   0.3921   0.01673   0.00818  -0.0487   0.4223   0.6636  60.5073 257.9820
   1.000   0.5135   0.01759   0.00897  -0.0503   0.4186   0.6772  60.8546 259.0971
   1.000   0.5135   0.01759   0.00897  -0.0503   0.4186   0.6772  60.8547 259.0972
   1.000   0.5135   0.01759   0.00897  -0.0503   0.4186   0.6772  60.8547 259.0972
   1.000   0.5135   0.01759   0.00897  -0.0503   0.4186   0.6772  60.8547 259.0972
   1.000   0.5135   0.01759   0.00897  -0.0503   0.4186   0.6772  60.8547 259.0972
   2.000   0.6354   0.01810   0.00937  -0.0529   0.4144   0.6827  61.2651 259.5443
   2.000   0.6354   0.01810   0.00937  -0.0529   0.4144   0.6827  61.2651 259.5443
   2.000   0.6354   0.01810   0.00937  -0.0529   0.4144   0.6827  61.2651 259.5443
   2.000   0.6354   0.01810   0.00937  -0.0529   0.4144   0.6827  61.2651 259.5443
   2.000   0.6354   0.01810   0.00937  -0.0529   0.4144   0.6827  61.2651 259.5443
   3.000   0.7616   0.01821   0.00918  -0.0570   0.4097   0.6885  61.7273 260.0182
   3.000   0.7616   0.01821   0.00918  -0.0570   0.4097   0.6885  61.7273 260.0182
   3.000   0.7616   0.01821   0.00918  -0.0570   0.4097   0.6885  61.7273 260.0182
   3.000   0.7616   0.01821   0.00918  -0.0570   0.4097   0.6885  61.7273 260.0182
   3.000   0.7616   0.01821   0.00918  -0.0570   0.4097   0.6885  61.7273 260.0182
   4.000   0.8834   0.01856   0.00928  -0.0600   0.4056   0.6921  62.1392 260.3175
   4.000   0.8834   0.01856   0.00928  -0.0600   0.4056   0.6921  62.1393 260.3174
   4.000   0.8834   0.01856   0.00928  -0.0600   0.4056   0.6921  62.1393 260.3174
   4.000   0.8834   0.01856   0.00928  -0.0600   0.4056   0.6921  62.1393 260.3174
   4.000   0.8834   0.01856   0.00928  -0.0600   0.4056   0.6921  62.1393 260.3174
   5.000   1.0037   0.01886   0.00936  -0.0630   0.4004   0.6972  62.6756 260.7353
   5.000   1.0037   0.01886   0.00936  -0.0630   0.4004   0.6972  62.6756 260.7352
   5.000   1.0037   0.01886   0.00936  -0.0630   0.4004   0.6972  62.6756 260.7352
   5.000   1.0037   0.01886   0.00936  -0.0630   0.4004   0.6972  62.6756 260.7352
   5.000   1.0037   0.01886   0.00936  -0.0630   0.4004   0.6972  62.6756 260.7352
   6.000   1.1264   0.01926   0.00920  -0.0667   0.3965   0.7014  63.0786 261.0770
   6.000   1.1264   0.01926   0.00920  -0.0667   0.3965   0.7014  63.0786 261.0770
   6.000   1.1264   0.01926   0.00920  -0.0667   0.3965   0.7014  63.0786 261.0770
   6.000   1.1264   0.01926   0.00920  -0.0667   0.3965   0.7014  63.0786 261.0770
   6.000   1.1264   0.01926   0.00920  -0.0667   0.3965   0.7014  63.0786 261.0770
   7.000   1.2403   0.01985   0.00956  -0.0690   0.3914   0.7045  63.6201 261.3334
   7.000   1.2403   0.01985   0.00956  -0.0690   0.3914   0.7045  63.6201 261.3335
   7.000   1.2403   0.01985   0.00956  -0.0690   0.3914   0.7045  63.6201 261.3335
   7.000   1.2403   0.01985   0.00956  -0.0690   0.3914   0.7045  63.6201 261.3335
   7.000   1.2403   0.01985   0.00956  -0.0690   0.3914   0.7045  63.6201 261.3335
   8.000   1.3603   0.02031   0.00932  -0.0722   0.3875   0.7086  64.0306 261.6615
   8.000   1.3603   0.02031   0.00932  -0.0722   0.3875   0.7086  64.0307 261.6616
   8.000   1.3603   0.02031   0.00932  -0.0722   0.3875   0.7086  64.0307 261.6616
   8.000   1.3603   0.02031   0.00932  -0.0722   0.3875   0.7086  64.0307 261.6616
   8.000   1.3603   0.02031   0.00932  -0.0722   0.3875   0.7086  64.0307 261.6616
   9.000   1.4672   0.02092   0.00938  -0.0738   0.3814   0.7122  64.7017 261.9569
   9.000   1.4672   0.02092   0.00938  -0.0738   0.3814   0.7122  64.7017 261.9569
   9.000   1.4672   0.02092   0.00938  -0.0738   0.3814   0.7122  64.7017 261.9569
   9.000   1.4672   0.02092   0.00938  -0.0738   0.3814   0.7122  64.7017 261.9569
   9.000   1.4672   0.02092   0.00938  -0.0738   0.3814   0.7122  64.7017 261.9569
  10.000   1.5721   0.02131   0.00902  -0.0750   0.3748   0.7153  65.4337 262.2103
  10.000   1.5721   0.02131   0.00902  -0.0750   0.3748   0.7153  65.4337 262.2104
  10.000   1.5721   0.02131   0.00902  -0.0750   0.3748   0.7153  65.4337 262.2104
  10.000   1.5721   0.02131   0.00902  -0.0750   0.3748   0.7153  65.4337 262.2104
  10.000   1.5721   0.02131   0.00902  -0.0750   0.3748   0.7153  65.4337 262.2104
  11.000   1.6739   0.02174   0.00845  -0.0757   0.3686   0.7190  66.1403 262.5135
  11.000   1.6739   0.02174   0.00845  -0.0757   0.3686   0.7190  66.1403 262.5135
  11.000   1.6739   0.02174   0.00845  -0.0757   0.3686   0.7190  66.1403 262.5135
  11.000   1.6739   0.02174   0.00845  -0.0757   0.3686   0.7190  66.1403 262.5135
  11.000   1.6739   0.02174   0.00845  -0.0757   0.3686   0.7190  66.1403 262.5135
  12.000   1.7574   0.02261   0.00803  -0.0741   0.3617   0.7230  66.9369 262.8420
  12.000   1.7574   0.02261   0.00803  -0.0741   0.3617   0.7230  66.9370 262.8417
  12.000   1.7574   0.02261   0.00803  -0.0741   0.3617   0.7230  66.9370 262.8416
  12.000   1.7574   0.02261   0.00803  -0.0741   0.3617   0.7230  66.9370 262.8416
  12.000   1.7574   0.02261   0.00803  -0.0741   0.3617   0.7230  66.9370 262.8416
  13.000   1.7950   0.02525   0.00844  -0.0680   0.3539   0.7264  67.8643 263.1136
  13.000   1.7950   0.02525   0.00844  -0.0680   0.3539   0.7264  67.8643 263.1135
  13.000   1.7950   0.02525   0.00844  -0.0680   0.3539   0.7264  67.8643 263.1134
  13.000   1.7950   0.02525   0.00844  -0.0680   0.3539   0.7264  67.8643 263.1134
  13.000   1.7950   0.02525   0.00844  -0.0680   0.3539   0.7264  67.8643 263.1134
  14.000   1.8227   0.03072   0.01032  -0.0661   0.3440   0.7301  69.0738 263.4248
  14.000   1.8227   0.03072   0.01032  -0.0661   0.3440   0.7301  69.0738 263.4249
  14.000   1.8227   0.03072   0.01032  -0.0661   0.3440   0.7301  69.0738 263.4249
  14.000   1.8227   0.03072   0.01032  -0.0661   0.3440   0.7301  69.0738 263.4249
  14.000   1.8227   0.03072   0.01032  -0.0661   0.3440   0.7301  69.0738 263.4249
  15.000   1.7913   0.04331   0.01649  -0.0658   0.3299   0.7340  70.8156 263.7432
  15.000   1.7913   0.04331   0.01649  -0.0658   0.3299   0.7340  70.8156 263.7435
  15.000   1.7913   0.04331   0.01649  -0.0658   0.3299   0.7340  70.8156 263.7435
  15.000   1.7913   0.04331   0.01649  -0.0658   0.3299   0.7340  70.8156 263.7435
  15.000   1.7913   0.04331   0.01649  -0.0658   0.3299   0.7340  70.8156 263.7435
  16.000   1.7365   0.05919   0.02504  -0.0659   0.3128   0.7375  72.9461 264.0254
  16.000   1.7365   0.05920   0.02504  -0.0659   0.3128   0.7374  72.9461 264.0251
  16.000   1.7365   0.05920   0.02504  -0.0659   0.3128   0.7374  72.9461 264.0251
  16.000   1.7365   0.05920   0.02504  -0.0659   0.3128   0.7374  72.9461 264.0250
  16.000   1.7365   0.05920   0.02504  -0.0659   0.3128   0.7374  72.9461 264.0250
  17.000   1.6168   0.08384   0.04183  -0.0673   0.2897   0.7399  75.8791 264.2298
  17.000   1.6168   0.08384   0.04183  -0.0673   0.2897   0.7399  75.8791 264.2296
  17.000   1.6168   0.08384   0.04183  -0.0673   0.2897   0.7399  75.8791 264.2295
  17.000   1.6168   0.08384   0.04183  -0.0673   0.2897   0.7399  75.8791 264.2295
  17.000   1.6168   0.08384   0.04183  -0.0673   0.2897   0.7399  75.8791 264.2295
  18.000   1.5728   0.10089   0.05444  -0.0699   0.2677   0.7433  78.7547 264.5157
  18.000   1.5728   0.10089   0.05444  -0.0699   0.2677   0.7433  78.7547 264.5151
  18.000   1.5728   0.10089   0.05444  -0.0699   0.2677   0.7433  78.7547 264.5150
  18.000   1.5728   0.10089   0.05444  -0.0699   0.2677   0.7433  78.7547 264.5150
  18.000   1.5728   0.10089   0.05444  -0.0699   0.2677   0.7433  78.7547 264.5150
  19.000   1.5687   0.11332   0.06408  -0.0729   0.2476   0.7481  81.3932 264.9103
  19.000   1.5687   0.11332   0.06408  -0.0729   0.2476   0.7481  81.3933 264.9093
  19.000   1.5687   0.11332   0.06408  -0.0729   0.2476   0.7481  81.3933 264.9091
  19.000   1.5687   0.11332   0.06408  -0.0729   0.2476   0.7481  81.3933 264.9090
  19.000   1.5687   0.11332   0.06408  -0.0729   0.2476   0.7481  81.3933 264.9090
