  
       XFOIL         Version 6.99
  
 Calculated polar for: WORTMANN FX 77-W-258 AIRFOIL                    
  
 1 1 Reynolds number fixed          Mach number fixed         
  
 xtrf =   1.000 (top)        1.000 (bottom)  
 Mach =   0.000     Re =     0.300 e 6     Ncrit =   9.000  9.000
  
   alpha    CL        CD       CDp       CM     Top_Xtr  Bot_Xtr  Top_Itr  Bot_Itr
  ------ -------- --------- --------- -------- -------- -------- -------- --------
   0.000   0.3437   0.02627   0.01692  -0.0340   0.4416   0.6929  58.7413 260.3837
   0.000   0.3437   0.02627   0.01692  -0.0340   0.4416   0.6929  58.7413 260.3837
   0.000   0.3437   0.02627   0.01692  -0.0340   0.4416   0.6929  58.7413 260.3837
   0.000   0.3437   0.02627   0.01692  -0.0340   0.4416   0.6929  58.7413 260.3837
   0.000   0.3437   0.02627   0.01692  -0.0340   0.4416   0.6929  58.7413 260.3837
   1.000   0.4609   0.02688   0.01732  -0.0371   0.4364   0.7039  59.2044 261.2808
   1.000   0.4609   0.02688   0.01732  -0.0371   0.4364   0.7039  59.2045 261.2807
   1.000   0.4609   0.02688   0.01732  -0.0371   0.4364   0.7039  59.2045 261.2808
   1.000   0.4609   0.02688   0.01732  -0.0371   0.4364   0.7039  59.2045 261.2808
   1.000   0.4609   0.02688   0.01732  -0.0371   0.4364   0.7039  59.2045 261.2808
   2.000   0.5796   0.02749   0.01781  -0.0411   0.4308   0.7140  59.7196 262.1037
   2.000   0.5796   0.02749   0.01781  -0.0411   0.4308   0.7140  59.7196 262.1037
   2.000   0.5796   0.02749   0.01781  -0.0411   0.4308   0.7140  59.7196 262.1037
   2.000   0.5796   0.02749   0.01781  -0.0411   0.4308   0.7140  59.7196 262.1037
   2.000   0.5796   0.02749   0.01781  -0.0411   0.4308   0.7140  59.7196 262.1037
   3.000   0.6911   0.02857   0.01853  -0.0433   0.4253   0.7208  60.2217 262.6589
   3.000   0.6911   0.02857   0.01853  -0.0433   0.4253   0.7208  60.2217 262.6588
   3.000   0.6911   0.02857   0.01853  -0.0433   0.4253   0.7208  60.2217 262.6588
   3.000   0.6911   0.02857   0.01853  -0.0433   0.4253   0.7208  60.2217 262.6588
   3.000   0.6911   0.02857   0.01853  -0.0433   0.4253   0.7208  60.2217 262.6588
   4.000   0.8120   0.02890   0.01849  -0.0479   0.4192   0.7266  60.8012 263.1341
   4.000   0.8120   0.02890   0.01849  -0.0479   0.4192   0.7266  60.8012 263.1341
   4.000   0.8120   0.02890   0.01849  -0.0479   0.4192   0.7266  60.8012 263.1341
   4.000   0.8120   0.02890   0.01849  -0.0479   0.4192   0.7266  60.8012 263.1341
   4.000   0.8120   0.02890   0.01849  -0.0479   0.4192   0.7266  60.8012 263.1341
   5.000   0.9072   0.03125   0.02028  -0.0491   0.4124   0.7315  61.4607 263.5354
   5.000   0.9072   0.03125   0.02028  -0.0491   0.4124   0.7315  61.4607 263.5355
   5.000   0.9072   0.03125   0.02028  -0.0491   0.4124   0.7315  61.4607 263.5355
   5.000   0.9072   0.03125   0.02028  -0.0491   0.4124   0.7315  61.4607 263.5355
   5.000   0.9072   0.03125   0.02028  -0.0491   0.4124   0.7315  61.4607 263.5355
   6.000   1.0283   0.03173   0.02003  -0.0534   0.4083   0.7380  61.8652 264.0691
   6.000   1.0283   0.03173   0.02003  -0.0534   0.4083   0.7380  61.8652 264.0689
   6.000   1.0283   0.03173   0.02003  -0.0534   0.4083   0.7380  61.8652 264.0689
   6.000   1.0283   0.03173   0.02003  -0.0534   0.4083   0.7380  61.8652 264.0689
   6.000   1.0283   0.03173   0.02003  -0.0534   0.4083   0.7380  61.8652 264.0689
   7.000   0.9548   0.04394   0.02894  -0.0419   0.3948   0.7419  63.2513 264.3937
   7.000   0.9548   0.04394   0.02894  -0.0419   0.3948   0.7419  63.2513 264.3937
   7.000   0.9548   0.04394   0.02894  -0.0419   0.3948   0.7419  63.2513 264.3937
   7.000   0.9548   0.04394   0.02894  -0.0419   0.3948   0.7419  63.2513 264.3937
   7.000   0.9548   0.04394   0.02894  -0.0419   0.3948   0.7419  63.2513 264.3937
   8.000   1.2089   0.03623   0.02230  -0.0550   0.3977   0.7460  62.9546 264.7372
   8.000   1.2089   0.03623   0.02230  -0.0550   0.3977   0.7460  62.9546 264.7368
   8.000   1.2089   0.03623   0.02230  -0.0550   0.3977   0.7460  62.9546 264.7369
   8.000   1.2089   0.03623   0.02230  -0.0550   0.3977   0.7460  62.9546 264.7369
   8.000   1.2089   0.03623   0.02230  -0.0550   0.3977   0.7460  62.9546 264.7369
  11.000   0.7430   0.12015   0.09676  -0.0548   0.3064   0.7525  73.7513 265.2758
  11.000   0.7430   0.12015   0.09676  -0.0548   0.3064   0.7525  73.7513 265.2756
  11.000   0.7430   0.12015   0.09676  -0.0548   0.3064   0.7525  73.7513 265.2756
  11.000   0.7430   0.12015   0.09676  -0.0548   0.3064   0.7525  73.7513 265.2756
  11.000   0.7430   0.12015   0.09676  -0.0548   0.3064   0.7525  73.7513 265.2756
  13.000   0.8370   0.13542   0.11199  -0.0610   0.2830   0.7593  76.7539 265.8520
  13.000   0.8370   0.13542   0.11199  -0.0610   0.2830   0.7593  76.7539 265.8513
  13.000   0.8370   0.13542   0.11199  -0.0610   0.2830   0.7593  76.7539 265.8511
  13.000   0.8370   0.13542   0.11199  -0.0610   0.2830   0.7593  76.7539 265.8511
  13.000   0.8370   0.13542   0.11199  -0.0610   0.2830   0.7593  76.7539 265.8511
  14.000   0.8998   0.14054   0.11666  -0.0640   0.2744   0.7625  77.8738 266.1222
  14.000   0.8998   0.14054   0.11666  -0.0640   0.2744   0.7625  77.8738 266.1224
  14.000   0.8998   0.14054   0.11666  -0.0640   0.2744   0.7625  77.8738 266.1224
  14.000   0.8998   0.14054   0.11666  -0.0640   0.2744   0.7625  77.8738 266.1224
  14.000   0.8998   0.14054   0.11666  -0.0640   0.2744   0.7625  77.8738 266.1224
  15.000   0.9363   0.14942   0.12773  -0.0683   0.2603   0.7659  79.7225 266.4032
  15.000   0.9363   0.14942   0.12773  -0.0683   0.2603   0.7659  79.7225 266.4036
  15.000   0.9363   0.14942   0.12773  -0.0683   0.2603   0.7659  79.7225 266.4037
  15.000   0.9363   0.14942   0.12773  -0.0683   0.2603   0.7659  79.7225 266.4037
  15.000   0.9363   0.14942   0.12773  -0.0683   0.2603   0.7659  79.7225 266.4037
  16.000   1.0033   0.15328   0.13119  -0.0713   0.2518   0.7709  80.8448 266.8327
  16.000   1.0033   0.15328   0.13119  -0.0713   0.2518   0.7709  80.8448 266.8330
  16.000   1.0033   0.15328   0.13119  -0.0713   0.2518   0.7709  80.8448 266.8331
  16.000   1.0033   0.15328   0.13119  -0.0713   0.2518   0.7709  80.8448 266.8331
  16.000   1.0033   0.15328   0.13119  -0.0713   0.2518   0.7709  80.8448 266.8331
  17.000   1.0800   0.15498   0.13120  -0.0739   0.2439   0.7762  81.8830 267.2817
  17.000   1.0800   0.15498   0.13120  -0.0739   0.2439   0.7762  81.8830 267.2813
  17.000   1.0800   0.15498   0.13120  -0.0739   0.2439   0.7762  81.8829 267.2812
  17.000   1.0800   0.15498   0.13120  -0.0739   0.2439   0.7762  81.8829 267.2811
  17.000   1.0800   0.15498   0.13120  -0.0739   0.2439   0.7762  81.8829 267.2811
