  
       XFOIL         Version 6.99
  
 Calculated polar for: WORTMANN FX 77-W-258 AIRFOIL                    
  
 1 1 Reynolds number fixed          Mach number fixed         
  
 xtrf =   1.000 (top)        1.000 (bottom)  
 Mach =   0.000     Re =     0.325 e 6     Ncrit =   9.000  9.000
  
   alpha    CL        CD       CDp       CM     Top_Xtr  Bot_Xtr  Top_Itr  Bot_Itr
  ------ -------- --------- --------- -------- -------- -------- -------- --------
   0.000   0.3559   0.02442   0.01494  -0.0375   0.4392   0.6900  58.9584 260.1450
   0.000   0.3559   0.02442   0.01494  -0.0375   0.4392   0.6900  58.9584 260.1450
   0.000   0.3559   0.02442   0.01494  -0.0375   0.4392   0.6900  58.9584 260.1450
   0.000   0.3559   0.02442   0.01494  -0.0375   0.4392   0.6900  58.9584 260.1450
   0.000   0.3559   0.02442   0.01494  -0.0375   0.4392   0.6900  58.9584 260.1450
   1.000   0.4747   0.02508   0.01566  -0.0410   0.4330   0.7009  59.5136 261.0375
   1.000   0.4747   0.02508   0.01566  -0.0410   0.4330   0.7009  59.5136 261.0375
   1.000   0.4747   0.02508   0.01566  -0.0410   0.4330   0.7009  59.5136 261.0375
   1.000   0.4747   0.02508   0.01566  -0.0410   0.4330   0.7009  59.5136 261.0375
   1.000   0.4747   0.02508   0.01566  -0.0410   0.4330   0.7009  59.5136 261.0375
   2.000   0.5919   0.02556   0.01593  -0.0428   0.4289   0.7077  59.8922 261.5911
   2.000   0.5919   0.02556   0.01593  -0.0428   0.4289   0.7077  59.8922 261.5911
   2.000   0.5919   0.02556   0.01593  -0.0428   0.4289   0.7077  59.8922 261.5911
   2.000   0.5919   0.02556   0.01593  -0.0428   0.4289   0.7077  59.8922 261.5911
   2.000   0.5919   0.02556   0.01593  -0.0428   0.4289   0.7077  59.8922 261.5911
   3.000   0.7065   0.02660   0.01684  -0.0463   0.4224   0.7152  60.4973 262.2016
   3.000   0.7065   0.02660   0.01684  -0.0463   0.4224   0.7152  60.4973 262.2016
   3.000   0.7065   0.02660   0.01684  -0.0463   0.4224   0.7152  60.4973 262.2016
   3.000   0.7065   0.02660   0.01684  -0.0463   0.4224   0.7152  60.4973 262.2016
   3.000   0.7065   0.02660   0.01684  -0.0463   0.4224   0.7152  60.4973 262.2016
   4.000   0.8302   0.02666   0.01636  -0.0501   0.4179   0.7204  60.9199 262.6229
   4.000   0.8302   0.02666   0.01636  -0.0501   0.4179   0.7204  60.9199 262.6228
   4.000   0.8302   0.02666   0.01636  -0.0501   0.4179   0.7204  60.9199 262.6228
   4.000   0.8302   0.02666   0.01636  -0.0501   0.4179   0.7204  60.9199 262.6228
   4.000   0.8302   0.02666   0.01636  -0.0501   0.4179   0.7204  60.9199 262.6228
   5.000   0.9380   0.02825   0.01757  -0.0534   0.4110   0.7260  61.5971 263.0855
   5.000   0.9380   0.02825   0.01757  -0.0534   0.4110   0.7260  61.5971 263.0856
   5.000   0.9380   0.02825   0.01757  -0.0534   0.4110   0.7260  61.5971 263.0856
   5.000   0.9380   0.02825   0.01757  -0.0534   0.4110   0.7260  61.5971 263.0856
   5.000   0.9380   0.02825   0.01757  -0.0534   0.4110   0.7260  61.5971 263.0856
   6.000   1.0575   0.02858   0.01727  -0.0563   0.4075   0.7312  61.9450 263.5109
   6.000   1.0575   0.02858   0.01727  -0.0563   0.4075   0.7312  61.9451 263.5109
   6.000   1.0575   0.02858   0.01727  -0.0563   0.4075   0.7312  61.9451 263.5109
   6.000   1.0575   0.02858   0.01727  -0.0563   0.4075   0.7312  61.9451 263.5109
   6.000   1.0575   0.02858   0.01727  -0.0563   0.4075   0.7312  61.9451 263.5109
   7.000   0.8790   0.05092   0.03442  -0.0437   0.3856   0.7360  64.2424 263.9020
   7.000   0.8790   0.05092   0.03442  -0.0437   0.3856   0.7360  64.2425 263.9024
   7.000   0.8790   0.05092   0.03442  -0.0437   0.3856   0.7360  64.2425 263.9024
   7.000   0.8790   0.05092   0.03442  -0.0437   0.3856   0.7360  64.2425 263.9024
   7.000   0.8790   0.05092   0.03442  -0.0437   0.3856   0.7360  64.2425 263.9024
   8.000   1.0261   0.04687   0.03007  -0.0452   0.3857   0.7394  64.2285 264.1876
   8.000   1.0261   0.04687   0.03007  -0.0452   0.3857   0.7394  64.2285 264.1876
   8.000   1.0261   0.04687   0.03007  -0.0452   0.3857   0.7394  64.2285 264.1876
   8.000   1.0261   0.04687   0.03007  -0.0452   0.3857   0.7394  64.2285 264.1876
   8.000   1.0261   0.04687   0.03007  -0.0452   0.3857   0.7394  64.2285 264.1876
  14.000   0.9262   0.13617   0.11064  -0.0635   0.2749   0.7561  77.8080 265.5795
  14.000   0.9262   0.13618   0.11064  -0.0635   0.2749   0.7561  77.8080 265.5785
  14.000   0.9262   0.13618   0.11064  -0.0635   0.2749   0.7561  77.8080 265.5783
  14.000   0.9262   0.13618   0.11064  -0.0635   0.2749   0.7561  77.8080 265.5783
  14.000   0.9262   0.13618   0.11064  -0.0635   0.2749   0.7561  77.8080 265.5783
  16.000   1.0537   0.14491   0.11795  -0.0694   0.2571   0.7643  80.1450 266.2718
  16.000   1.0537   0.14491   0.11795  -0.0694   0.2571   0.7643  80.1450 266.2716
  16.000   1.0537   0.14491   0.11795  -0.0694   0.2571   0.7643  80.1450 266.2716
  16.000   1.0537   0.14491   0.11795  -0.0694   0.2571   0.7643  80.1450 266.2716
  16.000   1.0537   0.14491   0.11795  -0.0694   0.2571   0.7643  80.1450 266.2716
