  
       XFOIL         Version 6.99
  
 Calculated polar for: GOE 561 AIRFOIL                                 
  
 1 1 Reynolds number fixed          Mach number fixed         
  
 xtrf =   1.000 (top)        1.000 (bottom)  
 Mach =   0.000     Re =     0.300 e 6     Ncrit =   9.000  9.000
  
   alpha    CL        CD       CDp       CM     Top_Xtr  Bot_Xtr  Top_Itr  Bot_Itr
  ------ -------- --------- --------- -------- -------- -------- -------- --------
   1.000   0.7237   0.02694   0.00931  -0.0763   0.4636   0.1116  68.5476 212.2337
   2.000   0.8061   0.02479   0.00528  -0.0685   0.4540   0.0635  69.3973 202.8662
   2.000   0.8061   0.02479   0.00528  -0.0685   0.4540   0.0635  69.3972 202.8662
   2.000   0.8061   0.02479   0.00528  -0.0685   0.4540   0.0635  69.3972 202.8661
   2.000   0.8061   0.02479   0.00528  -0.0685   0.4540   0.0635  69.3972 202.8661
   2.000   0.8061   0.02479   0.00528  -0.0685   0.4540   0.0635  69.3972 202.8661
   3.000   0.8735   0.02429   0.00346  -0.0619   0.4438   0.0618  70.3203 202.3930
   3.000   0.8735   0.02429   0.00346  -0.0619   0.4438   0.0618  70.3204 202.3934
   3.000   0.8735   0.02429   0.00346  -0.0619   0.4438   0.0618  70.3204 202.3934
   3.000   0.8735   0.02429   0.00346  -0.0619   0.4438   0.0618  70.3204 202.3934
   3.000   0.8735   0.02429   0.00346  -0.0619   0.4438   0.0618  70.3204 202.3934
   4.000   0.9252   0.02468   0.00215  -0.0536   0.4329   0.0645  71.3233 203.1215
   4.000   0.9252   0.02468   0.00215  -0.0536   0.4329   0.0645  71.3232 203.1213
   4.000   0.9252   0.02468   0.00215  -0.0536   0.4329   0.0645  71.3232 203.1213
   4.000   0.9252   0.02468   0.00215  -0.0536   0.4329   0.0645  71.3232 203.1213
   4.000   0.9252   0.02468   0.00215  -0.0536   0.4329   0.0645  71.3232 203.1213
   5.000   1.2663   0.02503   0.00522  -0.1074   0.4178   1.0000  72.7648 300.0000
   5.000   1.2663   0.02503   0.00522  -0.1074   0.4178   1.0000  72.7648 300.0000
   5.000   1.2663   0.02503   0.00522  -0.1074   0.4178   1.0000  72.7648 300.0000
   5.000   1.2663   0.02503   0.00522  -0.1074   0.4178   1.0000  72.7648 300.0000
   5.000   1.2663   0.02503   0.00522  -0.1074   0.4178   1.0000  72.7648 300.0000
   6.000   1.3085   0.02744   0.00527  -0.0999   0.4065   1.0000  73.8777 300.0000
   6.000   1.3085   0.02744   0.00527  -0.0999   0.4065   1.0000  73.8777 300.0000
   6.000   1.3085   0.02744   0.00527  -0.0999   0.4065   1.0000  73.8777 300.0000
   6.000   1.3085   0.02744   0.00527  -0.0999   0.4065   1.0000  73.8777 300.0000
   6.000   1.3085   0.02744   0.00527  -0.0999   0.4065   1.0000  73.8777 300.0000
   7.000   1.3562   0.03020   0.00552  -0.0944   0.3953   1.0000  74.9948 300.0000
   7.000   1.3562   0.03020   0.00552  -0.0944   0.3953   1.0000  74.9947 300.0000
   7.000   1.3562   0.03020   0.00552  -0.0944   0.3953   1.0000  74.9947 300.0000
   7.000   1.3562   0.03020   0.00552  -0.0944   0.3953   1.0000  74.9947 300.0000
   7.000   1.3562   0.03020   0.00552  -0.0944   0.3953   1.0000  74.9947 300.0000
   8.000   1.3741   0.03506   0.00715  -0.0870   0.3830   1.0000  76.2496 300.0000
   8.000   1.3741   0.03506   0.00715  -0.0870   0.3830   1.0000  76.2495 300.0000
   8.000   1.3741   0.03506   0.00715  -0.0870   0.3830   1.0000  76.2495 300.0000
   8.000   1.3741   0.03506   0.00715  -0.0870   0.3830   1.0000  76.2495 300.0000
   8.000   1.3741   0.03506   0.00715  -0.0870   0.3830   1.0000  76.2495 300.0000
   9.000   1.4017   0.04018   0.00893  -0.0820   0.3717   1.0000  77.4220 300.0000
   9.000   1.4017   0.04018   0.00893  -0.0820   0.3717   1.0000  77.4219 300.0000
   9.000   1.4017   0.04018   0.00893  -0.0820   0.3717   1.0000  77.4219 300.0000
   9.000   1.4017   0.04018   0.00893  -0.0820   0.3717   1.0000  77.4219 300.0000
   9.000   1.4017   0.04018   0.00893  -0.0820   0.3717   1.0000  77.4219 300.0000
  10.000   1.4306   0.04574   0.01097  -0.0781   0.3611   1.0000  78.5276 300.0000
  10.000   1.4306   0.04574   0.01097  -0.0781   0.3611   1.0000  78.5276 300.0000
  10.000   1.4306   0.04574   0.01097  -0.0781   0.3611   1.0000  78.5276 300.0000
  10.000   1.4306   0.04574   0.01097  -0.0781   0.3611   1.0000  78.5276 300.0000
  10.000   1.4306   0.04574   0.01097  -0.0781   0.3611   1.0000  78.5276 300.0000
  11.000   1.4564   0.05194   0.01344  -0.0748   0.3512   1.0000  79.5735 300.0000
  11.000   1.4564   0.05194   0.01344  -0.0748   0.3512   1.0000  79.5734 300.0000
  11.000   1.4564   0.05194   0.01344  -0.0748   0.3512   1.0000  79.5734 300.0000
  11.000   1.4564   0.05194   0.01344  -0.0748   0.3512   1.0000  79.5734 300.0000
  11.000   1.4564   0.05194   0.01344  -0.0748   0.3512   1.0000  79.5734 300.0000
  12.000   1.4737   0.05920   0.01667  -0.0718   0.3415   1.0000  80.6173 300.0000
  12.000   1.4737   0.05920   0.01667  -0.0718   0.3415   1.0000  80.6173 300.0000
  12.000   1.4737   0.05921   0.01667  -0.0718   0.3415   1.0000  80.6173 300.0000
  12.000   1.4737   0.05921   0.01667  -0.0718   0.3415   1.0000  80.6173 300.0000
  12.000   1.4737   0.05921   0.01667  -0.0718   0.3415   1.0000  80.6173 300.0000
  13.000   1.4793   0.06795   0.02110  -0.0690   0.3318   1.0000  81.6726 300.0000
  13.000   1.4793   0.06795   0.02110  -0.0690   0.3318   1.0000  81.6727 300.0000
  13.000   1.4793   0.06795   0.02110  -0.0690   0.3318   1.0000  81.6727 300.0000
  13.000   1.4793   0.06795   0.02110  -0.0690   0.3318   1.0000  81.6727 300.0000
  13.000   1.4793   0.06795   0.02110  -0.0690   0.3318   1.0000  81.6727 300.0000
  14.000   1.3366   0.09355   0.04162  -0.0618   0.3157   1.0000  83.4345 300.0000
  14.000   1.3366   0.09355   0.04162  -0.0618   0.3157   1.0000  83.4348 300.0000
  14.000   1.3366   0.09355   0.04162  -0.0618   0.3157   1.0000  83.4347 300.0000
  14.000   1.3366   0.09355   0.04162  -0.0618   0.3157   1.0000  83.4347 300.0000
  14.000   1.3366   0.09355   0.04162  -0.0618   0.3157   1.0000  83.4347 300.0000
