  
       XFOIL         Version 6.99
  
 Calculated polar for: GOE 561 AIRFOIL                                 
  
 1 1 Reynolds number fixed          Mach number fixed         
  
 xtrf =   1.000 (top)        1.000 (bottom)  
 Mach =   0.000     Re =     0.400 e 6     Ncrit =   9.000  9.000
  
   alpha    CL        CD       CDp       CM     Top_Xtr  Bot_Xtr  Top_Itr  Bot_Itr
  ------ -------- --------- --------- -------- -------- -------- -------- --------
   0.000   0.6506   0.02556   0.00964  -0.0799   0.4627   0.0647  68.6212 203.1745
   0.000   0.6506   0.02556   0.00964  -0.0799   0.4627   0.0647  68.6211 203.1744
   0.000   0.6506   0.02556   0.00964  -0.0799   0.4627   0.0647  68.6211 203.1744
   0.000   0.6506   0.02556   0.00964  -0.0799   0.4627   0.0647  68.6211 203.1744
   0.000   0.6506   0.02556   0.00964  -0.0799   0.4627   0.0647  68.6211 203.1744
   2.000   0.7845   0.02216   0.00296  -0.0626   0.4449   0.0533  70.2117 199.9970
   2.000   0.7845   0.02216   0.00296  -0.0626   0.4449   0.0533  70.2117 199.9970
   2.000   0.7845   0.02216   0.00296  -0.0626   0.4449   0.0533  70.2117 199.9970
   2.000   0.7845   0.02216   0.00296  -0.0626   0.4449   0.0533  70.2117 199.9970
   2.000   0.7845   0.02216   0.00296  -0.0626   0.4449   0.0533  70.2117 199.9970
   3.000   0.8531   0.02171   0.00127  -0.0566   0.4349   0.0530  71.1353 199.9129
   3.000   0.8531   0.02171   0.00127  -0.0566   0.4349   0.0530  71.1353 199.9127
   3.000   0.8531   0.02171   0.00127  -0.0566   0.4349   0.0530  71.1353 199.9127
   3.000   0.8531   0.02171   0.00127  -0.0566   0.4349   0.0530  71.1353 199.9127
   3.000   0.8531   0.02171   0.00127  -0.0566   0.4349   0.0530  71.1353 199.9127
   4.000   0.9073   0.02217   0.00013  -0.0491   0.4241   0.0556  72.1562 200.6672
   4.000   0.9073   0.02217   0.00013  -0.0491   0.4241   0.0556  72.1562 200.6671
   4.000   0.9073   0.02217   0.00013  -0.0491   0.4241   0.0556  72.1562 200.6671
   4.000   0.9073   0.02217   0.00013  -0.0491   0.4241   0.0556  72.1562 200.6671
   4.000   0.9073   0.02217   0.00013  -0.0491   0.4241   0.0556  72.1562 200.6671
   6.000   1.3024   0.02577   0.00419  -0.0991   0.3959   1.0000  74.9323 300.0000
   6.000   1.3024   0.02577   0.00419  -0.0991   0.3959   1.0000  74.9322 300.0000
   6.000   1.3024   0.02577   0.00419  -0.0991   0.3959   1.0000  74.9322 300.0000
   6.000   1.3024   0.02577   0.00419  -0.0991   0.3959   1.0000  74.9322 300.0000
   6.000   1.3024   0.02577   0.00419  -0.0991   0.3959   1.0000  74.9322 300.0000
   7.000   1.3401   0.02944   0.00513  -0.0929   0.3835   1.0000  76.2017 300.0000
   7.000   1.3401   0.02944   0.00513  -0.0929   0.3835   1.0000  76.2017 300.0000
   7.000   1.3401   0.02944   0.00513  -0.0929   0.3835   1.0000  76.2017 300.0000
   7.000   1.3401   0.02944   0.00513  -0.0929   0.3835   1.0000  76.2017 300.0000
   7.000   1.3401   0.02944   0.00513  -0.0929   0.3835   1.0000  76.2017 300.0000
   8.000   1.3749   0.03390   0.00655  -0.0878   0.3712   1.0000  77.4648 300.0000
   8.000   1.3749   0.03390   0.00655  -0.0878   0.3712   1.0000  77.4648 300.0000
   8.000   1.3749   0.03390   0.00655  -0.0878   0.3712   1.0000  77.4648 300.0000
   8.000   1.3749   0.03390   0.00655  -0.0878   0.3712   1.0000  77.4648 300.0000
   8.000   1.3749   0.03390   0.00655  -0.0878   0.3712   1.0000  77.4648 300.0000
   9.000   1.4104   0.03880   0.00816  -0.0837   0.3599   1.0000  78.6502 300.0000
   9.000   1.4104   0.03880   0.00816  -0.0837   0.3599   1.0000  78.6502 300.0000
   9.000   1.4104   0.03880   0.00816  -0.0837   0.3599   1.0000  78.6502 300.0000
   9.000   1.4104   0.03880   0.00816  -0.0837   0.3599   1.0000  78.6502 300.0000
   9.000   1.4104   0.03880   0.00816  -0.0837   0.3599   1.0000  78.6502 300.0000
  10.000   1.4463   0.04398   0.00992  -0.0804   0.3497   1.0000  79.7357 300.0000
  10.000   1.4463   0.04398   0.00992  -0.0804   0.3497   1.0000  79.7357 300.0000
  10.000   1.4463   0.04398   0.00992  -0.0804   0.3497   1.0000  79.7357 300.0000
  10.000   1.4463   0.04398   0.00992  -0.0804   0.3497   1.0000  79.7357 300.0000
  10.000   1.4463   0.04398   0.00992  -0.0804   0.3497   1.0000  79.7357 300.0000
  11.000   1.4788   0.04968   0.01192  -0.0776   0.3396   1.0000  80.8216 300.0000
  11.000   1.4788   0.04968   0.01192  -0.0776   0.3396   1.0000  80.8216 300.0000
  11.000   1.4788   0.04968   0.01192  -0.0776   0.3396   1.0000  80.8216 300.0000
  11.000   1.4788   0.04968   0.01192  -0.0776   0.3396   1.0000  80.8216 300.0000
  11.000   1.4788   0.04968   0.01192  -0.0776   0.3396   1.0000  80.8216 300.0000
  12.000   1.5089   0.05582   0.01422  -0.0753   0.3306   1.0000  81.8038 300.0000
  12.000   1.5089   0.05582   0.01422  -0.0753   0.3306   1.0000  81.8038 300.0000
  12.000   1.5089   0.05582   0.01422  -0.0753   0.3306   1.0000  81.8038 300.0000
  12.000   1.5089   0.05582   0.01422  -0.0753   0.3306   1.0000  81.8038 300.0000
  12.000   1.5089   0.05582   0.01422  -0.0753   0.3306   1.0000  81.8038 300.0000
  13.000   1.5342   0.06259   0.01693  -0.0734   0.3219   1.0000  82.7531 300.0000
  13.000   1.5342   0.06259   0.01693  -0.0733   0.3219   1.0000  82.7531 300.0000
  13.000   1.5342   0.06259   0.01693  -0.0733   0.3219   1.0000  82.7531 300.0000
  13.000   1.5342   0.06259   0.01693  -0.0733   0.3219   1.0000  82.7531 300.0000
  13.000   1.5342   0.06259   0.01693  -0.0733   0.3219   1.0000  82.7531 300.0000
  14.000   1.5550   0.06998   0.02011  -0.0717   0.3142   1.0000  83.6113 300.0000
  14.000   1.5550   0.06997   0.02011  -0.0717   0.3142   1.0000  83.6114 300.0000
  14.000   1.5550   0.06997   0.02011  -0.0717   0.3142   1.0000  83.6114 300.0000
  14.000   1.5550   0.06997   0.02011  -0.0717   0.3142   1.0000  83.6114 300.0000
  14.000   1.5550   0.06997   0.02011  -0.0717   0.3142   1.0000  83.6114 300.0000
  15.000   1.5718   0.07789   0.02371  -0.0705   0.3067   1.0000  84.4458 300.0000
  15.000   1.5718   0.07789   0.02371  -0.0705   0.3067   1.0000  84.4457 300.0000
  15.000   1.5718   0.07789   0.02371  -0.0705   0.3067   1.0000  84.4457 300.0000
  15.000   1.5718   0.07789   0.02371  -0.0705   0.3067   1.0000  84.4457 300.0000
  15.000   1.5718   0.07789   0.02371  -0.0705   0.3067   1.0000  84.4457 300.0000
  16.000   1.5936   0.08530   0.02689  -0.0700   0.2997   1.0000  85.2394 300.0000
  16.000   1.5937   0.08530   0.02689  -0.0700   0.2997   1.0000  85.2394 300.0000
  16.000   1.5937   0.08530   0.02689  -0.0700   0.2997   1.0000  85.2394 300.0000
  16.000   1.5937   0.08530   0.02689  -0.0700   0.2997   1.0000  85.2393 300.0000
  16.000   1.5937   0.08530   0.02689  -0.0700   0.2997   1.0000  85.2393 300.0000
  17.000   1.6303   0.09106   0.02863  -0.0704   0.2939   1.0000  85.9076 300.0000
  17.000   1.6303   0.09107   0.02863  -0.0704   0.2939   1.0000  85.9076 300.0000
  17.000   1.6303   0.09107   0.02863  -0.0704   0.2939   1.0000  85.9076 300.0000
  17.000   1.6303   0.09107   0.02863  -0.0704   0.2939   1.0000  85.9076 300.0000
  17.000   1.6303   0.09107   0.02863  -0.0704   0.2939   1.0000  85.9076 300.0000
  18.000   1.5187   0.11397   0.04934  -0.0672   0.2825   1.0000  87.2316 300.0000
  18.000   1.5187   0.11397   0.04934  -0.0672   0.2825   1.0000  87.2318 300.0000
  18.000   1.5187   0.11397   0.04934  -0.0672   0.2825   1.0000  87.2318 300.0000
  18.000   1.5187   0.11397   0.04934  -0.0672   0.2825   1.0000  87.2318 300.0000
  18.000   1.5187   0.11397   0.04934  -0.0672   0.2825   1.0000  87.2318 300.0000
  19.000   1.5336   0.12233   0.05569  -0.0683   0.2763   1.0000  87.9630 300.0000
  19.000   1.5336   0.12233   0.05569  -0.0683   0.2763   1.0000  87.9630 300.0000
  19.000   1.5336   0.12233   0.05569  -0.0683   0.2763   1.0000  87.9630 300.0000
  19.000   1.5336   0.12233   0.05569  -0.0683   0.2763   1.0000  87.9630 300.0000
  19.000   1.5336   0.12233   0.05569  -0.0683   0.2763   1.0000  87.9630 300.0000
