  
       XFOIL         Version 6.99
  
 Calculated polar for: GOE 561 AIRFOIL                                 
  
 1 1 Reynolds number fixed          Mach number fixed         
  
 xtrf =   1.000 (top)        1.000 (bottom)  
 Mach =   0.000     Re =     0.325 e 6     Ncrit =   9.000  9.000
  
   alpha    CL        CD       CDp       CM     Top_Xtr  Bot_Xtr  Top_Itr  Bot_Itr
  ------ -------- --------- --------- -------- -------- -------- -------- --------
   2.000   0.8004   0.02396   0.00450  -0.0667   0.4512   0.0602  69.6410 201.9677
   2.000   0.8004   0.02396   0.00450  -0.0667   0.4512   0.0602  69.6410 201.9675
   2.000   0.8004   0.02396   0.00450  -0.0667   0.4512   0.0602  69.6410 201.9675
   2.000   0.8004   0.02396   0.00450  -0.0667   0.4512   0.0602  69.6410 201.9675
   2.000   0.8004   0.02396   0.00450  -0.0667   0.4512   0.0602  69.6410 201.9675
   3.000   0.8647   0.02353   0.00280  -0.0598   0.4410   0.0593  70.5756 201.7359
   3.000   0.8647   0.02353   0.00280  -0.0598   0.4410   0.0593  70.5756 201.7358
   3.000   0.8647   0.02353   0.00280  -0.0598   0.4410   0.0593  70.5756 201.7358
   3.000   0.8647   0.02353   0.00280  -0.0598   0.4410   0.0593  70.5756 201.7358
   3.000   0.8647   0.02353   0.00280  -0.0598   0.4410   0.0593  70.5756 201.7358
   4.000   0.9183   0.02389   0.00152  -0.0520   0.4302   0.0616  71.5805 202.3540
   4.000   0.9183   0.02389   0.00152  -0.0520   0.4302   0.0616  71.5806 202.3551
   4.000   0.9183   0.02389   0.00152  -0.0520   0.4302   0.0616  71.5806 202.3552
   4.000   0.9183   0.02389   0.00152  -0.0520   0.4302   0.0616  71.5806 202.3552
   4.000   0.9183   0.02389   0.00152  -0.0520   0.4302   0.0616  71.5806 202.3552
   5.000   1.2756   0.02403   0.00448  -0.1085   0.4157   1.0000  72.9736 300.0000
   5.000   1.2756   0.02403   0.00448  -0.1085   0.4157   1.0000  72.9736 300.0000
   5.000   1.2756   0.02403   0.00448  -0.1085   0.4157   1.0000  72.9736 300.0000
   5.000   1.2756   0.02403   0.00448  -0.1085   0.4157   1.0000  72.9736 300.0000
   5.000   1.2756   0.02403   0.00448  -0.1085   0.4157   1.0000  72.9736 300.0000
   6.000   1.3062   0.02689   0.00489  -0.0995   0.4036   1.0000  74.1665 300.0000
   6.000   1.3062   0.02689   0.00489  -0.0995   0.4036   1.0000  74.1664 300.0000
   6.000   1.3062   0.02689   0.00489  -0.0995   0.4036   1.0000  74.1664 300.0000
   6.000   1.3062   0.02689   0.00489  -0.0995   0.4036   1.0000  74.1664 300.0000
   6.000   1.3062   0.02689   0.00489  -0.0995   0.4036   1.0000  74.1664 300.0000
   7.000   1.3374   0.03054   0.00580  -0.0923   0.3913   1.0000  75.3985 300.0000
   7.000   1.3374   0.03055   0.00580  -0.0923   0.3913   1.0000  75.3984 300.0000
   7.000   1.3374   0.03055   0.00580  -0.0923   0.3913   1.0000  75.3984 300.0000
   7.000   1.3374   0.03055   0.00580  -0.0923   0.3913   1.0000  75.3984 300.0000
   7.000   1.3374   0.03055   0.00580  -0.0923   0.3913   1.0000  75.3984 300.0000
   8.000   1.3719   0.03475   0.00698  -0.0869   0.3795   1.0000  76.6106 300.0000
   8.000   1.3719   0.03475   0.00698  -0.0869   0.3795   1.0000  76.6106 300.0000
   8.000   1.3719   0.03475   0.00698  -0.0869   0.3795   1.0000  76.6106 300.0000
   8.000   1.3719   0.03475   0.00698  -0.0869   0.3795   1.0000  76.6106 300.0000
   8.000   1.3719   0.03475   0.00698  -0.0869   0.3795   1.0000  76.6106 300.0000
   9.000   1.4099   0.03927   0.00831  -0.0829   0.3686   1.0000  77.7452 300.0000
   9.000   1.4099   0.03927   0.00831  -0.0829   0.3686   1.0000  77.7452 300.0000
   9.000   1.4099   0.03927   0.00831  -0.0829   0.3686   1.0000  77.7452 300.0000
   9.000   1.4099   0.03927   0.00831  -0.0829   0.3686   1.0000  77.7452 300.0000
   9.000   1.4099   0.03927   0.00831  -0.0829   0.3686   1.0000  77.7452 300.0000
  10.000   0.3506   0.11658   0.05766   0.0159   0.2919   0.0668  86.1377 203.7100
  10.000   0.3506   0.11658   0.05766   0.0159   0.2919   0.0668  86.1377 203.7101
  10.000   0.3506   0.11658   0.05766   0.0159   0.2919   0.0668  86.1377 203.7101
  10.000   0.3506   0.11658   0.05766   0.0159   0.2919   0.0668  86.1377 203.7101
  10.000   0.3506   0.11658   0.05766   0.0159   0.2919   0.0668  86.1377 203.7101
  11.000   1.4820   0.04958   0.01167  -0.0768   0.3487   1.0000  79.8433 300.0000
  11.000   1.4820   0.04958   0.01167  -0.0768   0.3487   1.0000  79.8433 300.0000
  11.000   1.4820   0.04958   0.01167  -0.0768   0.3487   1.0000  79.8433 300.0000
  11.000   1.4820   0.04958   0.01167  -0.0768   0.3487   1.0000  79.8433 300.0000
  11.000   1.4820   0.04958   0.01167  -0.0768   0.3487   1.0000  79.8433 300.0000
  12.000   1.5103   0.05573   0.01395  -0.0742   0.3393   1.0000  80.8582 300.0000
  12.000   1.5103   0.05573   0.01395  -0.0742   0.3393   1.0000  80.8582 300.0000
  12.000   1.5103   0.05573   0.01395  -0.0742   0.3393   1.0000  80.8582 300.0000
  12.000   1.5103   0.05573   0.01395  -0.0742   0.3393   1.0000  80.8582 300.0000
  12.000   1.5103   0.05573   0.01395  -0.0742   0.3393   1.0000  80.8582 300.0000
  13.000   1.5296   0.06295   0.01701  -0.0719   0.3302   1.0000  81.8445 300.0000
  13.000   1.5296   0.06295   0.01701  -0.0719   0.3302   1.0000  81.8445 300.0000
  13.000   1.5296   0.06295   0.01701  -0.0719   0.3302   1.0000  81.8445 300.0000
  13.000   1.5296   0.06295   0.01701  -0.0719   0.3302   1.0000  81.8445 300.0000
  13.000   1.5296   0.06295   0.01701  -0.0719   0.3302   1.0000  81.8445 300.0000
  14.000   1.5349   0.07185   0.02147  -0.0696   0.3214   1.0000  82.8066 300.0000
  14.000   1.5349   0.07185   0.02147  -0.0696   0.3214   1.0000  82.8067 300.0000
  14.000   1.5349   0.07184   0.02147  -0.0696   0.3214   1.0000  82.8068 300.0000
  14.000   1.5349   0.07184   0.02147  -0.0696   0.3214   1.0000  82.8068 300.0000
  14.000   1.5349   0.07184   0.02147  -0.0696   0.3214   1.0000  82.8068 300.0000
  15.000   1.5175   0.08346   0.02854  -0.0671   0.3125   1.0000  83.7964 300.0000
  15.000   1.5175   0.08347   0.02854  -0.0671   0.3125   1.0000  83.7963 300.0000
  15.000   1.5175   0.08347   0.02854  -0.0671   0.3125   1.0000  83.7963 300.0000
  15.000   1.5175   0.08347   0.02854  -0.0671   0.3125   1.0000  83.7963 300.0000
  15.000   1.5175   0.08347   0.02854  -0.0671   0.3125   1.0000  83.7963 300.0000
  18.000   0.8529   0.21749   0.23631  -0.0715   0.2474   1.0000  91.5132 300.0000
  18.000   0.8529   0.21749   0.23631  -0.0715   0.2474   1.0000  91.5132 300.0000
  18.000   0.8529   0.21749   0.23631  -0.0715   0.2474   1.0000  91.5132 300.0000
  18.000   0.8529   0.21749   0.23631  -0.0715   0.2474   1.0000  91.5132 300.0000
  18.000   0.8529   0.21749   0.23631  -0.0715   0.2474   1.0000  91.5132 300.0000
  19.000   0.9558   0.21171   0.21924  -0.0719   0.2358   1.0000  93.0110 300.0000
  19.000   0.9558   0.21173   0.21924  -0.0719   0.2358   1.0000  93.0110 300.0000
  19.000   0.9558   0.21173   0.21924  -0.0719   0.2358   1.0000  93.0110 300.0000
  19.000   0.9558   0.21173   0.21924  -0.0719   0.2358   1.0000  93.0110 300.0000
  19.000   0.9558   0.21173   0.21924  -0.0719   0.2358   1.0000  93.0110 300.0000
