  
       XFOIL         Version 6.99
  
 Calculated polar for: GOE 561 AIRFOIL                                 
  
 1 1 Reynolds number fixed          Mach number fixed         
  
 xtrf =   1.000 (top)        1.000 (bottom)  
 Mach =   0.000     Re =     0.275 e 6     Ncrit =   9.000  9.000
  
   alpha    CL        CD       CDp       CM     Top_Xtr  Bot_Xtr  Top_Itr  Bot_Itr
  ------ -------- --------- --------- -------- -------- -------- -------- --------
   0.000   0.6819   0.02944   0.01310  -0.0894   0.4763   0.0944  67.4533 209.4869
   0.000   0.6819   0.02944   0.01310  -0.0894   0.4763   0.0944  67.4532 209.4851
   0.000   0.6819   0.02944   0.01310  -0.0894   0.4763   0.0944  67.4532 209.4851
   0.000   0.6819   0.02944   0.01310  -0.0894   0.4763   0.0944  67.4532 209.4851
   0.000   0.6819   0.02944   0.01310  -0.0894   0.4763   0.0944  67.4532 209.4851
   2.000   0.8345   0.02534   0.00587  -0.0742   0.4576   0.0658  69.0737 203.4465
   2.000   0.8345   0.02534   0.00587  -0.0742   0.4576   0.0658  69.0737 203.4467
   2.000   0.8345   0.02534   0.00587  -0.0742   0.4576   0.0658  69.0737 203.4467
   2.000   0.8345   0.02534   0.00587  -0.0742   0.4576   0.0658  69.0737 203.4467
   2.000   0.8345   0.02534   0.00587  -0.0742   0.4576   0.0658  69.0737 203.4467
   3.000   0.9074   0.02482   0.00393  -0.0681   0.4474   0.0643  69.9889 203.0650
   3.000   0.9074   0.02482   0.00393  -0.0681   0.4474   0.0643  69.9889 203.0651
   3.000   0.9074   0.02482   0.00393  -0.0681   0.4474   0.0643  69.9889 203.0651
   3.000   0.9074   0.02482   0.00393  -0.0681   0.4474   0.0643  69.9889 203.0651
   3.000   0.9074   0.02482   0.00393  -0.0681   0.4474   0.0643  69.9889 203.0651
   4.000   0.9561   0.02508   0.00266  -0.0591   0.4366   0.0686  70.9818 204.1525
   4.000   0.9561   0.02508   0.00266  -0.0591   0.4366   0.0686  70.9818 204.1526
   4.000   0.9561   0.02508   0.00266  -0.0591   0.4366   0.0686  70.9819 204.1526
   4.000   0.9561   0.02508   0.00266  -0.0591   0.4366   0.0686  70.9819 204.1526
   4.000   0.9561   0.02508   0.00266  -0.0591   0.4366   0.0686  70.9819 204.1526
   5.000   1.2603   0.02618   0.00605  -0.1068   0.4206   1.0000  72.4995 300.0000
   5.000   1.2603   0.02618   0.00605  -0.1068   0.4206   1.0000  72.4995 300.0000
   5.000   1.2603   0.02618   0.00605  -0.1068   0.4206   1.0000  72.4995 300.0000
   5.000   1.2603   0.02618   0.00605  -0.1068   0.4206   1.0000  72.4995 300.0000
   5.000   1.2603   0.02618   0.00605  -0.1068   0.4206   1.0000  72.4995 300.0000
   6.000   1.2961   0.02879   0.00624  -0.0985   0.4091   1.0000  73.6223 300.0000
   6.000   1.2961   0.02879   0.00624  -0.0985   0.4091   1.0000  73.6223 300.0000
   6.000   1.2961   0.02879   0.00624  -0.0985   0.4091   1.0000  73.6223 300.0000
   6.000   1.2961   0.02879   0.00624  -0.0985   0.4091   1.0000  73.6223 300.0000
   6.000   1.2961   0.02879   0.00624  -0.0985   0.4091   1.0000  73.6223 300.0000
   7.000   1.3345   0.03196   0.00677  -0.0920   0.3977   1.0000  74.7540 300.0000
   7.000   1.3345   0.03196   0.00677  -0.0920   0.3977   1.0000  74.7540 300.0000
   7.000   1.3345   0.03196   0.00677  -0.0920   0.3977   1.0000  74.7540 300.0000
   7.000   1.3345   0.03196   0.00677  -0.0920   0.3977   1.0000  74.7540 300.0000
   7.000   1.3345   0.03196   0.00677  -0.0920   0.3977   1.0000  74.7540 300.0000
   8.000   1.3760   0.03555   0.00748  -0.0871   0.3866   1.0000  75.8788 300.0000
   8.000   1.3760   0.03555   0.00748  -0.0871   0.3866   1.0000  75.8788 300.0000
   8.000   1.3760   0.03555   0.00748  -0.0871   0.3866   1.0000  75.8788 300.0000
   8.000   1.3760   0.03555   0.00748  -0.0871   0.3866   1.0000  75.8788 300.0000
   8.000   1.3760   0.03555   0.00748  -0.0871   0.3866   1.0000  75.8788 300.0000
   9.000   1.4194   0.03951   0.00839  -0.0833   0.3761   1.0000  76.9548 300.0000
   9.000   1.4194   0.03951   0.00839  -0.0833   0.3761   1.0000  76.9548 300.0000
   9.000   1.4194   0.03951   0.00839  -0.0833   0.3761   1.0000  76.9548 300.0000
   9.000   1.4194   0.03951   0.00839  -0.0833   0.3761   1.0000  76.9548 300.0000
   9.000   1.4194   0.03951   0.00839  -0.0833   0.3761   1.0000  76.9548 300.0000
  10.000   1.4604   0.04398   0.00958  -0.0800   0.3661   1.0000  78.0047 300.0000
  10.000   1.4604   0.04398   0.00958  -0.0800   0.3661   1.0000  78.0046 300.0000
  10.000   1.4604   0.04398   0.00958  -0.0800   0.3661   1.0000  78.0045 300.0000
  10.000   1.4604   0.04398   0.00958  -0.0800   0.3661   1.0000  78.0045 300.0000
  10.000   1.4604   0.04398   0.00958  -0.0800   0.3661   1.0000  78.0045 300.0000
  11.000   1.4778   0.05056   0.01228  -0.0758   0.3560   1.0000  79.0629 300.0000
  11.000   1.4777   0.05056   0.01228  -0.0758   0.3560   1.0000  79.0631 300.0000
  11.000   1.4777   0.05056   0.01228  -0.0758   0.3560   1.0000  79.0632 300.0000
  11.000   1.4777   0.05056   0.01228  -0.0758   0.3560   1.0000  79.0633 300.0000
  11.000   1.4777   0.05056   0.01228  -0.0758   0.3560   1.0000  79.0633 300.0000
  12.000   1.4408   0.06253   0.01930  -0.0696   0.3443   1.0000  80.3126 300.0000
  12.000   1.4408   0.06253   0.01930  -0.0696   0.3443   1.0000  80.3130 300.0000
  12.000   1.4407   0.06253   0.01931  -0.0696   0.3443   1.0000  80.3131 300.0000
  12.000   1.4407   0.06253   0.01931  -0.0696   0.3443   1.0000  80.3132 300.0000
  12.000   1.4407   0.06253   0.01931  -0.0696   0.3443   1.0000  80.3132 300.0000
  14.000   1.3298   0.09445   0.04236  -0.0610   0.3194   1.0000  83.0333 300.0000
  14.000   1.3298   0.09445   0.04236  -0.0610   0.3194   1.0000  83.0334 300.0000
  14.000   1.3298   0.09445   0.04236  -0.0610   0.3194   1.0000  83.0334 300.0000
  14.000   1.3298   0.09445   0.04236  -0.0610   0.3194   1.0000  83.0334 300.0000
  14.000   1.3298   0.09445   0.04236  -0.0610   0.3194   1.0000  83.0334 300.0000
  17.000   0.5290   0.18501   0.16001  -0.0376   0.2475   1.0000  91.5030 300.0000
  17.000   0.5291   0.18503   0.16001  -0.0376   0.2475   1.0000  91.5023 300.0000
  17.000   0.5291   0.18503   0.16001  -0.0376   0.2475   1.0000  91.5021 300.0000
  17.000   0.5291   0.18503   0.16001  -0.0376   0.2475   1.0000  91.5021 300.0000
  17.000   0.5291   0.18503   0.16001  -0.0376   0.2475   1.0000  91.5021 300.0000
  18.000   0.5727   0.18659   0.16165  -0.0386   0.2298   1.0000  93.8087 300.0000
  18.000   0.5728   0.18659   0.16166  -0.0386   0.2298   1.0000  93.8086 300.0000
  18.000   0.5728   0.18659   0.16166  -0.0386   0.2298   1.0000  93.8085 300.0000
  18.000   0.5728   0.18659   0.16166  -0.0386   0.2298   1.0000  93.8085 300.0000
  19.000   0.6243   0.18600   0.15934  -0.0398   0.2084   1.0000  96.7439 300.0000
  19.000   0.6243   0.18601   0.15934  -0.0398   0.2084   1.0000  96.7437 300.0000
  19.000   0.6243   0.18601   0.15934  -0.0398   0.2084   1.0000  96.7437 300.0000
  19.000   0.6243   0.18601   0.15934  -0.0398   0.2084   1.0000  96.7437 300.0000
  19.000   0.6243   0.18601   0.15934  -0.0398   0.2084   1.0000  96.7437 300.0000
