  
       XFOIL         Version 6.99
  
 Calculated polar for: GOE 561 AIRFOIL                                 
  
 1 1 Reynolds number fixed          Mach number fixed         
  
 xtrf =   1.000 (top)        1.000 (bottom)  
 Mach =   0.000     Re =     0.475 e 6     Ncrit =   9.000  9.000
  
   alpha    CL        CD       CDp       CM     Top_Xtr  Bot_Xtr  Top_Itr  Bot_Itr
  ------ -------- --------- --------- -------- -------- -------- -------- --------
   0.000   0.6383   0.02431   0.00849  -0.0764   0.4575   0.0572  69.0840 201.1394
   0.000   0.6383   0.02431   0.00849  -0.0764   0.4575   0.0572  69.0840 201.1394
   0.000   0.6383   0.02431   0.00849  -0.0764   0.4575   0.0572  69.0840 201.1394
   0.000   0.6383   0.02431   0.00849  -0.0764   0.4575   0.0572  69.0840 201.1394
   0.000   0.6383   0.02431   0.00849  -0.0764   0.4575   0.0572  69.0840 201.1394
   1.000   0.6923   0.02291   0.00583  -0.0665   0.4488   0.0651  69.8634 203.2807
   1.000   0.6923   0.02291   0.00583  -0.0665   0.4488   0.0651  69.8633 203.2804
   1.000   0.6923   0.02291   0.00583  -0.0665   0.4488   0.0651  69.8633 203.2804
   1.000   0.6923   0.02291   0.00583  -0.0665   0.4488   0.0651  69.8633 203.2804
   1.000   0.6923   0.02291   0.00583  -0.0665   0.4488   0.0651  69.8633 203.2804
   2.000   0.7612   0.02107   0.00234  -0.0581   0.4394   0.0506  70.7219 199.1686
   2.000   0.7612   0.02107   0.00234  -0.0581   0.4394   0.0506  70.7219 199.1687
   2.000   0.7612   0.02107   0.00234  -0.0581   0.4394   0.0506  70.7219 199.1687
   2.000   0.7612   0.02107   0.00234  -0.0581   0.4394   0.0506  70.7219 199.1687
   2.000   0.7612   0.02107   0.00234  -0.0581   0.4394   0.0506  70.7219 199.1687
   3.000   0.8285   0.02073   0.00055  -0.0518   0.4292   0.0483  71.6756 198.4204
   3.000   0.8285   0.02073   0.00055  -0.0518   0.4292   0.0483  71.6755 198.4202
   3.000   0.8285   0.02073   0.00055  -0.0518   0.4292   0.0483  71.6755 198.4202
   3.000   0.8285   0.02073   0.00055  -0.0518   0.4292   0.0483  71.6755 198.4202
   3.000   0.8285   0.02073   0.00055  -0.0518   0.4292   0.0483  71.6755 198.4202
   4.000   0.8859   0.02138  -0.00052  -0.0450   0.4183   0.0512  72.7173 199.3432
   4.000   0.8859   0.02138  -0.00052  -0.0450   0.4183   0.0512  72.7172 199.3427
   4.000   0.8859   0.02138  -0.00052  -0.0450   0.4183   0.0512  72.7172 199.3427
   4.000   0.8859   0.02138  -0.00052  -0.0450   0.4183   0.0512  72.7172 199.3427
   4.000   0.8859   0.02138  -0.00052  -0.0450   0.4183   0.0512  72.7172 199.3427
   5.000   0.9405   0.02274  -0.00122  -0.0389   0.4067   0.0565  73.8566 200.9294
   5.000   0.9405   0.02274  -0.00122  -0.0389   0.4067   0.0565  73.8565 200.9288
   5.000   0.9405   0.02274  -0.00122  -0.0389   0.4067   0.0565  73.8565 200.9288
   5.000   0.9405   0.02274  -0.00122  -0.0389   0.4067   0.0565  73.8565 200.9288
   5.000   0.9405   0.02274  -0.00122  -0.0389   0.4067   0.0565  73.8565 200.9288
   6.000   1.2989   0.02533   0.00409  -0.0989   0.3891   1.0000  75.6239 300.0000
   6.000   1.2989   0.02533   0.00409  -0.0989   0.3891   1.0000  75.6239 300.0000
   6.000   1.2989   0.02533   0.00409  -0.0989   0.3891   1.0000  75.6239 300.0000
   6.000   1.2989   0.02533   0.00409  -0.0989   0.3891   1.0000  75.6239 300.0000
   6.000   1.2989   0.02533   0.00409  -0.0989   0.3891   1.0000  75.6239 300.0000
   7.000   1.3410   0.02899   0.00499  -0.0935   0.3766   1.0000  76.9039 300.0000
   7.000   1.3410   0.02899   0.00499  -0.0935   0.3766   1.0000  76.9039 300.0000
   7.000   1.3410   0.02899   0.00499  -0.0935   0.3766   1.0000  76.9039 300.0000
   7.000   1.3410   0.02899   0.00499  -0.0935   0.3766   1.0000  76.9039 300.0000
   7.000   1.3410   0.02899   0.00499  -0.0935   0.3766   1.0000  76.9039 300.0000
   8.000   1.3794   0.03340   0.00637  -0.0888   0.3647   1.0000  78.1506 300.0000
   8.000   1.3794   0.03340   0.00637  -0.0888   0.3647   1.0000  78.1506 300.0000
   8.000   1.3794   0.03340   0.00637  -0.0888   0.3647   1.0000  78.1506 300.0000
   8.000   1.3794   0.03340   0.00637  -0.0888   0.3647   1.0000  78.1506 300.0000
   8.000   1.3794   0.03340   0.00637  -0.0888   0.3647   1.0000  78.1506 300.0000
   9.000   1.4126   0.03861   0.00825  -0.0847   0.3532   1.0000  79.3685 300.0000
   9.000   1.4126   0.03861   0.00825  -0.0847   0.3532   1.0000  79.3685 300.0000
   9.000   1.4126   0.03861   0.00825  -0.0847   0.3532   1.0000  79.3685 300.0000
   9.000   1.4126   0.03861   0.00825  -0.0847   0.3532   1.0000  79.3685 300.0000
   9.000   1.4126   0.03861   0.00825  -0.0847   0.3532   1.0000  79.3685 300.0000
  10.000   1.4425   0.04439   0.01044  -0.0811   0.3423   1.0000  80.5259 300.0000
  10.000   1.4425   0.04439   0.01044  -0.0811   0.3423   1.0000  80.5259 300.0000
  10.000   1.4425   0.04439   0.01044  -0.0811   0.3423   1.0000  80.5259 300.0000
  10.000   1.4425   0.04439   0.01044  -0.0811   0.3423   1.0000  80.5259 300.0000
  10.000   1.4425   0.04439   0.01044  -0.0811   0.3423   1.0000  80.5259 300.0000
  11.000   1.4706   0.05060   0.01287  -0.0781   0.3323   1.0000  81.6132 300.0000
  11.000   1.4706   0.05060   0.01287  -0.0781   0.3323   1.0000  81.6131 300.0000
  11.000   1.4707   0.05060   0.01287  -0.0781   0.3323   1.0000  81.6131 300.0000
  11.000   1.4707   0.05060   0.01287  -0.0781   0.3323   1.0000  81.6131 300.0000
  11.000   1.4707   0.05060   0.01287  -0.0781   0.3323   1.0000  81.6131 300.0000
  12.000   1.5011   0.05683   0.01525  -0.0759   0.3237   1.0000  82.5600 300.0000
  12.000   1.5011   0.05683   0.01525  -0.0759   0.3237   1.0000  82.5600 300.0000
  12.000   1.5011   0.05683   0.01525  -0.0759   0.3237   1.0000  82.5600 300.0000
  12.000   1.5011   0.05683   0.01525  -0.0759   0.3237   1.0000  82.5600 300.0000
  12.000   1.5011   0.05683   0.01525  -0.0759   0.3237   1.0000  82.5600 300.0000
  13.000   1.5294   0.06340   0.01780  -0.0742   0.3154   1.0000  83.4693 300.0000
  13.000   1.5294   0.06340   0.01780  -0.0742   0.3154   1.0000  83.4693 300.0000
  13.000   1.5294   0.06340   0.01780  -0.0742   0.3154   1.0000  83.4693 300.0000
  13.000   1.5294   0.06340   0.01780  -0.0742   0.3154   1.0000  83.4693 300.0000
  13.000   1.5294   0.06340   0.01780  -0.0742   0.3154   1.0000  83.4693 300.0000
  14.000   1.5644   0.06937   0.01977  -0.0732   0.3084   1.0000  84.2529 300.0000
  14.000   1.5644   0.06937   0.01977  -0.0732   0.3084   1.0000  84.2529 300.0000
  14.000   1.5644   0.06937   0.01977  -0.0732   0.3084   1.0000  84.2529 300.0000
  14.000   1.5644   0.06937   0.01977  -0.0732   0.3084   1.0000  84.2529 300.0000
  14.000   1.5644   0.06937   0.01977  -0.0732   0.3084   1.0000  84.2529 300.0000
  15.000   1.6129   0.07390   0.02036  -0.0732   0.3019   1.0000  84.9878 300.0000
  15.000   1.6129   0.07390   0.02036  -0.0732   0.3019   1.0000  84.9879 300.0000
  15.000   1.6129   0.07390   0.02036  -0.0732   0.3019   1.0000  84.9879 300.0000
  15.000   1.6129   0.07390   0.02036  -0.0732   0.3019   1.0000  84.9879 300.0000
  15.000   1.6129   0.07390   0.02036  -0.0732   0.3019   1.0000  84.9879 300.0000
  17.000   1.6214   0.09256   0.03017  -0.0713   0.2877   1.0000  86.6217 300.0000
  17.000   1.6214   0.09256   0.03017  -0.0713   0.2877   1.0000  86.6218 300.0000
  17.000   1.6214   0.09255   0.03017  -0.0713   0.2877   1.0000  86.6219 300.0000
  17.000   1.6214   0.09255   0.03017  -0.0713   0.2877   1.0000  86.6219 300.0000
  17.000   1.6214   0.09255   0.03017  -0.0713   0.2877   1.0000  86.6219 300.0000
  18.000   1.6263   0.10184   0.03561  -0.0711   0.2812   1.0000  87.3771 300.0000
  18.000   1.6264   0.10184   0.03561  -0.0711   0.2812   1.0000  87.3770 300.0000
  18.000   1.6264   0.10184   0.03561  -0.0711   0.2812   1.0000  87.3770 300.0000
  18.000   1.6264   0.10184   0.03561  -0.0711   0.2812   1.0000  87.3770 300.0000
  18.000   1.6264   0.10184   0.03561  -0.0711   0.2812   1.0000  87.3770 300.0000
  19.000   1.6777   0.10569   0.03560  -0.0727   0.2766   1.0000  87.9206 300.0000
  19.000   1.6777   0.10570   0.03560  -0.0727   0.2766   1.0000  87.9205 300.0000
  19.000   1.6777   0.10570   0.03560  -0.0727   0.2766   1.0000  87.9205 300.0000
  19.000   1.6777   0.10570   0.03560  -0.0727   0.2766   1.0000  87.9205 300.0000
  19.000   1.6777   0.10570   0.03560  -0.0727   0.2766   1.0000  87.9205 300.0000
