  
       XFOIL         Version 6.99
  
 Calculated polar for: GOE 570 AIRFOIL                                 
  
 1 1 Reynolds number fixed          Mach number fixed         
  
 xtrf =   1.000 (top)        1.000 (bottom)  
 Mach =   0.000     Re =     0.550 e 6     Ncrit =   9.000  9.000
  
   alpha    CL        CD       CDp       CM     Top_Xtr  Bot_Xtr  Top_Itr  Bot_Itr
  ------ -------- --------- --------- -------- -------- -------- -------- --------
   0.000   0.2612   0.02222  -0.00413  -0.0309   0.4739   0.2413  63.4278 229.2228
   0.000   0.2612   0.02222  -0.00413  -0.0309   0.4739   0.2413  63.4277 229.2226
   0.000   0.2612   0.02222  -0.00413  -0.0309   0.4739   0.2413  63.4277 229.2226
   0.000   0.2612   0.02222  -0.00413  -0.0309   0.4739   0.2413  63.4277 229.2226
   0.000   0.2612   0.02222  -0.00413  -0.0309   0.4739   0.2413  63.4277 229.2226
   1.000   0.3225   0.02338  -0.00494  -0.0257   0.4636   0.2734  64.4158 231.9361
   1.000   0.3224   0.02338  -0.00494  -0.0257   0.4636   0.2734  64.4158 231.9355
   1.000   0.3224   0.02338  -0.00494  -0.0257   0.4636   0.2734  64.4158 231.9356
   1.000   0.3224   0.02338  -0.00494  -0.0257   0.4636   0.2734  64.4158 231.9356
   1.000   0.3224   0.02338  -0.00494  -0.0257   0.4636   0.2734  64.4158 231.9356
   2.000   0.3866   0.02441  -0.00547  -0.0218   0.4538   0.4567  65.3698 246.0815
   2.000   0.3866   0.02441  -0.00547  -0.0218   0.4538   0.4567  65.3699 246.0823
   2.000   0.3866   0.02441  -0.00546  -0.0218   0.4538   0.4567  65.3699 246.0822
   2.000   0.3866   0.02441  -0.00546  -0.0218   0.4538   0.4567  65.3699 246.0822
   2.000   0.3866   0.02441  -0.00546  -0.0218   0.4538   0.4567  65.3699 246.0822
   3.000   0.4534   0.02603  -0.00593  -0.0187   0.4442   0.5534  66.3077 252.6854
   3.000   0.4534   0.02603  -0.00593  -0.0187   0.4442   0.5534  66.3076 252.6853
   3.000   0.4534   0.02603  -0.00593  -0.0187   0.4442   0.5534  66.3076 252.6854
   3.000   0.4534   0.02603  -0.00593  -0.0187   0.4442   0.5534  66.3076 252.6854
   3.000   0.4534   0.02603  -0.00593  -0.0187   0.4442   0.5534  66.3076 252.6854
   5.000   0.8876   0.03454   0.00130  -0.0785   0.4236   0.9878  68.3465 295.9614
   5.000   0.8876   0.03454   0.00130  -0.0785   0.4236   0.9878  68.3465 295.9615
   5.000   0.8876   0.03454   0.00130  -0.0785   0.4236   0.9878  68.3465 295.9615
   5.000   0.8876   0.03454   0.00130  -0.0785   0.4236   0.9878  68.3465 295.9615
   5.000   0.8876   0.03454   0.00130  -0.0785   0.4236   0.9878  68.3465 295.9615
   6.000   1.0411   0.03883   0.00337  -0.0961   0.4144   1.0000  69.2806 300.0000
   6.000   1.0411   0.03883   0.00337  -0.0961   0.4144   1.0000  69.2806 300.0000
   6.000   1.0411   0.03883   0.00337  -0.0961   0.4144   1.0000  69.2806 300.0000
   6.000   1.0411   0.03883   0.00337  -0.0961   0.4144   1.0000  69.2806 300.0000
   6.000   1.0411   0.03883   0.00337  -0.0961   0.4144   1.0000  69.2806 300.0000
   7.000   1.0918   0.04168   0.00315  -0.0925   0.4064   1.0000  70.0999 300.0000
   7.000   1.0918   0.04168   0.00315  -0.0925   0.4064   1.0000  70.1000 300.0000
   7.000   1.0918   0.04168   0.00315  -0.0925   0.4064   1.0000  70.1000 300.0000
   7.000   1.0918   0.04168   0.00315  -0.0925   0.4064   1.0000  70.1000 300.0000
   7.000   1.0918   0.04168   0.00315  -0.0925   0.4064   1.0000  70.1000 300.0000
   8.000   1.1381   0.04506   0.00321  -0.0890   0.3981   1.0000  70.9475 300.0000
   8.000   1.1381   0.04506   0.00321  -0.0890   0.3981   1.0000  70.9475 300.0000
   8.000   1.1381   0.04506   0.00321  -0.0890   0.3981   1.0000  70.9475 300.0000
   8.000   1.1381   0.04506   0.00321  -0.0890   0.3981   1.0000  70.9475 300.0000
   8.000   1.1381   0.04506   0.00321  -0.0890   0.3981   1.0000  70.9475 300.0000
   9.000   1.1724   0.04954   0.00403  -0.0848   0.3899   1.0000  71.8035 300.0000
   9.000   1.1724   0.04955   0.00403  -0.0848   0.3899   1.0000  71.8034 300.0000
   9.000   1.1724   0.04955   0.00403  -0.0848   0.3899   1.0000  71.8034 300.0000
   9.000   1.1724   0.04955   0.00403  -0.0848   0.3899   1.0000  71.8034 300.0000
   9.000   1.1724   0.04955   0.00403  -0.0848   0.3899   1.0000  71.8034 300.0000
  10.000   1.2090   0.05409   0.00478  -0.0814   0.3818   1.0000  72.6594 300.0000
  10.000   1.2090   0.05409   0.00478  -0.0814   0.3817   1.0000  72.6595 300.0000
  10.000   1.2090   0.05409   0.00478  -0.0814   0.3817   1.0000  72.6595 300.0000
  10.000   1.2090   0.05409   0.00478  -0.0814   0.3817   1.0000  72.6595 300.0000
  10.000   1.2090   0.05409   0.00478  -0.0814   0.3817   1.0000  72.6595 300.0000
  11.000   1.2469   0.05869   0.00546  -0.0786   0.3742   1.0000  73.4568 300.0000
  11.000   1.2469   0.05869   0.00546  -0.0786   0.3742   1.0000  73.4569 300.0000
  11.000   1.2469   0.05869   0.00546  -0.0786   0.3742   1.0000  73.4569 300.0000
  11.000   1.2469   0.05869   0.00546  -0.0786   0.3742   1.0000  73.4569 300.0000
  11.000   1.2469   0.05869   0.00546  -0.0786   0.3742   1.0000  73.4569 300.0000
  12.000   1.2910   0.06290   0.00569  -0.0768   0.3672   1.0000  74.2124 300.0000
  12.000   1.2910   0.06290   0.00569  -0.0768   0.3672   1.0000  74.2124 300.0000
  12.000   1.2910   0.06290   0.00569  -0.0768   0.3672   1.0000  74.2124 300.0000
  12.000   1.2910   0.06290   0.00569  -0.0768   0.3672   1.0000  74.2124 300.0000
  12.000   1.2910   0.06290   0.00569  -0.0768   0.3672   1.0000  74.2124 300.0000
  13.000   1.3392   0.06682   0.00555  -0.0758   0.3605   1.0000  74.9307 300.0000
  13.000   1.3392   0.06682   0.00555  -0.0758   0.3605   1.0000  74.9306 300.0000
  13.000   1.3392   0.06682   0.00555  -0.0758   0.3605   1.0000  74.9306 300.0000
  13.000   1.3392   0.06682   0.00555  -0.0758   0.3605   1.0000  74.9306 300.0000
  13.000   1.3392   0.06682   0.00555  -0.0758   0.3605   1.0000  74.9306 300.0000
  14.000   1.3524   0.07386   0.00803  -0.0725   0.3528   1.0000  75.7737 300.0000
  14.000   1.3524   0.07385   0.00803  -0.0725   0.3528   1.0000  75.7738 300.0000
  14.000   1.3524   0.07385   0.00803  -0.0725   0.3528   1.0000  75.7738 300.0000
  14.000   1.3524   0.07385   0.00803  -0.0725   0.3528   1.0000  75.7738 300.0000
  14.000   1.3524   0.07385   0.00803  -0.0725   0.3528   1.0000  75.7738 300.0000
  15.000   0.8155   0.13959   0.08638  -0.0382   0.3044   1.0000  81.2663 300.0000
  15.000   0.8155   0.13959   0.08638  -0.0382   0.3044   1.0000  81.2668 300.0000
  15.000   0.8155   0.13959   0.08638  -0.0382   0.3044   1.0000  81.2668 300.0000
  15.000   0.8155   0.13959   0.08638  -0.0382   0.3044   1.0000  81.2668 300.0000
  15.000   0.8155   0.13959   0.08638  -0.0382   0.3044   1.0000  81.2668 300.0000
  17.000   1.4395   0.09103   0.01213  -0.0688   0.3335   1.0000  77.9228 300.0000
  17.000   1.4395   0.09103   0.01213  -0.0688   0.3335   1.0000  77.9228 300.0000
  17.000   1.4395   0.09103   0.01213  -0.0688   0.3335   1.0000  77.9228 300.0000
  17.000   1.4395   0.09103   0.01213  -0.0688   0.3335   1.0000  77.9228 300.0000
  17.000   1.4395   0.09103   0.01213  -0.0688   0.3335   1.0000  77.9228 300.0000
  18.000   1.4325   0.10027   0.01745  -0.0663   0.3246   1.0000  78.9257 300.0000
  18.000   1.4325   0.10027   0.01745  -0.0663   0.3246   1.0000  78.9256 300.0000
  18.000   1.4325   0.10027   0.01745  -0.0663   0.3246   1.0000  78.9256 300.0000
  18.000   1.4325   0.10027   0.01745  -0.0663   0.3246   1.0000  78.9256 300.0000
  18.000   1.4325   0.10027   0.01745  -0.0663   0.3246   1.0000  78.9256 300.0000
  19.000   1.4322   0.10894   0.02289  -0.0648   0.3155   1.0000  79.9702 300.0000
  19.000   1.4322   0.10895   0.02289  -0.0648   0.3155   1.0000  79.9702 300.0000
  19.000   1.4322   0.10895   0.02289  -0.0648   0.3155   1.0000  79.9702 300.0000
  19.000   1.4322   0.10895   0.02289  -0.0648   0.3155   1.0000  79.9702 300.0000
  19.000   1.4322   0.10895   0.02289  -0.0648   0.3155   1.0000  79.9702 300.0000
