  
       XFOIL         Version 6.99
  
 Calculated polar for: GOE 570 AIRFOIL                                 
  
 1 1 Reynolds number fixed          Mach number fixed         
  
 xtrf =   1.000 (top)        1.000 (bottom)  
 Mach =   0.000     Re =     0.350 e 6     Ncrit =   9.000  9.000
  
   alpha    CL        CD       CDp       CM     Top_Xtr  Bot_Xtr  Top_Itr  Bot_Itr
  ------ -------- --------- --------- -------- -------- -------- -------- --------
   1.000   0.3683   0.02371  -0.00389  -0.0338   0.4822   0.4735  62.6320 247.2564
   1.000   0.3683   0.02371  -0.00389  -0.0338   0.4822   0.4735  62.6320 247.2562
   1.000   0.3683   0.02371  -0.00389  -0.0338   0.4822   0.4735  62.6320 247.2563
   1.000   0.3683   0.02371  -0.00389  -0.0338   0.4822   0.4735  62.6320 247.2563
   1.000   0.3683   0.02371  -0.00389  -0.0338   0.4822   0.4735  62.6320 247.2563
   2.000   0.4225   0.02499  -0.00459  -0.0276   0.4718   0.5663  63.6266 253.5464
   2.000   0.4225   0.02499  -0.00459  -0.0276   0.4718   0.5663  63.6266 253.5459
   2.000   0.4225   0.02499  -0.00459  -0.0276   0.4718   0.5663  63.6266 253.5460
   2.000   0.4225   0.02499  -0.00459  -0.0276   0.4718   0.5663  63.6266 253.5460
   2.000   0.4225   0.02499  -0.00459  -0.0276   0.4718   0.5663  63.6266 253.5460
   3.000   0.4800   0.02612  -0.00504  -0.0225   0.4618   0.7473  64.5933 265.9382
   3.000   0.4800   0.02612  -0.00504  -0.0225   0.4618   0.7472  64.5933 265.9360
   3.000   0.4800   0.02612  -0.00504  -0.0225   0.4618   0.7472  64.5933 265.9367
   3.000   0.4800   0.02612  -0.00504  -0.0225   0.4618   0.7472  64.5933 265.9368
   3.000   0.4800   0.02612  -0.00504  -0.0225   0.4618   0.7472  64.5933 265.9368
   4.000   0.8739   0.03188   0.00133  -0.0874   0.4501   0.9837  65.7298 294.7984
   4.000   0.8739   0.03188   0.00133  -0.0874   0.4501   0.9837  65.7298 294.7984
   4.000   0.8739   0.03188   0.00133  -0.0874   0.4501   0.9837  65.7298 294.7983
   4.000   0.8739   0.03188   0.00133  -0.0874   0.4501   0.9837  65.7298 294.7983
   4.000   0.8739   0.03188   0.00133  -0.0874   0.4501   0.9837  65.7298 294.7983
   5.000   1.0243   0.03565   0.00298  -0.1036   0.4401   1.0000  66.7079 300.0000
   5.000   1.0243   0.03565   0.00298  -0.1036   0.4401   1.0000  66.7079 300.0000
   5.000   1.0243   0.03565   0.00298  -0.1036   0.4401   1.0000  66.7079 300.0000
   5.000   1.0243   0.03565   0.00298  -0.1036   0.4401   1.0000  66.7079 300.0000
   5.000   1.0243   0.03565   0.00298  -0.1036   0.4401   1.0000  66.7079 300.0000
   6.000   1.0556   0.03893   0.00317  -0.0969   0.4310   1.0000  67.6092 300.0000
   6.000   1.0556   0.03893   0.00317  -0.0969   0.4310   1.0000  67.6092 300.0000
   6.000   1.0556   0.03893   0.00317  -0.0969   0.4310   1.0000  67.6092 300.0000
   6.000   1.0556   0.03893   0.00317  -0.0969   0.4310   1.0000  67.6092 300.0000
   6.000   1.0556   0.03893   0.00317  -0.0969   0.4310   1.0000  67.6092 300.0000
   7.000   1.0875   0.04267   0.00360  -0.0910   0.4220   1.0000  68.5152 300.0000
   7.000   1.0875   0.04267   0.00360  -0.0910   0.4220   1.0000  68.5150 300.0000
   7.000   1.0875   0.04267   0.00360  -0.0910   0.4220   1.0000  68.5150 300.0000
   7.000   1.0875   0.04267   0.00360  -0.0910   0.4220   1.0000  68.5150 300.0000
   7.000   1.0875   0.04267   0.00360  -0.0910   0.4220   1.0000  68.5150 300.0000
   8.000   1.1215   0.04670   0.00416  -0.0860   0.4134   1.0000  69.3824 300.0000
   8.000   1.1215   0.04670   0.00416  -0.0860   0.4134   1.0000  69.3823 300.0000
   8.000   1.1215   0.04670   0.00416  -0.0860   0.4134   1.0000  69.3823 300.0000
   8.000   1.1215   0.04670   0.00416  -0.0860   0.4134   1.0000  69.3823 300.0000
   8.000   1.1215   0.04670   0.00416  -0.0860   0.4134   1.0000  69.3823 300.0000
   9.000   1.1649   0.05040   0.00435  -0.0827   0.4053   1.0000  70.2087 300.0000
   9.000   1.1649   0.05040   0.00435  -0.0827   0.4053   1.0000  70.2086 300.0000
   9.000   1.1649   0.05040   0.00435  -0.0827   0.4053   1.0000  70.2085 300.0000
   9.000   1.1649   0.05040   0.00435  -0.0827   0.4053   1.0000  70.2085 300.0000
   9.000   1.1649   0.05040   0.00435  -0.0827   0.4053   1.0000  70.2085 300.0000
  10.000   1.2249   0.05313   0.00367  -0.0814   0.3981   1.0000  70.9519 300.0000
  10.000   1.2249   0.05313   0.00367  -0.0814   0.3981   1.0000  70.9519 300.0000
  10.000   1.2249   0.05313   0.00367  -0.0814   0.3981   1.0000  70.9519 300.0000
  10.000   1.2249   0.05313   0.00367  -0.0814   0.3981   1.0000  70.9519 300.0000
  10.000   1.2249   0.05313   0.00367  -0.0814   0.3981   1.0000  70.9519 300.0000
  11.000   1.2283   0.06012   0.00626  -0.0753   0.3889   1.0000  71.9080 300.0000
  11.000   1.2283   0.06012   0.00626  -0.0753   0.3889   1.0000  71.9079 300.0000
  11.000   1.2283   0.06012   0.00626  -0.0753   0.3889   1.0000  71.9079 300.0000
  11.000   1.2283   0.06012   0.00626  -0.0753   0.3889   1.0000  71.9079 300.0000
  11.000   1.2283   0.06012   0.00626  -0.0753   0.3889   1.0000  71.9079 300.0000
  12.000   1.2204   0.06855   0.01015  -0.0692   0.3794   1.0000  72.9018 300.0000
  12.000   1.2204   0.06855   0.01015  -0.0692   0.3794   1.0000  72.9017 300.0000
  12.000   1.2204   0.06855   0.01015  -0.0692   0.3794   1.0000  72.9017 300.0000
  12.000   1.2204   0.06855   0.01015  -0.0692   0.3794   1.0000  72.9017 300.0000
  12.000   1.2204   0.06855   0.01015  -0.0692   0.3794   1.0000  72.9017 300.0000
  13.000   0.3916   0.17778   0.16296  -0.0261   0.3171   1.0000  79.7883 300.0000
  13.000   0.3916   0.17778   0.16296  -0.0261   0.3171   1.0000  79.7883 300.0000
  13.000   0.3916   0.17778   0.16296  -0.0261   0.3171   1.0000  79.7883 300.0000
  13.000   0.3916   0.17778   0.16296  -0.0261   0.3171   1.0000  79.7883 300.0000
  13.000   0.3916   0.17778   0.16296  -0.0261   0.3171   1.0000  79.7883 300.0000
  14.000   0.4386   0.18211   0.16971  -0.0269   0.3030   1.0000  81.4339 300.0000
  14.000   0.4386   0.18213   0.16971  -0.0269   0.3030   1.0000  81.4339 300.0000
  14.000   0.4386   0.18213   0.16971  -0.0269   0.3030   1.0000  81.4338 300.0000
  14.000   0.4386   0.18213   0.16971  -0.0269   0.3030   1.0000  81.4338 300.0000
  14.000   0.4386   0.18213   0.16971  -0.0269   0.3030   1.0000  81.4338 300.0000
  16.000   0.5742   0.18452   0.16934  -0.0302   0.2797   1.0000  84.2248 300.0000
  16.000   0.5742   0.18453   0.16934  -0.0302   0.2797   1.0000  84.2250 300.0000
  16.000   0.5742   0.18453   0.16934  -0.0302   0.2797   1.0000  84.2250 300.0000
  16.000   0.5742   0.18453   0.16934  -0.0302   0.2797   1.0000  84.2250 300.0000
  16.000   0.5742   0.18453   0.16934  -0.0302   0.2797   1.0000  84.2250 300.0000
  18.000   0.4465   0.16329   0.11554  -0.0123   0.2329   1.0000  90.1745 300.0000
  18.000   0.4465   0.16327   0.11553  -0.0123   0.2330   1.0000  90.1743 300.0000
  18.000   0.4465   0.16326   0.11553  -0.0123   0.2330   1.0000  90.1741 300.0000
  18.000   0.4465   0.16327   0.11553  -0.0123   0.2330   1.0000  90.1741 300.0000
  18.000   0.4465   0.16327   0.11553  -0.0123   0.2330   1.0000  90.1741 300.0000
  19.000   0.4753   0.16548   0.11937  -0.0132   0.2209   1.0000  91.7964 300.0000
  19.000   0.4753   0.16547   0.11937  -0.0132   0.2208   1.0000  91.7965 300.0000
  19.000   0.4753   0.16547   0.11937  -0.0132   0.2208   1.0000  91.7965 300.0000
  19.000   0.4753   0.16547   0.11937  -0.0132   0.2208   1.0000  91.7965 300.0000
  19.000   0.4753   0.16547   0.11937  -0.0132   0.2208   1.0000  91.7965 300.0000
