  
       XFOIL         Version 6.99
  
 Calculated polar for: GOE 570 AIRFOIL                                 
  
 1 1 Reynolds number fixed          Mach number fixed         
  
 xtrf =   1.000 (top)        1.000 (bottom)  
 Mach =   0.000     Re =     0.525 e 6     Ncrit =   9.000  9.000
  
   alpha    CL        CD       CDp       CM     Top_Xtr  Bot_Xtr  Top_Itr  Bot_Itr
  ------ -------- --------- --------- -------- -------- -------- -------- --------
   0.000   0.2692   0.02217  -0.00414  -0.0322   0.4759   0.2455  63.2326 229.5871
   0.000   0.2692   0.02217  -0.00414  -0.0322   0.4759   0.2455  63.2326 229.5874
   0.000   0.2692   0.02217  -0.00414  -0.0322   0.4759   0.2455  63.2326 229.5873
   0.000   0.2692   0.02217  -0.00414  -0.0322   0.4759   0.2455  63.2326 229.5873
   0.000   0.2692   0.02217  -0.00414  -0.0322   0.4759   0.2455  63.2326 229.5873
   1.000   0.3309   0.02321  -0.00498  -0.0271   0.4656   0.2886  64.2190 233.1964
   1.000   0.3309   0.02321  -0.00498  -0.0271   0.4656   0.2886  64.2190 233.1966
   1.000   0.3309   0.02321  -0.00498  -0.0271   0.4656   0.2886  64.2190 233.1966
   1.000   0.3309   0.02321  -0.00498  -0.0271   0.4656   0.2886  64.2190 233.1966
   1.000   0.3309   0.02321  -0.00498  -0.0271   0.4656   0.2886  64.2190 233.1966
   2.000   0.3948   0.02424  -0.00553  -0.0230   0.4558   0.4707  65.1726 247.0612
   2.000   0.3948   0.02424  -0.00553  -0.0230   0.4558   0.4707  65.1727 247.0615
   2.000   0.3948   0.02424  -0.00553  -0.0230   0.4558   0.4707  65.1727 247.0617
   2.000   0.3948   0.02424  -0.00553  -0.0230   0.4558   0.4707  65.1727 247.0616
   2.000   0.3948   0.02424  -0.00553  -0.0230   0.4558   0.4707  65.1727 247.0616
   3.000   0.4630   0.02571  -0.00610  -0.0200   0.4462   0.5676  66.1075 253.6363
   3.000   0.4630   0.02571  -0.00610  -0.0200   0.4462   0.5676  66.1075 253.6364
   3.000   0.4630   0.02571  -0.00610  -0.0200   0.4462   0.5676  66.1075 253.6364
   3.000   0.4630   0.02571  -0.00610  -0.0200   0.4462   0.5676  66.1075 253.6364
   3.000   0.4630   0.02571  -0.00610  -0.0200   0.4462   0.5676  66.1075 253.6364
   4.000   0.7670   0.02998  -0.00052  -0.0683   0.4350   0.9540  67.2097 287.8990
   4.000   0.7670   0.02998  -0.00052  -0.0683   0.4350   0.9540  67.2097 287.8952
   4.000   0.7670   0.02998  -0.00052  -0.0683   0.4350   0.9540  67.2097 287.8945
   4.000   0.7670   0.02998  -0.00052  -0.0683   0.4350   0.9540  67.2097 287.8944
   4.000   0.7670   0.02998  -0.00052  -0.0683   0.4350   0.9540  67.2097 287.8944
   5.000   0.9103   0.03443   0.00133  -0.0825   0.4254   0.9893  68.1659 296.4153
   5.000   0.9103   0.03443   0.00133  -0.0825   0.4254   0.9893  68.1659 296.4190
   5.000   0.9103   0.03443   0.00133  -0.0825   0.4254   0.9893  68.1659 296.4190
   5.000   0.9103   0.03443   0.00133  -0.0825   0.4254   0.9893  68.1659 296.4190
   5.000   0.9103   0.03443   0.00133  -0.0825   0.4254   0.9893  68.1659 296.4190
   6.000   1.0506   0.03824   0.00288  -0.0970   0.4164   1.0000  69.0803 300.0000
   6.000   1.0506   0.03824   0.00288  -0.0970   0.4164   1.0000  69.0803 300.0000
   6.000   1.0506   0.03824   0.00288  -0.0970   0.4164   1.0000  69.0803 300.0000
   6.000   1.0506   0.03824   0.00288  -0.0970   0.4164   1.0000  69.0803 300.0000
   6.000   1.0506   0.03824   0.00288  -0.0970   0.4164   1.0000  69.0803 300.0000
   7.000   1.0955   0.04143   0.00292  -0.0928   0.4080   1.0000  69.9324 300.0000
   7.000   1.0955   0.04143   0.00292  -0.0928   0.4080   1.0000  69.9324 300.0000
   7.000   1.0955   0.04143   0.00292  -0.0928   0.4080   1.0000  69.9324 300.0000
   7.000   1.0955   0.04143   0.00292  -0.0928   0.4080   1.0000  69.9324 300.0000
   7.000   1.0955   0.04143   0.00292  -0.0928   0.4080   1.0000  69.9324 300.0000
   8.000   1.1316   0.04550   0.00352  -0.0882   0.3994   1.0000  70.8149 300.0000
   8.000   1.1316   0.04550   0.00352  -0.0882   0.3994   1.0000  70.8149 300.0000
   8.000   1.1316   0.04550   0.00352  -0.0882   0.3994   1.0000  70.8149 300.0000
   8.000   1.1316   0.04550   0.00352  -0.0882   0.3994   1.0000  70.8149 300.0000
   8.000   1.1316   0.04550   0.00352  -0.0882   0.3994   1.0000  70.8149 300.0000
   9.000   1.1704   0.04965   0.00408  -0.0844   0.3913   1.0000  71.6613 300.0000
   9.000   1.1704   0.04965   0.00408  -0.0844   0.3913   1.0000  71.6613 300.0000
   9.000   1.1704   0.04965   0.00408  -0.0844   0.3913   1.0000  71.6613 300.0000
   9.000   1.1704   0.04965   0.00408  -0.0844   0.3913   1.0000  71.6613 300.0000
   9.000   1.1704   0.04965   0.00408  -0.0844   0.3913   1.0000  71.6613 300.0000
  10.000   1.2087   0.05404   0.00470  -0.0812   0.3833   1.0000  72.5008 300.0000
  10.000   1.2087   0.05404   0.00470  -0.0812   0.3833   1.0000  72.5007 300.0000
  10.000   1.2087   0.05404   0.00470  -0.0812   0.3833   1.0000  72.5007 300.0000
  10.000   1.2087   0.05404   0.00470  -0.0812   0.3833   1.0000  72.5007 300.0000
  10.000   1.2087   0.05404   0.00470  -0.0812   0.3833   1.0000  72.5007 300.0000
  11.000   1.2522   0.05818   0.00500  -0.0789   0.3760   1.0000  73.2673 300.0000
  11.000   1.2522   0.05818   0.00500  -0.0789   0.3760   1.0000  73.2673 300.0000
  11.000   1.2522   0.05818   0.00500  -0.0789   0.3760   1.0000  73.2673 300.0000
  11.000   1.2522   0.05818   0.00500  -0.0789   0.3760   1.0000  73.2673 300.0000
  11.000   1.2522   0.05818   0.00500  -0.0789   0.3760   1.0000  73.2673 300.0000
  12.000   1.3115   0.06112   0.00418  -0.0784   0.3694   1.0000  73.9735 300.0000
  12.000   1.3115   0.06113   0.00418  -0.0784   0.3694   1.0000  73.9735 300.0000
  12.000   1.3115   0.06113   0.00418  -0.0784   0.3694   1.0000  73.9735 300.0000
  12.000   1.3115   0.06113   0.00418  -0.0784   0.3694   1.0000  73.9735 300.0000
  12.000   1.3115   0.06113   0.00418  -0.0784   0.3694   1.0000  73.9735 300.0000
  13.000   1.3261   0.06786   0.00641  -0.0746   0.3614   1.0000  74.8325 300.0000
  13.000   1.3261   0.06786   0.00641  -0.0746   0.3614   1.0000  74.8324 300.0000
  13.000   1.3261   0.06786   0.00641  -0.0746   0.3614   1.0000  74.8324 300.0000
  13.000   1.3261   0.06786   0.00641  -0.0746   0.3614   1.0000  74.8324 300.0000
  13.000   1.3261   0.06786   0.00641  -0.0746   0.3614   1.0000  74.8324 300.0000
  14.000   1.3394   0.07491   0.00894  -0.0713   0.3537   1.0000  75.6792 300.0000
  14.000   1.3394   0.07491   0.00894  -0.0713   0.3537   1.0000  75.6792 300.0000
  14.000   1.3394   0.07491   0.00894  -0.0713   0.3537   1.0000  75.6792 300.0000
  14.000   1.3394   0.07491   0.00894  -0.0713   0.3537   1.0000  75.6792 300.0000
  14.000   1.3394   0.07491   0.00894  -0.0713   0.3537   1.0000  75.6792 300.0000
  15.000   1.3473   0.08260   0.01217  -0.0681   0.3460   1.0000  76.5277 300.0000
  15.000   1.3473   0.08260   0.01217  -0.0681   0.3460   1.0000  76.5277 300.0000
  15.000   1.3473   0.08260   0.01217  -0.0681   0.3460   1.0000  76.5277 300.0000
  15.000   1.3473   0.08260   0.01217  -0.0681   0.3460   1.0000  76.5277 300.0000
  15.000   1.3473   0.08260   0.01217  -0.0681   0.3460   1.0000  76.5277 300.0000
  16.000   1.4309   0.08326   0.00875  -0.0708   0.3420   1.0000  76.9677 300.0000
  16.000   1.4309   0.08327   0.00875  -0.0708   0.3420   1.0000  76.9676 300.0000
  16.000   1.4309   0.08327   0.00875  -0.0708   0.3420   1.0000  76.9676 300.0000
  16.000   1.4309   0.08327   0.00875  -0.0708   0.3420   1.0000  76.9676 300.0000
  16.000   1.4309   0.08327   0.00875  -0.0708   0.3420   1.0000  76.9676 300.0000
  17.000   1.4123   0.09353   0.01472  -0.0668   0.3337   1.0000  77.8948 300.0000
  17.000   1.4123   0.09353   0.01472  -0.0668   0.3337   1.0000  77.8949 300.0000
  17.000   1.4123   0.09353   0.01472  -0.0668   0.3337   1.0000  77.8949 300.0000
  17.000   1.4123   0.09352   0.01472  -0.0668   0.3337   1.0000  77.8949 300.0000
  17.000   1.4123   0.09352   0.01472  -0.0668   0.3337   1.0000  77.8949 300.0000
  18.000   1.3932   0.10403   0.02187  -0.0636   0.3247   1.0000  78.9130 300.0000
  18.000   1.3932   0.10403   0.02187  -0.0636   0.3247   1.0000  78.9129 300.0000
  18.000   1.3932   0.10403   0.02187  -0.0636   0.3247   1.0000  78.9129 300.0000
  18.000   1.3932   0.10403   0.02187  -0.0636   0.3247   1.0000  78.9129 300.0000
  18.000   1.3932   0.10403   0.02187  -0.0636   0.3247   1.0000  78.9129 300.0000
  19.000   1.3822   0.11386   0.02934  -0.0617   0.3150   1.0000  80.0316 300.0000
  19.000   1.3822   0.11386   0.02934  -0.0617   0.3150   1.0000  80.0316 300.0000
  19.000   1.3822   0.11386   0.02934  -0.0617   0.3150   1.0000  80.0316 300.0000
  19.000   1.3822   0.11386   0.02934  -0.0617   0.3150   1.0000  80.0316 300.0000
  19.000   1.3822   0.11386   0.02934  -0.0617   0.3150   1.0000  80.0316 300.0000
