xflr5 v6.61

 Calculated polar for: MH 32  8.7%

 1 1 Reynolds number fixed          Mach number fixed         

 xtrf =   1.000 (top)        1.000 (bottom)
 Mach =   0.000     Re =     3.000 e 6     Ncrit =   9.000

  alpha     CL        CD       CDp       Cm    Top Xtr Bot Xtr   Cpmin    Chinge    XCp    
 ------- -------- --------- --------- -------- ------- ------- -------- --------- ---------
   0.000   0.2801   0.00428   0.00041  -0.0576  0.5850  0.5368  -0.5026   0.0000   0.0000   0.0000   0.4547
   0.100   0.2909   0.00425   0.00042  -0.0575  0.5774  0.5595  -0.5125   0.0000   0.0000   0.0000   0.4469
   0.200   0.3017   0.00429   0.00043  -0.0575  0.5667  0.5714  -0.5233   0.0000   0.0000   0.0000   0.4395
   0.300   0.3124   0.00429   0.00044  -0.0574  0.5528  0.5937  -0.5347   0.0000   0.0000   0.0000   0.4327
   0.400   0.3233   0.00428   0.00045  -0.0574  0.5431  0.6088  -0.5464   0.0000   0.0000   0.0000   0.4263
   0.500   0.3346   0.00427   0.00045  -0.0574  0.5401  0.6171  -0.5582   0.0000   0.0000   0.0000   0.4203
   0.600   0.3455   0.00422   0.00047  -0.0574  0.5362  0.6456  -0.5699   0.0000   0.0000   0.0000   0.4148
   0.700   0.3563   0.00420   0.00048  -0.0573  0.5305  0.6667  -0.5816   0.0000   0.0000   0.0000   0.4095
   0.800   0.3668   0.00418   0.00050  -0.0572  0.5223  0.6959  -0.5932   0.0000   0.0000   0.0000   0.4045
   0.900   0.3774   0.00420   0.00052  -0.0571  0.5111  0.7139  -0.6056   0.0000   0.0000   0.0000   0.3998
   1.000   0.3883   0.00424   0.00054  -0.0571  0.4961  0.7247  -0.6193   0.0000   0.0000   0.0000   0.3954
   1.100   0.3990   0.00420   0.00055  -0.0570  0.4911  0.7476  -0.6330   0.0000   0.0000   0.0000   0.3912
   1.200   0.4098   0.00420   0.00057  -0.0569  0.4852  0.7651  -0.6467   0.0000   0.0000   0.0000   0.3872
   1.300   0.4201   0.00420   0.00060  -0.0567  0.4754  0.7905  -0.6602   0.0000   0.0000   0.0000   0.3833
   1.400   0.4305   0.00422   0.00062  -0.0566  0.4655  0.8089  -0.6737   0.0000   0.0000   0.0000   0.3796
   1.500   0.4409   0.00424   0.00065  -0.0564  0.4547  0.8281  -0.6875   0.0000   0.0000   0.0000   0.3761
   1.600   0.4515   0.00423   0.00067  -0.0563  0.4443  0.8444  -0.7037   0.0000   0.0000   0.0000   0.3728
   1.700   0.4625   0.00424   0.00068  -0.0563  0.4417  0.8547  -0.7203   0.0000   0.0000   0.0000   0.3696
   1.800   0.4727   0.00421   0.00071  -0.0560  0.4373  0.8764  -0.7363   0.0000   0.0000   0.0000   0.3664
   1.900   0.4828   0.00424   0.00074  -0.0558  0.4282  0.8942  -0.7524   0.0000   0.0000   0.0000   0.3634
   2.000   0.4921   0.00428   0.00077  -0.0554  0.4155  0.9169  -0.7678   0.0000   0.0000   0.0000   0.3603
   2.100   0.5016   0.00431   0.00081  -0.0550  0.4007  0.9365  -0.7833   0.0000   0.0000   0.0000   0.3573
   2.200   0.5121   0.00431   0.00083  -0.0548  0.3938  0.9542  -0.8000   0.0000   0.0000   0.0000   0.3547
   2.300   0.5246   0.00432   0.00085  -0.0551  0.3909  0.9692  -0.8189   0.0000   0.0000   0.0000   0.3526
   2.400   0.5402   0.00435   0.00087  -0.0561  0.3854  0.9800  -0.8437   0.0000   0.0000   0.0000   0.3513
   2.500   0.5557   0.00442   0.00090  -0.0571  0.3763  0.9886  -0.8686   0.0000   0.0000   0.0000   0.3502
   2.600   0.5708   0.00452   0.00093  -0.0581  0.3645  0.9944  -0.8933   0.0000   0.0000   0.0000   0.3491
   2.700   0.5848   0.00459   0.00096  -0.0588  0.3497  0.9983  -0.9170   0.0000   0.0000   0.0000   0.3478
   2.800   0.5970   0.00463   0.00099  -0.0590  0.3445  1.0000  -0.9391   0.0000   0.0000   0.0000   0.3461
   2.900   0.6074   0.00470   0.00102  -0.0589  0.3362  1.0000  -0.9624   0.0000   0.0000   0.0000   0.3441
   3.000   0.6173   0.00482   0.00107  -0.0587  0.3220  1.0000  -0.9868   0.0000   0.0000   0.0000   0.3422
   3.100   0.6276   0.00491   0.00111  -0.0585  0.3080  1.0000  -1.0118   0.0000   0.0000   0.0000   0.3403
   3.200   0.6384   0.00496   0.00114  -0.0585  0.3001  1.0000  -1.0375   0.0000   0.0000   0.0000   0.3385
   3.300   0.6490   0.00501   0.00117  -0.0584  0.2949  1.0000  -1.0633   0.0000   0.0000   0.0000   0.3368
   3.400   0.6592   0.00513   0.00122  -0.0582  0.2835  1.0000  -1.0885   0.0000   0.0000   0.0000   0.3351
   3.500   0.6692   0.00525   0.00127  -0.0580  0.2684  1.0000  -1.1138   0.0000   0.0000   0.0000   0.3335
   3.600   0.6799   0.00531   0.00132  -0.0580  0.2571  1.0000  -1.1400   0.0000   0.0000   0.0000   0.3319
   3.700   0.6908   0.00535   0.00135  -0.0579  0.2549  1.0000  -1.1681   0.0000   0.0000   0.0000   0.3304
   3.800   0.7015   0.00540   0.00139  -0.0579  0.2511  1.0000  -1.2017   0.0000   0.0000   0.0000   0.3290
   3.900   0.7119   0.00550   0.00144  -0.0577  0.2430  1.0000  -1.2349   0.0000   0.0000   0.0000   0.3275
   4.000   0.7218   0.00565   0.00151  -0.0576  0.2257  1.0000  -1.2673   0.0000   0.0000   0.0000   0.3261
   4.100   0.7323   0.00574   0.00156  -0.0575  0.2136  1.0000  -1.3012   0.0000   0.0000   0.0000   0.3247
   4.200   0.7425   0.00587   0.00163  -0.0573  0.2024  1.0000  -1.3444   0.0000   0.0000   0.0000   0.3234
   4.300   0.7524   0.00602   0.00170  -0.0572  0.1869  1.0000  -1.3881   0.0000   0.0000   0.0000   0.3221
   4.400   0.7631   0.00609   0.00175  -0.0571  0.1772  1.0000  -1.4341   0.0000   0.0000   0.0000   0.3208
   4.500   0.7739   0.00614   0.00179  -0.0570  0.1748  1.0000  -1.4809   0.0000   0.0000   0.0000   0.3196
   4.600   0.7845   0.00622   0.00185  -0.0570  0.1700  1.0000  -1.5277   0.0000   0.0000   0.0000   0.3184
   4.700   0.7947   0.00634   0.00193  -0.0568  0.1618  1.0000  -1.5761   0.0000   0.0000   0.0000   0.3173
   4.800   0.8050   0.00647   0.00200  -0.0567  0.1514  1.0000  -1.6433   0.0000   0.0000   0.0000   0.3161
   4.900   0.8156   0.00655   0.00206  -0.0566  0.1415  1.0000  -1.7126   0.0000   0.0000   0.0000   0.3150
   5.000   0.8262   0.00662   0.00212  -0.0566  0.1377  1.0000  -1.8205   0.0000   0.0000   0.0000   0.3139
   5.100   0.8365   0.00674   0.00219  -0.0565  0.1311  1.0000  -1.9494   0.0000   0.0000   0.0000   0.3129
   5.200   0.8466   0.00688   0.00228  -0.0563  0.1224  1.0000  -2.0796   0.0000   0.0000   0.0000   0.3118
   5.300   0.8570   0.00698   0.00234  -0.0562  0.1125  1.0000  -2.2149   0.0000   0.0000   0.0000   0.3108
   5.400   0.8678   0.00704   0.00240  -0.0562  0.1090  1.0000  -2.3551   0.0000   0.0000   0.0000   0.3098
   5.500   0.8783   0.00712   0.00247  -0.0561  0.1057  1.0000  -2.4974   0.0000   0.0000   0.0000   0.3089
   5.600   0.8885   0.00725   0.00256  -0.0560  0.0992  1.0000  -2.6392   0.0000   0.0000   0.0000   0.3079
   5.700   0.8985   0.00741   0.00266  -0.0558  0.0901  1.0000  -2.7821   0.0000   0.0000   0.0000   0.3069
   5.800   0.9089   0.00751   0.00273  -0.0557  0.0815  1.0000  -2.9313   0.0000   0.0000   0.0000   0.3060
   5.900   0.9191   0.00763   0.00283  -0.0556  0.0762  1.0000  -3.0816   0.0000   0.0000   0.0000   0.3051
   6.000   0.9286   0.00784   0.00296  -0.0554  0.0657  1.0000  -3.2286   0.0000   0.0000   0.0000   0.3041
   6.100   0.9389   0.00796   0.00304  -0.0553  0.0572  1.0000  -3.3845   0.0000   0.0000   0.0000   0.3033
   6.200   0.9490   0.00810   0.00315  -0.0551  0.0522  1.0000  -3.5414   0.0000   0.0000   0.0000   0.3024
   6.300   0.9586   0.00830   0.00329  -0.0549  0.0441  1.0000  -3.6963   0.0000   0.0000   0.0000   0.3015
   6.400   0.9689   0.00842   0.00338  -0.0548  0.0377  1.0000  -3.8598   0.0000   0.0000   0.0000   0.3006
   6.500   0.9791   0.00854   0.00348  -0.0547  0.0347  1.0000  -4.0257   0.0000   0.0000   0.0000   0.2998
   6.600   0.9886   0.00875   0.00364  -0.0545  0.0286  1.0000  -4.1874   0.0000   0.0000   0.0000   0.2990
   6.700   0.9986   0.00889   0.00376  -0.0543  0.0221  1.0000  -4.3556   0.0000   0.0000   0.0000   0.2981
   6.800   1.0088   0.00901   0.00386  -0.0542  0.0204  1.0000  -4.5289   0.0000   0.0000   0.0000   0.2974
   6.900   1.0189   0.00915   0.00397  -0.0541  0.0181  1.0000  -4.7028   0.0000   0.0000   0.0000   0.2966
   7.000   1.0288   0.00931   0.00411  -0.0539  0.0156  1.0000  -4.8771   0.0000   0.0000   0.0000   0.2958
   7.100   1.0389   0.00943   0.00423  -0.0538  0.0130  1.0000  -5.0553   0.0000   0.0000   0.0000   0.2950
   7.200   1.0492   0.00954   0.00436  -0.0536  0.0106  1.0000  -5.2388   0.0000   0.0000   0.0000   0.2943
   7.300   1.0595   0.00963   0.00446  -0.0535  0.0102  1.0000  -5.4257   0.0000   0.0000   0.0000   0.2936
   7.400   1.0698   0.00974   0.00457  -0.0534  0.0098  1.0000  -5.6200   0.0000   0.0000   0.0000   0.2929
   7.500   1.0799   0.00986   0.00469  -0.0533  0.0090  1.0000  -5.8309   0.0000   0.0000   0.0000   0.2922
   7.600   1.0895   0.01004   0.00485  -0.0531  0.0071  1.0000  -6.0389   0.0000   0.0000   0.0000   0.2914
   7.700   1.0989   0.01025   0.00504  -0.0529  0.0045  1.0000  -6.2428   0.0000   0.0000   0.0000   0.2907
   7.800   1.1086   0.01042   0.00520  -0.0527  0.0027  1.0000  -6.4505   0.0000   0.0000   0.0000   0.2900
   7.900   1.1173   0.01072   0.00545  -0.0523  0.0018  1.0000  -6.6415   0.0000   0.0000   0.0000   0.2892
   8.000   1.1273   0.01085   0.00560  -0.0522  0.0017  1.0000  -6.8592   0.0000   0.0000   0.0000   0.2885
   8.100   1.1370   0.01101   0.00576  -0.0520  0.0014  1.0000  -7.0731   0.0000   0.0000   0.0000   0.2878
   8.200   1.1465   0.01120   0.00596  -0.0517  0.0012  1.0000  -7.2833   0.0000   0.0000   0.0000   0.2871
   8.300   1.1559   0.01141   0.00618  -0.0515  0.0010  1.0000  -7.4814   0.0000   0.0000   0.0000   0.2864
   8.400   1.1652   0.01163   0.00644  -0.0512  0.0009  1.0000  -7.6695   0.0000   0.0000   0.0000   0.2856
   8.500   1.1743   0.01188   0.00673  -0.0509  0.0008  1.0000  -7.8535   0.0000   0.0000   0.0000   0.2849
   8.600   1.1840   0.01203   0.00689  -0.0507  0.0008  1.0000  -8.0869   0.0000   0.0000   0.0000   0.2842
   8.700   1.1937   0.01218   0.00705  -0.0505  0.0008  1.0000  -8.3247   0.0000   0.0000   0.0000   0.2836
   8.800   1.2033   0.01233   0.00721  -0.0503  0.0008  1.0000  -8.5646   0.0000   0.0000   0.0000   0.2830
   8.900   1.2129   0.01249   0.00738  -0.0501  0.0008  1.0000  -8.8065   0.0000   0.0000   0.0000   0.2823
   9.000   1.2225   0.01265   0.00756  -0.0499  0.0008  1.0000  -9.0502   0.0000   0.0000   0.0000   0.2817
   9.100   1.2319   0.01281   0.00774  -0.0497  0.0008  1.0000  -9.2956   0.0000   0.0000   0.0000   0.2811
   9.200   1.2414   0.01298   0.00792  -0.0495  0.0008  1.0000  -9.5426   0.0000   0.0000   0.0000   0.2804
   9.300   1.2507   0.01316   0.00811  -0.0492  0.0007  1.0000  -9.7912   0.0000   0.0000   0.0000   0.2798
   9.400   1.2600   0.01334   0.00831  -0.0490  0.0007  1.0000  -10.0413   0.0000   0.0000   0.0000   0.2792
   9.500   1.2692   0.01353   0.00851  -0.0487  0.0007  1.0000  -10.2930   0.0000   0.0000   0.0000   0.2786
   9.600   1.2784   0.01372   0.00872  -0.0485  0.0007  1.0000  -10.5461   0.0000   0.0000   0.0000   0.2780
   9.700   1.2875   0.01391   0.00893  -0.0482  0.0007  1.0000  -10.8007   0.0000   0.0000   0.0000   0.2773
   9.800   1.2965   0.01411   0.00915  -0.0479  0.0007  1.0000  -11.0566   0.0000   0.0000   0.0000   0.2767
   9.900   1.3054   0.01432   0.00937  -0.0477  0.0007  1.0000  -11.3139   0.0000   0.0000   0.0000   0.2761
  10.000   1.3143   0.01453   0.00960  -0.0474  0.0007  1.0000  -11.5724   0.0000   0.0000   0.0000   0.2755
  10.100   1.3230   0.01474   0.00984  -0.0471  0.0006  1.0000  -11.8323   0.0000   0.0000   0.0000   0.2749
  10.200   1.3317   0.01496   0.01008  -0.0467  0.0006  1.0000  -12.0933   0.0000   0.0000   0.0000   0.2743
  10.300   1.3403   0.01518   0.01032  -0.0464  0.0006  1.0000  -12.3555   0.0000   0.0000   0.0000   0.2736
  10.400   1.3488   0.01541   0.01057  -0.0461  0.0006  1.0000  -12.6189   0.0000   0.0000   0.0000   0.2730
  10.500   1.3573   0.01565   0.01082  -0.0457  0.0006  1.0000  -12.8835   0.0000   0.0000   0.0000   0.2724
  10.600   1.3656   0.01589   0.01112  -0.0454  0.0006  1.0000  -13.1493   0.0000   0.0000   0.0000   0.2718
  10.700   1.3738   0.01613   0.01139  -0.0450  0.0006  1.0000  -13.4166   0.0000   0.0000   0.0000   0.2712
  10.800   1.3820   0.01637   0.01165  -0.0446  0.0005  1.0000  -13.6848   0.0000   0.0000   0.0000   0.2705
  10.900   1.3900   0.01662   0.01193  -0.0442  0.0005  1.0000  -13.9540   0.0000   0.0000   0.0000   0.2699
  11.000   1.3980   0.01687   0.01220  -0.0438  0.0005  1.0000  -14.2243   0.0000   0.0000   0.0000   0.2693
  11.100   1.4058   0.01713   0.01248  -0.0434  0.0005  1.0000  -14.4957   0.0000   0.0000   0.0000   0.2687
  11.200   1.4136   0.01739   0.01276  -0.0430  0.0005  1.0000  -14.7682   0.0000   0.0000   0.0000   0.2680
  11.300   1.4212   0.01765   0.01304  -0.0425  0.0005  1.0000  -15.0418   0.0000   0.0000   0.0000   0.2674
  11.400   1.4288   0.01792   0.01333  -0.0421  0.0005  1.0000  -15.3163   0.0000   0.0000   0.0000   0.2668
  11.500   1.4362   0.01818   0.01362  -0.0416  0.0005  1.0000  -15.5918   0.0000   0.0000   0.0000   0.2661
  11.600   1.4435   0.01845   0.01391  -0.0412  0.0004  1.0000  -15.8682   0.0000   0.0000   0.0000   0.2655
  11.700   1.4507   0.01873   0.01421  -0.0407  0.0004  1.0000  -16.1450   0.0000   0.0000   0.0000   0.2649
  11.800   1.4577   0.01901   0.01451  -0.0401  0.0004  1.0000  -16.4217   0.0000   0.0000   0.0000   0.2642
  11.900   1.4646   0.01929   0.01481  -0.0396  0.0004  1.0000  -16.6975   0.0000   0.0000   0.0000   0.2636
  12.000   1.4712   0.01958   0.01513  -0.0391  0.0004  1.0000  -16.9709   0.0000   0.0000   0.0000   0.2629
  12.100   1.4776   0.01989   0.01546  -0.0385  0.0004  1.0000  -17.2399   0.0000   0.0000   0.0000   0.2622
  12.200   1.4837   0.02021   0.01580  -0.0378  0.0004  1.0000  -17.5030   0.0000   0.0000   0.0000   0.2615
  12.300   1.4894   0.02054   0.01616  -0.0372  0.0004  1.0000  -17.7575   0.0000   0.0000   0.0000   0.2608
  12.400   1.4946   0.02091   0.01656  -0.0364  0.0003  1.0000  -17.9993   0.0000   0.0000   0.0000   0.2601
  12.500   1.4986   0.02129   0.01698  -0.0355  0.0003  1.0000  -18.2148   0.0000   0.0000   0.0000   0.2592
  12.600   1.5010   0.02171   0.01743  -0.0342  0.0003  1.0000  -18.3937   0.0000   0.0000   0.0000   0.2582
  12.700   1.5019   0.02218   0.01795  -0.0328  0.0003  1.0000  -18.5364   0.0000   0.0000   0.0000   0.2570
  12.800   1.5014   0.02272   0.01855  -0.0312  0.0003  1.0000  -18.6430   0.0000   0.0000   0.0000   0.2558
  12.900   1.4998   0.02336   0.01925  -0.0295  0.0003  1.0000  -18.7153   0.0000   0.0000   0.0000   0.2546
  13.000   1.4969   0.02408   0.02004  -0.0277  0.0003  1.0000  -18.7584   0.0000   0.0000   0.0000   0.2533
  13.100   1.4935   0.02488   0.02092  -0.0260  0.0002  1.0000  -18.7843   0.0000   0.0000   0.0000   0.2521
  13.200   1.4892   0.02574   0.02185  -0.0243  0.0002  1.0000  -18.7977   0.0000   0.0000   0.0000   0.2508
  13.300   1.4848   0.02668   0.02287  -0.0228  0.0002  1.0000  -18.8069   0.0000   0.0000   0.0000   0.2497
  13.400   1.4798   0.02767   0.02394  -0.0213  0.0002  1.0000  -18.8122   0.0000   0.0000   0.0000   0.2486
  13.500   1.4751   0.02872   0.02507  -0.0200  0.0002  1.0000  -18.8181   0.0000   0.0000   0.0000   0.2475
  13.600   1.4695   0.02980   0.02622  -0.0187  0.0002  1.0000  -18.8206   0.0000   0.0000   0.0000   0.2465
  13.700   1.4644   0.03095   0.02745  -0.0175  0.0002  1.0000  -18.8256   0.0000   0.0000   0.0000   0.2456
  13.800   1.4588   0.03218   0.02875  -0.0165  0.0002  1.0000  -18.8285   0.0000   0.0000   0.0000   0.2448
  13.900   1.4534   0.03347   0.03011  -0.0157  0.0002  1.0000  -18.8327   0.0000   0.0000   0.0000   0.2441
  14.000   1.4480   0.03483   0.03154  -0.0150  0.0002  1.0000  -18.8372   0.0000   0.0000   0.0000   0.2435
  14.100   1.4420   0.03627   0.03305  -0.0144  0.0002  1.0000  -18.8380   0.0000   0.0000   0.0000   0.2429
  14.200   1.4368   0.03774   0.03459  -0.0140  0.0002  1.0000  -18.8428   0.0000   0.0000   0.0000   0.2425
  14.300   1.4304   0.03934   0.03625  -0.0137  0.0002  1.0000  -18.8405   0.0000   0.0000   0.0000   0.2422
  14.400   1.4245   0.04092   0.03790  -0.0135  0.0002  1.0000  -18.8406   0.0000   0.0000   0.0000   0.2419
  14.500   1.4183   0.04263   0.03966  -0.0135  0.0002  1.0000  -18.8370   0.0000   0.0000   0.0000   0.2417
  14.600   1.4120   0.04445   0.04154  -0.0137  0.0002  1.0000  -18.8317   0.0000   0.0000   0.0000   0.2417
  14.700   1.4063   0.04630   0.04346  -0.0140  0.0002  1.0000  -18.8296   0.0000   0.0000   0.0000   0.2417
  14.800   1.3996   0.04839   0.04561  -0.0145  0.0002  1.0000  -18.8164   0.0000   0.0000   0.0000   0.2419
  14.900   1.3938   0.05042   0.04770  -0.0150  0.0002  1.0000  -18.8106   0.0000   0.0000   0.0000   0.2421
  15.000   1.3871   0.05270   0.05004  -0.0159  0.0002  1.0000  -18.7926   0.0000   0.0000   0.0000   0.2426
  15.100   1.3810   0.05494   0.05233  -0.0167  0.0002  1.0000  -18.7798   0.0000   0.0000   0.0000   0.2430
  15.200   1.3746   0.05731   0.05476  -0.0177  0.0002  1.0000  -18.7611   0.0000   0.0000   0.0000   0.2436
  15.300   1.3680   0.05982   0.05732  -0.0189  0.0002  1.0000  -18.7368   0.0000   0.0000   0.0000   0.2443
  15.400   1.3621   0.06221   0.05976  -0.0200  0.0002  1.0000  -18.7193   0.0000   0.0000   0.0000   0.2449
  15.500   1.3549   0.06501   0.06262  -0.0215  0.0002  1.0000  -18.6821   0.0000   0.0000   0.0000   0.2459
  15.600   1.3487   0.06759   0.06525  -0.0228  0.0002  1.0000  -18.6564   0.0000   0.0000   0.0000   0.2467
  15.700   1.3420   0.07038   0.06809  -0.0243  0.0002  1.0000  -18.6201   0.0000   0.0000   0.0000   0.2477
  15.800   1.3352   0.07327   0.07103  -0.0259  0.0002  1.0000  -18.5790   0.0000   0.0000   0.0000   0.2488
  15.900   1.3290   0.07596   0.07376  -0.0273  0.0002  1.0000  -18.5461   0.0000   0.0000   0.0000   0.2498
  16.000   1.3214   0.07909   0.07693  -0.0292  0.0002  1.0000  -18.4878   0.0000   0.0000   0.0000   0.2511
  16.100   1.3147   0.08187   0.07976  -0.0307  0.0002  1.0000  -18.4431   0.0000   0.0000   0.0000   0.2522
  16.200   1.3082   0.08466   0.08259  -0.0322  0.0002  1.0000  -18.3994   0.0000   0.0000   0.0000   0.2533
  16.300   1.3004   0.08806   0.08603  -0.0342  0.0002  1.0000  -18.3272   0.0000   0.0000   0.0000   0.2548
  16.400   1.2940   0.09102   0.08903  -0.0358  0.0002  1.0000  -18.2765   0.0000   0.0000   0.0000   0.2560
  16.500   1.2875   0.09407   0.09212  -0.0375  0.0002  1.0000  -18.2204   0.0000   0.0000   0.0000   0.2573
  16.600   1.2800   0.09762   0.09571  -0.0396  0.0002  1.0000  -18.1381   0.0000   0.0000   0.0000   0.2589
  16.700   1.2737   0.10068   0.09881  -0.0413  0.0002  1.0000  -18.0792   0.0000   0.0000   0.0000   0.2602
  16.800   1.2674   0.10381   0.10198  -0.0430  0.0002  1.0000  -18.0146   0.0000   0.0000   0.0000   0.2616
  16.900   1.2597   0.10751   0.10571  -0.0452  0.0002  1.0000  -17.9168   0.0000   0.0000   0.0000   0.2633
  17.000   1.2536   0.11064   0.10886  -0.0469  0.0002  1.0000  -17.8484   0.0000   0.0000   0.0000   0.2647
  17.100   1.2476   0.11374   0.11200  -0.0487  0.0002  1.0000  -17.7792   0.0000   0.0000   0.0000   0.2662
  17.200   1.2398   0.11751   0.11581  -0.0509  0.0002  1.0000  -17.6648   0.0000   0.0000   0.0000   0.2680
  17.300   1.2337   0.12075   0.11907  -0.0527  0.0002  1.0000  -17.5820   0.0000   0.0000   0.0000   0.2696
  17.400   1.2279   0.12383   0.12219  -0.0544  0.0002  1.0000  -17.5048   0.0000   0.0000   0.0000   0.2710
  17.500   1.2220   0.12700   0.12538  -0.0562  0.0002  1.0000  -17.4196   0.0000   0.0000   0.0000   0.2726
  17.600   1.2142   0.13089   0.12930  -0.0585  0.0002  1.0000  -17.2787   0.0000   0.0000   0.0000   0.2746
  17.700   1.2085   0.13403   0.13247  -0.0603  0.0002  1.0000  -17.1878   0.0000   0.0000   0.0000   0.2762
  17.800   1.2032   0.13710   0.13556  -0.0621  0.0002  1.0000  -17.0995   0.0000   0.0000   0.0000   0.2778
  17.900   1.1977   0.14024   0.13873  -0.0639  0.0002  1.0000  -17.0011   0.0000   0.0000   0.0000   0.2794
  18.000   1.1896   0.14426   0.14278  -0.0663  0.0002  1.0000  -16.8250   0.0000   0.0000   0.0000   0.2816
  18.100   1.1843   0.14740   0.14594  -0.0681  0.0002  1.0000  -16.7181   0.0000   0.0000   0.0000   0.2833
  18.200   1.1795   0.15042   0.14898  -0.0699  0.0002  1.0000  -16.6183   0.0000   0.0000   0.0000   0.2849
  18.300   1.1746   0.15347   0.15206  -0.0717  0.0002  1.0000  -16.5115   0.0000   0.0000   0.0000   0.2866
  18.400   1.1668   0.15728   0.15590  -0.0740  0.0002  1.0000  -16.3061   0.0000   0.0000   0.0000   0.2890
  18.500   1.1612   0.16025   0.15890  -0.0760  0.0002  1.0000  -16.1547   0.0000   0.0000   0.0000   0.2909
  18.600   1.1569   0.16289   0.16155  -0.0778  0.0002  1.0000  -16.0421   0.0000   0.0000   0.0000   0.2925
  18.700   1.1529   0.16556   0.16425  -0.0796  0.0002  1.0000  -15.9312   0.0000   0.0000   0.0000   0.2942
  18.800   1.1489   0.16837   0.16708  -0.0814  0.0003  1.0000  -15.8101   0.0000   0.0000   0.0000   0.2959
  18.900   1.1436   0.17166   0.17039  -0.0834  0.0003  1.0000  -15.6373   0.0000   0.0000   0.0000   0.2979
  19.000   1.1344   0.17626   0.17502  -0.0861  0.0003  1.0000  -15.3087   0.0000   0.0000   0.0000   0.3008
  19.100   1.1308   0.17928   0.17806  -0.0879  0.0003  1.0000  -15.1740   0.0000   0.0000   0.0000   0.3026
  19.200   1.1276   0.18221   0.18101  -0.0896  0.0003  1.0000  -15.0520   0.0000   0.0000   0.0000   0.3042
  19.300   1.1243   0.18521   0.18404  -0.0913  0.0003  1.0000  -14.9220   0.0000   0.0000   0.0000   0.3059
  19.400   1.1205   0.18849   0.18733  -0.0932  0.0003  1.0000  -14.7592   0.0000   0.0000   0.0000   0.3077
  19.600   1.1036   0.19867   0.19758  -0.0985  0.0003  1.0000  -13.9605   0.0000   0.0000   0.0000   0.3139
  19.700   1.1010   0.20182   0.20075  -0.1001  0.0003  1.0000  -13.8162   0.0000   0.0000   0.0000   0.3155
  19.800   1.0986   0.20495   0.20390  -0.1018  0.0003  1.0000  -13.6757   0.0000   0.0000   0.0000   0.3171
  19.900   1.0961   0.20819   0.20715  -0.1035  0.0003  1.0000  -13.5201   0.0000   0.0000   0.0000   0.3188
  20.000   1.0928   0.21180   0.21079  -0.1052  0.0003  1.0000  -13.3123   0.0000   0.0000   0.0000   0.3206


