xflr5 v6.61

 Calculated polar for: MH 32  8.7%

 1 1 Reynolds number fixed          Mach number fixed         

 xtrf =   1.000 (top)        1.000 (bottom)
 Mach =   0.000     Re =     0.130 e 6     Ncrit =   9.000

  alpha     CL        CD       CDp       Cm    Top Xtr Bot Xtr   Cpmin    Chinge    XCp    
 ------- -------- --------- --------- -------- ------- ------- -------- --------- ---------
   0.000   0.2648   0.01329   0.00685  -0.0647  0.9179  1.0000  -0.4815   0.0000   0.0000   0.0000   0.4936
   0.100   0.2758   0.01331   0.00684  -0.0647  0.9122  1.0000  -0.4913   0.0000   0.0000   0.0000   0.4837
   0.200   0.2911   0.01329   0.00679  -0.0654  0.9078  1.0000  -0.5038   0.0000   0.0000   0.0000   0.4739
   0.300   0.3082   0.01325   0.00672  -0.0665  0.9041  1.0000  -0.5192   0.0000   0.0000   0.0000   0.4647
   0.400   0.3264   0.01318   0.00664  -0.0677  0.9008  1.0000  -0.5355   0.0000   0.0000   0.0000   0.4563
   0.500   0.3450   0.01310   0.00654  -0.0689  0.8978  1.0000  -0.5522   0.0000   0.0000   0.0000   0.4486
   0.600   0.3637   0.01302   0.00644  -0.0701  0.8951  1.0000  -0.5691   0.0000   0.0000   0.0000   0.4416
   0.700   0.3719   0.01305   0.00646  -0.0694  0.8887  1.0000  -0.5789   0.0000   0.0000   0.0000   0.4355
   0.800   0.3795   0.01306   0.00645  -0.0687  0.8812  1.0000  -0.5883   0.0000   0.0000   0.0000   0.4296
   0.900   0.3918   0.01301   0.00639  -0.0687  0.8755  1.0000  -0.6024   0.0000   0.0000   0.0000   0.4239
   1.000   0.4056   0.01293   0.00630  -0.0689  0.8707  1.0000  -0.6184   0.0000   0.0000   0.0000   0.4184
   1.100   0.4203   0.01283   0.00618  -0.0693  0.8665  1.0000  -0.6352   0.0000   0.0000   0.0000   0.4133
   1.200   0.4353   0.01273   0.00607  -0.0696  0.8628  1.0000  -0.6523   0.0000   0.0000   0.0000   0.4084
   1.300   0.4499   0.01266   0.00599  -0.0699  0.8593  1.0000  -0.6692   0.0000   0.0000   0.0000   0.4038
   1.400   0.4550   0.01273   0.00607  -0.0688  0.8511  1.0000  -0.6785   0.0000   0.0000   0.0000   0.3995
   1.500   0.4638   0.01273   0.00607  -0.0682  0.8439  1.0000  -0.6913   0.0000   0.0000   0.0000   0.3953
   1.600   0.4749   0.01267   0.00600  -0.0679  0.8377  1.0000  -0.7080   0.0000   0.0000   0.0000   0.3912
   1.700   0.4870   0.01257   0.00590  -0.0677  0.8323  1.0000  -0.7258   0.0000   0.0000   0.0000   0.3872
   1.800   0.4994   0.01246   0.00577  -0.0676  0.8273  1.0000  -0.7441   0.0000   0.0000   0.0000   0.3833
   1.900   0.5121   0.01237   0.00566  -0.0674  0.8227  1.0000  -0.7628   0.0000   0.0000   0.0000   0.3796
   2.000   0.5209   0.01239   0.00571  -0.0668  0.8156  1.0000  -0.7776   0.0000   0.0000   0.0000   0.3762
   2.100   0.5293   0.01241   0.00573  -0.0662  0.8074  1.0000  -0.7922   0.0000   0.0000   0.0000   0.3729
   2.200   0.5394   0.01237   0.00570  -0.0657  0.8001  1.0000  -0.8084   0.0000   0.0000   0.0000   0.3697
   2.300   0.5502   0.01231   0.00563  -0.0654  0.7936  1.0000  -0.8277   0.0000   0.0000   0.0000   0.3665
   2.400   0.5615   0.01222   0.00553  -0.0650  0.7876  1.0000  -0.8488   0.0000   0.0000   0.0000   0.3634
   2.500   0.5736   0.01215   0.00542  -0.0647  0.7817  1.0000  -0.8709   0.0000   0.0000   0.0000   0.3604
   2.600   0.5827   0.01218   0.00546  -0.0642  0.7738  1.0000  -0.8897   0.0000   0.0000   0.0000   0.3577
   2.700   0.5917   0.01219   0.00551  -0.0637  0.7646  1.0000  -0.9082   0.0000   0.0000   0.0000   0.3550
   2.800   0.6016   0.01215   0.00548  -0.0632  0.7560  1.0000  -0.9281   0.0000   0.0000   0.0000   0.3524
   2.900   0.6122   0.01210   0.00541  -0.0627  0.7482  1.0000  -0.9490   0.0000   0.0000   0.0000   0.3498
   3.000   0.6236   0.01205   0.00532  -0.0624  0.7409  1.0000  -0.9751   0.0000   0.0000   0.0000   0.3472
   3.100   0.6342   0.01208   0.00532  -0.0620  0.7330  1.0000  -1.0005   0.0000   0.0000   0.0000   0.3450
   3.200   0.6431   0.01211   0.00539  -0.0615  0.7232  1.0000  -1.0237   0.0000   0.0000   0.0000   0.3428
   3.300   0.6528   0.01212   0.00541  -0.0610  0.7131  1.0000  -1.0481   0.0000   0.0000   0.0000   0.3405
   3.400   0.6632   0.01210   0.00536  -0.0606  0.7036  1.0000  -1.0739   0.0000   0.0000   0.0000   0.3383
   3.500   0.6741   0.01210   0.00530  -0.0602  0.6945  1.0000  -1.1006   0.0000   0.0000   0.0000   0.3361
   3.600   0.6841   0.01217   0.00535  -0.0598  0.6850  1.0000  -1.1257   0.0000   0.0000   0.0000   0.3342
   3.700   0.6934   0.01222   0.00548  -0.0594  0.6742  1.0000  -1.1501   0.0000   0.0000   0.0000   0.3323
   3.800   0.7032   0.01225   0.00551  -0.0589  0.6634  1.0000  -1.1791   0.0000   0.0000   0.0000   0.3304
   3.900   0.7135   0.01229   0.00549  -0.0585  0.6529  1.0000  -1.2124   0.0000   0.0000   0.0000   0.3285
   4.000   0.7241   0.01239   0.00549  -0.0581  0.6420  1.0000  -1.2463   0.0000   0.0000   0.0000   0.3267
   4.100   0.7332   0.01245   0.00562  -0.0577  0.6311  1.0000  -1.2776   0.0000   0.0000   0.0000   0.3251
   4.200   0.7427   0.01252   0.00570  -0.0572  0.6190  1.0000  -1.3166   0.0000   0.0000   0.0000   0.3234
   4.300   0.7526   0.01260   0.00573  -0.0568  0.6073  1.0000  -1.3605   0.0000   0.0000   0.0000   0.3217
   4.400   0.7627   0.01274   0.00577  -0.0564  0.5956  1.0000  -1.4053   0.0000   0.0000   0.0000   0.3200
   4.500   0.7722   0.01283   0.00591  -0.0560  0.5848  1.0000  -1.4484   0.0000   0.0000   0.0000   0.3186
   4.600   0.7816   0.01292   0.00603  -0.0556  0.5723  1.0000  -1.4919   0.0000   0.0000   0.0000   0.3171
   4.700   0.7911   0.01303   0.00609  -0.0551  0.5593  1.0000  -1.5364   0.0000   0.0000   0.0000   0.3155
   4.800   0.8006   0.01321   0.00622  -0.0546  0.5460  1.0000  -1.5815   0.0000   0.0000   0.0000   0.3140
   4.900   0.8099   0.01331   0.00636  -0.0543  0.5341  1.0000  -1.6259   0.0000   0.0000   0.0000   0.3127
   5.000   0.8192   0.01341   0.00649  -0.0539  0.5205  1.0000  -1.6879   0.0000   0.0000   0.0000   0.3113
   5.100   0.8284   0.01356   0.00657  -0.0534  0.5070  1.0000  -1.7532   0.0000   0.0000   0.0000   0.3099
   5.200   0.8376   0.01380   0.00669  -0.0529  0.4931  1.0000  -1.8655   0.0000   0.0000   0.0000   0.3085
   5.300   0.8469   0.01388   0.00686  -0.0525  0.4807  1.0000  -1.9842   0.0000   0.0000   0.0000   0.3073
   5.400   0.8559   0.01402   0.00699  -0.0521  0.4659  1.0000  -2.1042   0.0000   0.0000   0.0000   0.3060
   5.500   0.8645   0.01424   0.00709  -0.0515  0.4509  1.0000  -2.2242   0.0000   0.0000   0.0000   0.3047
   5.600   0.8735   0.01442   0.00727  -0.0511  0.4369  1.0000  -2.3477   0.0000   0.0000   0.0000   0.3035
   5.700   0.8825   0.01456   0.00744  -0.0507  0.4222  1.0000  -2.4733   0.0000   0.0000   0.0000   0.3023
   5.800   0.8910   0.01478   0.00758  -0.0502  0.4074  1.0000  -2.5979   0.0000   0.0000   0.0000   0.3011
   5.900   0.8994   0.01508   0.00778  -0.0497  0.3927  1.0000  -2.7232   0.0000   0.0000   0.0000   0.2999
   6.000   0.9086   0.01521   0.00799  -0.0493  0.3789  1.0000  -2.8546   0.0000   0.0000   0.0000   0.2989
   6.100   0.9169   0.01543   0.00815  -0.0488  0.3631  1.0000  -2.9831   0.0000   0.0000   0.0000   0.2977
   6.200   0.9245   0.01580   0.00837  -0.0482  0.3464  1.0000  -3.1083   0.0000   0.0000   0.0000   0.2965
   6.300   0.9336   0.01593   0.00859  -0.0479  0.3323  1.0000  -3.2444   0.0000   0.0000   0.0000   0.2955
   6.400   0.9414   0.01619   0.00878  -0.0473  0.3162  1.0000  -3.3751   0.0000   0.0000   0.0000   0.2944
   6.500   0.9487   0.01660   0.00905  -0.0467  0.3000  1.0000  -3.5013   0.0000   0.0000   0.0000   0.2933
   6.600   0.9578   0.01676   0.00931  -0.0464  0.2864  1.0000  -3.6408   0.0000   0.0000   0.0000   0.2923
   6.700   0.9653   0.01708   0.00954  -0.0458  0.2706  1.0000  -3.7723   0.0000   0.0000   0.0000   0.2913
   6.800   0.9723   0.01750   0.00986  -0.0452  0.2543  1.0000  -3.8997   0.0000   0.0000   0.0000   0.2902
   6.900   0.9809   0.01770   0.01011  -0.0448  0.2393  1.0000  -4.0405   0.0000   0.0000   0.0000   0.2893
   7.000   0.9873   0.01812   0.01039  -0.0442  0.2231  1.0000  -4.1676   0.0000   0.0000   0.0000   0.2882
   7.100   0.9952   0.01848   0.01076  -0.0437  0.2087  1.0000  -4.3011   0.0000   0.0000   0.0000   0.2873
   7.200   1.0029   0.01880   0.01107  -0.0432  0.1943  1.0000  -4.4366   0.0000   0.0000   0.0000   0.2863
   7.300   1.0080   0.01950   0.01155  -0.0424  0.1774  1.0000  -4.5478   0.0000   0.0000   0.0000   0.2852
   7.400   1.0168   0.01967   0.01184  -0.0421  0.1647  1.0000  -4.6920   0.0000   0.0000   0.0000   0.2844
   7.500   1.0225   0.02016   0.01218  -0.0414  0.1492  1.0000  -4.8144   0.0000   0.0000   0.0000   0.2834
   7.600   1.0294   0.02063   0.01282  -0.0408  0.1343  1.0000  -4.9401   0.0000   0.0000   0.0000   0.2824
   7.700   1.0357   0.02108   0.01320  -0.0403  0.1202  1.0000  -5.0651   0.0000   0.0000   0.0000   0.2815
   7.800   1.0403   0.02192   0.01396  -0.0393  0.1072  1.0000  -5.1526   0.0000   0.0000   0.0000   0.2803
   7.900   1.0475   0.02236   0.01445  -0.0387  0.0959  1.0000  -5.2644   0.0000   0.0000   0.0000   0.2794
   8.000   1.0503   0.02344   0.01538  -0.0376  0.0845  1.0000  -5.3259   0.0000   0.0000   0.0000   0.2781
   8.100   1.0569   0.02418   0.01620  -0.0368  0.0767  1.0000  -5.3998   0.0000   0.0000   0.0000   0.2770
   8.200   1.0632   0.02480   0.01686  -0.0360  0.0691  1.0000  -5.4758   0.0000   0.0000   0.0000   0.2759
   8.300   1.0671   0.02579   0.01777  -0.0351  0.0622  1.0000  -5.5316   0.0000   0.0000   0.0000   0.2748
   8.400   1.0721   0.02715   0.01915  -0.0342  0.0562  1.0000  -5.5662   0.0000   0.0000   0.0000   0.2738
   8.500   1.0792   0.02736   0.01945  -0.0337  0.0511  1.0000  -5.6693   0.0000   0.0000   0.0000   0.2729
   8.600   1.0854   0.02790   0.02002  -0.0330  0.0468  1.0000  -5.7497   0.0000   0.0000   0.0000   0.2720
   8.700   1.0903   0.02855   0.02065  -0.0323  0.0430  1.0000  -5.8323   0.0000   0.0000   0.0000   0.2711
   8.800   1.0941   0.03051   0.02262  -0.0315  0.0392  1.0000  -5.8244   0.0000   0.0000   0.0000   0.2701
   8.900   1.1007   0.03239   0.02463  -0.0308  0.0373  1.0000  -5.8065   0.0000   0.0000   0.0000   0.2692
   9.000   1.1080   0.03311   0.02548  -0.0301  0.0359  1.0000  -5.8468   0.0000   0.0000   0.0000   0.2683
   9.100   1.1146   0.03386   0.02634  -0.0294  0.0340  1.0000  -5.8891   0.0000   0.0000   0.0000   0.2674
   9.200   1.1206   0.03455   0.02712  -0.0288  0.0319  1.0000  -5.9428   0.0000   0.0000   0.0000   0.2666
   9.300   1.1259   0.03521   0.02785  -0.0281  0.0299  1.0000  -6.0030   0.0000   0.0000   0.0000   0.2657
   9.400   1.1308   0.03594   0.02865  -0.0274  0.0283  1.0000  -6.0609   0.0000   0.0000   0.0000   0.2649
   9.500   1.1357   0.03696   0.02974  -0.0267  0.0273  1.0000  -6.1043   0.0000   0.0000   0.0000   0.2640
   9.600   1.1402   0.03809   0.03096  -0.0259  0.0265  1.0000  -6.1575   0.0000   0.0000   0.0000   0.2632
   9.700   1.1440   0.03930   0.03227  -0.0252  0.0259  1.0000  -6.2039   0.0000   0.0000   0.0000   0.2623
   9.800   1.1472   0.04062   0.03370  -0.0244  0.0253  1.0000  -6.2413   0.0000   0.0000   0.0000   0.2614
   9.900   1.1497   0.04205   0.03525  -0.0236  0.0249  1.0000  -6.2685   0.0000   0.0000   0.0000   0.2606
  10.000   1.1514   0.04356   0.03689  -0.0227  0.0246  1.0000  -6.2864   0.0000   0.0000   0.0000   0.2597
  10.100   1.1523   0.04511   0.03858  -0.0218  0.0243  1.0000  -6.2966   0.0000   0.0000   0.0000   0.2588
  10.200   1.1522   0.04666   0.04028  -0.0208  0.0241  1.0000  -6.3008   0.0000   0.0000   0.0000   0.2578
  10.300   1.1512   0.04819   0.04196  -0.0198  0.0240  1.0000  -6.3009   0.0000   0.0000   0.0000   0.2568
  10.400   1.1492   0.04966   0.04356  -0.0187  0.0239  1.0000  -6.2976   0.0000   0.0000   0.0000   0.2558
  10.500   1.1463   0.05106   0.04508  -0.0175  0.0239  1.0000  -6.2918   0.0000   0.0000   0.0000   0.2547
  10.600   1.1427   0.05243   0.04658  -0.0163  0.0239  1.0000  -6.2842   0.0000   0.0000   0.0000   0.2536
  10.700   1.1385   0.05379   0.04805  -0.0152  0.0239  1.0000  -6.2748   0.0000   0.0000   0.0000   0.2526
  10.800   1.1339   0.05515   0.04953  -0.0142  0.0239  1.0000  -6.2637   0.0000   0.0000   0.0000   0.2516
  10.900   1.1290   0.05653   0.05101  -0.0132  0.0239  1.0000  -6.2507   0.0000   0.0000   0.0000   0.2507
  11.000   1.1236   0.05792   0.05252  -0.0124  0.0239  1.0000  -6.2357   0.0000   0.0000   0.0000   0.2499
  11.100   1.1179   0.05936   0.05406  -0.0117  0.0240  1.0000  -6.2185   0.0000   0.0000   0.0000   0.2492
  11.200   1.1120   0.06084   0.05565  -0.0112  0.0240  1.0000  -6.1989   0.0000   0.0000   0.0000   0.2486
  11.300   1.1057   0.06239   0.05730  -0.0108  0.0241  1.0000  -6.1765   0.0000   0.0000   0.0000   0.2482
  11.400   1.0991   0.06400   0.05901  -0.0106  0.0242  1.0000  -6.1511   0.0000   0.0000   0.0000   0.2479
  11.500   1.0921   0.06568   0.06078  -0.0105  0.0243  1.0000  -6.1222   0.0000   0.0000   0.0000   0.2478
  11.600   1.0849   0.06745   0.06266  -0.0106  0.0244  1.0000  -6.0896   0.0000   0.0000   0.0000   0.2478
  11.700   1.0773   0.06935   0.06465  -0.0110  0.0245  1.0000  -6.0525   0.0000   0.0000   0.0000   0.2481
  11.800   1.0695   0.07137   0.06677  -0.0116  0.0246  1.0000  -6.0104   0.0000   0.0000   0.0000   0.2486
  11.900   1.0612   0.07355   0.06904  -0.0124  0.0247  1.0000  -5.9627   0.0000   0.0000   0.0000   0.2493
  12.000   1.0527   0.07589   0.07148  -0.0135  0.0249  1.0000  -5.9085   0.0000   0.0000   0.0000   0.2503
  12.100   1.0437   0.07843   0.07410  -0.0148  0.0250  1.0000  -5.8470   0.0000   0.0000   0.0000   0.2515
  12.200   1.0342   0.08118   0.07695  -0.0165  0.0252  1.0000  -5.7768   0.0000   0.0000   0.0000   0.2531
  12.300   1.0242   0.08416   0.08001  -0.0184  0.0255  1.0000  -5.6968   0.0000   0.0000   0.0000   0.2550
  12.400   1.0136   0.08740   0.08333  -0.0206  0.0257  1.0000  -5.6053   0.0000   0.0000   0.0000   0.2573
  12.500   1.0026   0.09100   0.08701  -0.0232  0.0260  1.0000  -5.4996   0.0000   0.0000   0.0000   0.2600
  12.600   0.9909   0.09504   0.09112  -0.0261  0.0264  1.0000  -5.3760   0.0000   0.0000   0.0000   0.2631
  12.700   0.9784   0.09961   0.09576  -0.0295  0.0269  1.0000  -5.2297   0.0000   0.0000   0.0000   0.2668
  12.800   0.9616   0.10575   0.10197  -0.0341  0.0277  1.0000  -5.0044   0.0000   0.0000   0.0000   0.2722
  12.900   0.9429   0.11326   0.10952  -0.0395  0.0289  1.0000  -4.7106   0.0000   0.0000   0.0000   0.2787
  13.000   0.9286   0.12003   0.11627  -0.0436  0.0301  1.0000  -4.4492   0.0000   0.0000   0.0000   0.2840
  13.100   0.9188   0.12551   0.12174  -0.0466  0.0310  1.0000  -4.2482   0.0000   0.0000   0.0000   0.2878
  13.200   0.9120   0.12984   0.12604  -0.0489  0.0316  1.0000  -4.1056   0.0000   0.0000   0.0000   0.2907
  13.300   0.9067   0.13363   0.12980  -0.0508  0.0322  1.0000  -3.9900   0.0000   0.0000   0.0000   0.2931
  13.400   0.9023   0.13710   0.13326  -0.0525  0.0326  1.0000  -3.8898   0.0000   0.0000   0.0000   0.2953
  13.500   0.8985   0.14036   0.13650  -0.0542  0.0330  1.0000  -3.8005   0.0000   0.0000   0.0000   0.2973
  13.600   0.8954   0.14345   0.13957  -0.0557  0.0334  1.0000  -3.7194   0.0000   0.0000   0.0000   0.2992
  13.700   0.8928   0.14641   0.14251  -0.0571  0.0338  1.0000  -3.6450   0.0000   0.0000   0.0000   0.3009
  13.800   0.8905   0.14926   0.14534  -0.0584  0.0341  1.0000  -3.5764   0.0000   0.0000   0.0000   0.3025
  13.900   0.8887   0.15201   0.14808  -0.0597  0.0345  1.0000  -3.5127   0.0000   0.0000   0.0000   0.3040
  14.000   0.8871   0.15469   0.15074  -0.0609  0.0348  1.0000  -3.4536   0.0000   0.0000   0.0000   0.3054
  14.100   0.8858   0.15730   0.15334  -0.0620  0.0352  1.0000  -3.3986   0.0000   0.0000   0.0000   0.3067
  14.200   0.8847   0.15986   0.15589  -0.0631  0.0356  1.0000  -3.3471   0.0000   0.0000   0.0000   0.3080
  14.300   0.8837   0.16236   0.15838  -0.0641  0.0361  1.0000  -3.2990   0.0000   0.0000   0.0000   0.3091
  14.400   0.8826   0.16491   0.16091  -0.0648  0.0368  1.0000  -3.2524   0.0000   0.0000   0.0000   0.3099
  14.500   0.8908   0.17297   0.16905  -0.0651  0.0604  1.0000  -2.8964   0.0000   0.0000   0.0000   0.3099
  14.600   0.8905   0.17521   0.17128  -0.0664  0.0605  1.0000  -2.8550   0.0000   0.0000   0.0000   0.3113
  14.700   0.8914   0.17734   0.17340  -0.0673  0.0604  1.0000  -2.8335   0.0000   0.0000   0.0000   0.3121
  14.800   0.8932   0.17945   0.17552  -0.0679  0.0602  1.0000  -2.8253   0.0000   0.0000   0.0000   0.3125
  14.900   0.8943   0.18174   0.17779  -0.0685  0.0598  1.0000  -2.8140   0.0000   0.0000   0.0000   0.3130
  15.000   0.8946   0.18442   0.18048  -0.0691  0.0594  1.0000  -2.7969   0.0000   0.0000   0.0000   0.3136
  15.300   0.8890   0.19580   0.19177  -0.0725  0.0580  1.0000  -2.6366   0.0000   0.0000   0.0000   0.3177
  15.400   0.8903   0.19795   0.19392  -0.0735  0.0580  1.0000  -2.6160   0.0000   0.0000   0.0000   0.3186
  15.500   0.8917   0.20007   0.19603  -0.0744  0.0580  1.0000  -2.5959   0.0000   0.0000   0.0000   0.3194
  15.600   0.8931   0.20216   0.19812  -0.0754  0.0579  1.0000  -2.5762   0.0000   0.0000   0.0000   0.3203
  15.700   0.8944   0.20421   0.20017  -0.0763  0.0579  1.0000  -2.5569   0.0000   0.0000   0.0000   0.3211
  15.800   0.8959   0.20623   0.20218  -0.0773  0.0578  1.0000  -2.5378   0.0000   0.0000   0.0000   0.3220
  15.900   0.8973   0.20820   0.20415  -0.0783  0.0578  1.0000  -2.5191   0.0000   0.0000   0.0000   0.3228
  16.000   0.8987   0.21012   0.20606  -0.0793  0.0577  1.0000  -2.5005   0.0000   0.0000   0.0000   0.3237
  16.100   0.9001   0.21196   0.20790  -0.0803  0.0576  1.0000  -2.4821   0.0000   0.0000   0.0000   0.3246
  16.200   0.9015   0.21372   0.20966  -0.0814  0.0575  1.0000  -2.4637   0.0000   0.0000   0.0000   0.3255
  16.300   0.9030   0.21536   0.21130  -0.0825  0.0574  1.0000  -2.4452   0.0000   0.0000   0.0000   0.3265
  16.400   0.9044   0.21682   0.21275  -0.0836  0.0571  1.0000  -2.4259   0.0000   0.0000   0.0000   0.3275
  16.500   0.9052   0.21797   0.21389  -0.0850  0.0568  1.0000  -2.4002   0.0000   0.0000   0.0000   0.3288
  16.600   0.9047   0.21871   0.21461  -0.0868  0.0561  1.0000  -2.3584   0.0000   0.0000   0.0000   0.3308
  16.700   0.9029   0.21935   0.21524  -0.0889  0.0551  1.0000  -2.3066   0.0000   0.0000   0.0000   0.3332
  16.800   0.9026   0.22057   0.21644  -0.0907  0.0539  1.0000  -2.2651   0.0000   0.0000   0.0000   0.3351
  16.900   0.9034   0.22221   0.21808  -0.0920  0.0526  1.0000  -2.2384   0.0000   0.0000   0.0000   0.3363
  17.000   0.9048   0.22400   0.21987  -0.0931  0.0515  1.0000  -2.2207   0.0000   0.0000   0.0000   0.3373
  17.100   0.9064   0.22585   0.22171  -0.0941  0.0505  1.0000  -2.2082   0.0000   0.0000   0.0000   0.3380
  17.200   0.9081   0.22771   0.22358  -0.0950  0.0495  1.0000  -2.1991   0.0000   0.0000   0.0000   0.3387
  17.300   0.9100   0.22958   0.22544  -0.0958  0.0486  1.0000  -2.1928   0.0000   0.0000   0.0000   0.3392
  17.400   0.9119   0.23143   0.22730  -0.0966  0.0477  1.0000  -2.1892   0.0000   0.0000   0.0000   0.3397
  17.500   0.9139   0.23328   0.22914  -0.0973  0.0468  1.0000  -2.1884   0.0000   0.0000   0.0000   0.3401
  17.600   0.9161   0.23510   0.23097  -0.0980  0.0459  1.0000  -2.1906   0.0000   0.0000   0.0000   0.3405
  17.700   0.9183   0.23690   0.23277  -0.0986  0.0450  1.0000  -2.1967   0.0000   0.0000   0.0000   0.3408
  17.800   0.9207   0.23866   0.23454  -0.0991  0.0441  1.0000  -2.2078   0.0000   0.0000   0.0000   0.3409
  17.900   0.9234   0.24039   0.23627  -0.0996  0.0432  1.0000  -2.2255   0.0000   0.0000   0.0000   0.3409
  18.000   0.9264   0.24209   0.23798  -0.0998  0.0423  1.0000  -2.2529   0.0000   0.0000   0.0000   0.3407
  18.100   0.9301   0.24379   0.23970  -0.0998  0.0414  1.0000  -2.2962   0.0000   0.0000   0.0000   0.3401
  18.200   0.9355   0.24574   0.24166  -0.0992  0.0404  1.0000  -2.3722   0.0000   0.0000   0.0000   0.3386
  18.300   0.9444   0.24979   0.24576  -0.0970  0.0390  1.0000  -2.5008   0.0000   0.0000   0.0000   0.3351
  18.900   0.9476   0.26850   0.26441  -0.1021  0.0378  1.0000  -2.3267   0.0000   0.0000   0.0000   0.3395
  19.000   0.9491   0.27053   0.26644  -0.1030  0.0378  1.0000  -2.3124   0.0000   0.0000   0.0000   0.3401
  19.100   0.9505   0.27254   0.26845  -0.1038  0.0377  1.0000  -2.2982   0.0000   0.0000   0.0000   0.3407
  19.200   0.9519   0.27451   0.27042  -0.1047  0.0377  1.0000  -2.2838   0.0000   0.0000   0.0000   0.3413
  19.300   0.9533   0.27645   0.27236  -0.1056  0.0376  1.0000  -2.2693   0.0000   0.0000   0.0000   0.3420
  19.400   0.9546   0.27834   0.27425  -0.1064  0.0376  1.0000  -2.2547   0.0000   0.0000   0.0000   0.3426
  19.500   0.9558   0.28018   0.27609  -0.1073  0.0375  1.0000  -2.2398   0.0000   0.0000   0.0000   0.3432
  19.600   0.9570   0.28196   0.27787  -0.1082  0.0374  1.0000  -2.2245   0.0000   0.0000   0.0000   0.3439
  19.700   0.9578   0.28362   0.27953  -0.1092  0.0373  1.0000  -2.2054   0.0000   0.0000   0.0000   0.3447
  19.800   0.9582   0.28514   0.28106  -0.1103  0.0372  1.0000  -2.1820   0.0000   0.0000   0.0000   0.3456
  19.900   0.9581   0.28654   0.28245  -0.1115  0.0370  1.0000  -2.1544   0.0000   0.0000   0.0000   0.3468
  20.000   0.9580   0.28787   0.28378  -0.1127  0.0368  1.0000  -2.1249   0.0000   0.0000   0.0000   0.3479


