  
       XFOIL         Version 6.99
  
 Calculated polar for: GOE 625 AIRFOIL                                 
  
 1 1 Reynolds number fixed          Mach number fixed         
  
 xtrf =   1.000 (top)        1.000 (bottom)  
 Mach =   0.000     Re =     0.525 e 6     Ncrit =   9.000  9.000
  
   alpha    CL        CD       CDp       CM     Top_Xtr  Bot_Xtr  Top_Itr  Bot_Itr
  ------ -------- --------- --------- -------- -------- -------- -------- --------
   0.000   0.6036   0.01288   0.00238  -0.1139   0.4573   0.1993  67.1668 218.4791
   0.000   0.6036   0.01288   0.00238  -0.1139   0.4573   0.1993  67.1669 218.4790
   0.000   0.6036   0.01288   0.00238  -0.1139   0.4573   0.1993  67.1669 218.4791
   0.000   0.6036   0.01288   0.00238  -0.1139   0.4573   0.1993  67.1669 218.4791
   0.000   0.6036   0.01288   0.00238  -0.1139   0.4573   0.1993  67.1669 218.4791
   1.000   0.7092   0.01309   0.00242  -0.1131   0.4457   0.2355  68.2117 221.6670
   1.000   0.7092   0.01309   0.00242  -0.1131   0.4457   0.2355  68.2117 221.6670
   1.000   0.7092   0.01309   0.00242  -0.1131   0.4457   0.2355  68.2117 221.6670
   1.000   0.7092   0.01309   0.00242  -0.1131   0.4457   0.2355  68.2117 221.6670
   1.000   0.7092   0.01309   0.00242  -0.1131   0.4457   0.2355  68.2117 221.6670
   2.000   0.8081   0.01223   0.00268  -0.1117   0.4348   0.6979  69.1972 258.2524
   2.000   0.8081   0.01223   0.00268  -0.1117   0.4348   0.6979  69.1972 258.2523
   2.000   0.8081   0.01223   0.00268  -0.1117   0.4348   0.6979  69.1972 258.2523
   2.000   0.8081   0.01223   0.00268  -0.1117   0.4348   0.6979  69.1972 258.2524
   2.000   0.8081   0.01223   0.00268  -0.1117   0.4348   0.6979  69.1972 258.2524
   3.000   0.9280   0.01247   0.00308  -0.1133   0.4222   1.0000  70.3345 300.0000
   3.000   0.9280   0.01247   0.00308  -0.1133   0.4222   1.0000  70.3346 300.0000
   3.000   0.9280   0.01247   0.00308  -0.1133   0.4222   1.0000  70.3346 300.0000
   3.000   0.9280   0.01247   0.00308  -0.1133   0.4222   1.0000  70.3346 300.0000
   3.000   0.9280   0.01247   0.00308  -0.1133   0.4222   1.0000  70.3346 300.0000
   4.000   1.0181   0.01314   0.00307  -0.1097   0.4130   1.0000  71.1729 300.0000
   4.000   1.0181   0.01314   0.00307  -0.1097   0.4130   1.0000  71.1729 300.0000
   4.000   1.0181   0.01314   0.00307  -0.1097   0.4130   1.0000  71.1729 300.0000
   4.000   1.0181   0.01314   0.00307  -0.1097   0.4130   1.0000  71.1729 300.0000
   4.000   1.0181   0.01314   0.00307  -0.1097   0.4130   1.0000  71.1729 300.0000
   5.000   1.1114   0.01393   0.00310  -0.1070   0.4041   1.0000  71.9838 300.0000
   5.000   1.1114   0.01393   0.00310  -0.1070   0.4041   1.0000  71.9839 300.0000
   5.000   1.1114   0.01393   0.00310  -0.1070   0.4041   1.0000  71.9839 300.0000
   5.000   1.1114   0.01393   0.00310  -0.1070   0.4041   1.0000  71.9839 300.0000
   5.000   1.1114   0.01393   0.00310  -0.1070   0.4041   1.0000  71.9839 300.0000
   6.000   1.2006   0.01476   0.00321  -0.1039   0.3951   1.0000  72.8241 300.0000
   6.000   1.2006   0.01476   0.00321  -0.1039   0.3951   1.0000  72.8241 300.0000
   6.000   1.2006   0.01476   0.00321  -0.1039   0.3951   1.0000  72.8241 300.0000
   6.000   1.2006   0.01476   0.00321  -0.1039   0.3951   1.0000  72.8241 300.0000
   6.000   1.2006   0.01476   0.00321  -0.1039   0.3951   1.0000  72.8241 300.0000
   7.000   1.2890   0.01577   0.00332  -0.1011   0.3853   1.0000  73.7426 300.0000
   7.000   1.2890   0.01577   0.00332  -0.1011   0.3853   1.0000  73.7425 300.0000
   7.000   1.2890   0.01577   0.00332  -0.1011   0.3853   1.0000  73.7425 300.0000
   7.000   1.2890   0.01577   0.00332  -0.1011   0.3853   1.0000  73.7425 300.0000
   7.000   1.2890   0.01577   0.00332  -0.1011   0.3853   1.0000  73.7425 300.0000
   8.000   1.3728   0.01699   0.00347  -0.0981   0.3746   1.0000  74.7536 300.0000
   8.000   1.3728   0.01699   0.00347  -0.0981   0.3746   1.0000  74.7535 300.0000
   8.000   1.3728   0.01699   0.00347  -0.0981   0.3746   1.0000  74.7535 300.0000
   8.000   1.3728   0.01699   0.00347  -0.0981   0.3746   1.0000  74.7535 300.0000
   8.000   1.3728   0.01699   0.00347  -0.0981   0.3746   1.0000  74.7535 300.0000
   9.000   1.4494   0.01856   0.00365  -0.0944   0.3617   1.0000  76.0036 300.0000
   9.000   1.4494   0.01856   0.00365  -0.0944   0.3617   1.0000  76.0036 300.0000
   9.000   1.4494   0.01856   0.00365  -0.0944   0.3617   1.0000  76.0036 300.0000
   9.000   1.4494   0.01856   0.00365  -0.0944   0.3617   1.0000  76.0036 300.0000
   9.000   1.4494   0.01856   0.00365  -0.0944   0.3617   1.0000  76.0036 300.0000
  10.000   1.5196   0.02059   0.00415  -0.0906   0.3466   1.0000  77.5044 300.0000
  10.000   1.5196   0.02059   0.00415  -0.0906   0.3466   1.0000  77.5043 300.0000
  10.000   1.5196   0.02059   0.00415  -0.0906   0.3466   1.0000  77.5043 300.0000
  10.000   1.5196   0.02059   0.00415  -0.0906   0.3466   1.0000  77.5043 300.0000
  10.000   1.5196   0.02059   0.00415  -0.0906   0.3466   1.0000  77.5043 300.0000
  11.000   1.5827   0.02331   0.00490  -0.0867   0.3274   1.0000  79.4673 300.0000
  11.000   1.5827   0.02331   0.00490  -0.0867   0.3274   1.0000  79.4671 300.0000
  11.000   1.5827   0.02331   0.00490  -0.0867   0.3274   1.0000  79.4671 300.0000
  11.000   1.5827   0.02331   0.00490  -0.0867   0.3274   1.0000  79.4671 300.0000
  11.000   1.5827   0.02331   0.00490  -0.0867   0.3274   1.0000  79.4671 300.0000
  12.000   1.6332   0.02715   0.00622  -0.0823   0.3037   1.0000  81.9642 300.0000
  12.000   1.6333   0.02715   0.00622  -0.0823   0.3036   1.0000  81.9645 300.0000
  12.000   1.6333   0.02715   0.00622  -0.0823   0.3036   1.0000  81.9645 300.0000
  12.000   1.6333   0.02715   0.00622  -0.0823   0.3036   1.0000  81.9645 300.0000
  12.000   1.6333   0.02715   0.00622  -0.0823   0.3036   1.0000  81.9645 300.0000
  13.000   1.6669   0.03267   0.00860  -0.0774   0.2764   1.0000  84.9134 300.0000
  13.000   1.6669   0.03267   0.00860  -0.0774   0.2764   1.0000  84.9140 300.0000
  13.000   1.6669   0.03267   0.00860  -0.0774   0.2764   1.0000  84.9141 300.0000
  13.000   1.6669   0.03267   0.00860  -0.0774   0.2764   1.0000  84.9141 300.0000
  13.000   1.6669   0.03267   0.00860  -0.0774   0.2764   1.0000  84.9141 300.0000
  14.000   1.6896   0.03963   0.01199  -0.0728   0.2546   1.0000  87.3233 300.0000
  14.000   1.6896   0.03963   0.01199  -0.0728   0.2546   1.0000  87.3231 300.0000
  14.000   1.6896   0.03963   0.01199  -0.0728   0.2546   1.0000  87.3230 300.0000
  14.000   1.6896   0.03963   0.01199  -0.0728   0.2546   1.0000  87.3230 300.0000
  14.000   1.6896   0.03963   0.01199  -0.0728   0.2546   1.0000  87.3230 300.0000
  15.000   1.7046   0.04782   0.01632  -0.0690   0.2393   1.0000  89.0429 300.0000
  15.000   1.7046   0.04782   0.01632  -0.0690   0.2393   1.0000  89.0428 300.0000
  15.000   1.7046   0.04782   0.01632  -0.0690   0.2393   1.0000  89.0428 300.0000
  15.000   1.7046   0.04782   0.01632  -0.0690   0.2393   1.0000  89.0428 300.0000
  15.000   1.7046   0.04782   0.01632  -0.0690   0.2393   1.0000  89.0428 300.0000
  16.000   1.7188   0.05668   0.02124  -0.0665   0.2266   1.0000  90.4774 300.0000
  16.000   1.7188   0.05668   0.02124  -0.0665   0.2266   1.0000  90.4771 300.0000
  16.000   1.7188   0.05668   0.02124  -0.0665   0.2266   1.0000  90.4770 300.0000
  16.000   1.7188   0.05668   0.02124  -0.0665   0.2266   1.0000  90.4770 300.0000
  16.000   1.7188   0.05668   0.02124  -0.0665   0.2266   1.0000  90.4770 300.0000
  17.000   1.7223   0.06708   0.02736  -0.0648   0.2153   1.0000  91.7878 300.0000
  17.000   1.7223   0.06708   0.02736  -0.0648   0.2153   1.0000  91.7877 300.0000
  17.000   1.7222   0.06708   0.02736  -0.0648   0.2153   1.0000  91.7876 300.0000
  17.000   1.7222   0.06708   0.02736  -0.0648   0.2153   1.0000  91.7876 300.0000
  17.000   1.7222   0.06708   0.02736  -0.0648   0.2153   1.0000  91.7876 300.0000
  18.000   1.7193   0.07860   0.03453  -0.0641   0.2042   1.0000  93.0806 300.0000
  18.000   1.7193   0.07860   0.03453  -0.0641   0.2042   1.0000  93.0804 300.0000
  18.000   1.7193   0.07860   0.03453  -0.0641   0.2042   1.0000  93.0804 300.0000
  18.000   1.7193   0.07860   0.03453  -0.0641   0.2042   1.0000  93.0804 300.0000
  18.000   1.7193   0.07860   0.03453  -0.0641   0.2042   1.0000  93.0804 300.0000
  19.000   1.7115   0.09116   0.04304  -0.0645   0.1924   1.0000  94.4980 300.0000
  19.000   1.7115   0.09116   0.04304  -0.0645   0.1924   1.0000  94.4982 300.0000
  19.000   1.7115   0.09116   0.04304  -0.0645   0.1924   1.0000  94.4983 300.0000
  19.000   1.7115   0.09116   0.04304  -0.0645   0.1924   1.0000  94.4983 300.0000
  19.000   1.7115   0.09116   0.04304  -0.0645   0.1924   1.0000  94.4983 300.0000
