  
       XFOIL         Version 6.99
  
 Calculated polar for: GOE 625 AIRFOIL                                 
  
 1 1 Reynolds number fixed          Mach number fixed         
  
 xtrf =   1.000 (top)        1.000 (bottom)  
 Mach =   0.000     Re =     0.350 e 6     Ncrit =   9.000  9.000
  
   alpha    CL        CD       CDp       CM     Top_Xtr  Bot_Xtr  Top_Itr  Bot_Itr
  ------ -------- --------- --------- -------- -------- -------- -------- --------
   0.000   0.6039   0.01431   0.00296  -0.1142   0.4841   0.2224  64.7673 220.5377
   0.000   0.6039   0.01431   0.00296  -0.1142   0.4841   0.2224  64.7673 220.5374
   0.000   0.6039   0.01431   0.00296  -0.1142   0.4841   0.2224  64.7673 220.5374
   0.000   0.6039   0.01431   0.00296  -0.1142   0.4841   0.2224  64.7673 220.5374
   0.000   0.6039   0.01431   0.00296  -0.1142   0.4841   0.2224  64.7673 220.5374
   1.000   0.7119   0.01444   0.00302  -0.1141   0.4705   0.2930  65.9897 226.4143
   1.000   0.7119   0.01444   0.00302  -0.1141   0.4705   0.2930  65.9897 226.4143
   1.000   0.7119   0.01444   0.00302  -0.1141   0.4705   0.2930  65.9897 226.4143
   1.000   0.7119   0.01444   0.00302  -0.1141   0.4705   0.2930  65.9897 226.4143
   1.000   0.7119   0.01444   0.00302  -0.1141   0.4705   0.2930  65.9897 226.4143
   2.000   0.8201   0.01349   0.00369  -0.1131   0.4589   0.9720  67.0318 289.2312
   2.000   0.8201   0.01349   0.00369  -0.1131   0.4589   0.9720  67.0318 289.2321
   2.000   0.8201   0.01349   0.00369  -0.1131   0.4589   0.9720  67.0318 289.2321
   2.000   0.8201   0.01349   0.00369  -0.1131   0.4589   0.9720  67.0318 289.2321
   2.000   0.8201   0.01349   0.00369  -0.1131   0.4589   0.9720  67.0318 289.2321
   3.000   0.9428   0.01426   0.00387  -0.1164   0.4444   1.0000  68.3276 300.0000
   3.000   0.9428   0.01426   0.00387  -0.1164   0.4444   1.0000  68.3277 300.0000
   3.000   0.9428   0.01426   0.00387  -0.1164   0.4444   1.0000  68.3277 300.0000
   3.000   0.9428   0.01426   0.00387  -0.1164   0.4444   1.0000  68.3277 300.0000
   3.000   0.9428   0.01426   0.00387  -0.1164   0.4444   1.0000  68.3277 300.0000
   4.000   1.0367   0.01504   0.00396  -0.1137   0.4328   1.0000  69.3733 300.0000
   4.000   1.0367   0.01504   0.00396  -0.1137   0.4328   1.0000  69.3735 300.0000
   4.000   1.0367   0.01504   0.00396  -0.1137   0.4328   1.0000  69.3735 300.0000
   4.000   1.0367   0.01504   0.00396  -0.1137   0.4328   1.0000  69.3735 300.0000
   4.000   1.0367   0.01504   0.00396  -0.1137   0.4328   1.0000  69.3735 300.0000
   5.000   1.1357   0.01594   0.00415  -0.1122   0.4227   1.0000  70.2914 300.0000
   5.000   1.1357   0.01594   0.00415  -0.1122   0.4227   1.0000  70.2914 300.0000
   5.000   1.1357   0.01594   0.00415  -0.1122   0.4227   1.0000  70.2914 300.0000
   5.000   1.1357   0.01594   0.00415  -0.1122   0.4227   1.0000  70.2914 300.0000
   5.000   1.1357   0.01594   0.00415  -0.1122   0.4227   1.0000  70.2914 300.0000
   6.000   1.2326   0.01690   0.00432  -0.1105   0.4123   1.0000  71.2317 300.0000
   6.000   1.2326   0.01690   0.00432  -0.1105   0.4123   1.0000  71.2317 300.0000
   6.000   1.2326   0.01690   0.00432  -0.1105   0.4123   1.0000  71.2317 300.0000
   6.000   1.2326   0.01690   0.00432  -0.1105   0.4123   1.0000  71.2317 300.0000
   6.000   1.2326   0.01690   0.00432  -0.1105   0.4123   1.0000  71.2317 300.0000
   7.000   1.3215   0.01791   0.00443  -0.1075   0.4017   1.0000  72.2121 300.0000
   7.000   1.3215   0.01791   0.00443  -0.1075   0.4017   1.0000  72.2121 300.0000
   7.000   1.3215   0.01791   0.00443  -0.1075   0.4017   1.0000  72.2121 300.0000
   7.000   1.3215   0.01791   0.00443  -0.1075   0.4017   1.0000  72.2121 300.0000
   7.000   1.3215   0.01791   0.00443  -0.1075   0.4017   1.0000  72.2121 300.0000
   8.000   1.3992   0.01905   0.00452  -0.1028   0.3901   1.0000  73.2865 300.0000
   8.000   1.3992   0.01905   0.00452  -0.1028   0.3901   1.0000  73.2865 300.0000
   8.000   1.3992   0.01905   0.00452  -0.1028   0.3901   1.0000  73.2865 300.0000
   8.000   1.3992   0.01905   0.00452  -0.1028   0.3901   1.0000  73.2865 300.0000
   8.000   1.3992   0.01905   0.00452  -0.1028   0.3901   1.0000  73.2865 300.0000
   9.000   1.4677   0.02045   0.00462  -0.0973   0.3771   1.0000  74.5205 300.0000
   9.000   1.4677   0.02045   0.00462  -0.0973   0.3771   1.0000  74.5205 300.0000
   9.000   1.4677   0.02045   0.00462  -0.0973   0.3771   1.0000  74.5205 300.0000
   9.000   1.4677   0.02045   0.00462  -0.0973   0.3771   1.0000  74.5205 300.0000
   9.000   1.4677   0.02045   0.00462  -0.0973   0.3771   1.0000  74.5205 300.0000
  10.000   1.5291   0.02225   0.00470  -0.0915   0.3623   1.0000  75.9486 300.0000
  10.000   1.5291   0.02225   0.00470  -0.0915   0.3623   1.0000  75.9486 300.0000
  10.000   1.5291   0.02225   0.00470  -0.0915   0.3623   1.0000  75.9486 300.0000
  10.000   1.5291   0.02225   0.00470  -0.0915   0.3623   1.0000  75.9486 300.0000
  10.000   1.5291   0.02225   0.00470  -0.0915   0.3623   1.0000  75.9486 300.0000
  11.000   1.5751   0.02506   0.00545  -0.0849   0.3445   1.0000  77.7115 300.0000
  11.000   1.5751   0.02506   0.00545  -0.0849   0.3445   1.0000  77.7116 300.0000
  11.000   1.5751   0.02506   0.00545  -0.0849   0.3445   1.0000  77.7116 300.0000
  11.000   1.5751   0.02506   0.00545  -0.0849   0.3445   1.0000  77.7116 300.0000
  11.000   1.5751   0.02506   0.00545  -0.0849   0.3445   1.0000  77.7116 300.0000
  12.000   1.6162   0.02887   0.00670  -0.0792   0.3239   1.0000  79.8232 300.0000
  12.000   1.6162   0.02887   0.00670  -0.0792   0.3239   1.0000  79.8234 300.0000
  12.000   1.6162   0.02887   0.00670  -0.0792   0.3239   1.0000  79.8234 300.0000
  12.000   1.6162   0.02887   0.00670  -0.0792   0.3239   1.0000  79.8234 300.0000
  12.000   1.6162   0.02887   0.00670  -0.0792   0.3239   1.0000  79.8234 300.0000
  13.000   1.6493   0.03399   0.00878  -0.0740   0.3015   1.0000  82.1928 300.0000
  13.000   1.6493   0.03398   0.00878  -0.0740   0.3015   1.0000  82.1926 300.0000
  13.000   1.6493   0.03398   0.00878  -0.0740   0.3015   1.0000  82.1926 300.0000
  13.000   1.6493   0.03398   0.00878  -0.0740   0.3015   1.0000  82.1926 300.0000
  13.000   1.6493   0.03398   0.00878  -0.0740   0.3015   1.0000  82.1926 300.0000
  14.000   1.6746   0.04045   0.01181  -0.0696   0.2804   1.0000  84.4771 300.0000
  14.000   1.6746   0.04045   0.01181  -0.0696   0.2804   1.0000  84.4767 300.0000
  14.000   1.6745   0.04045   0.01181  -0.0696   0.2804   1.0000  84.4767 300.0000
  14.000   1.6745   0.04045   0.01181  -0.0696   0.2804   1.0000  84.4767 300.0000
  14.000   1.6745   0.04045   0.01181  -0.0696   0.2804   1.0000  84.4767 300.0000
  15.000   1.6925   0.04815   0.01573  -0.0659   0.2624   1.0000  86.4662 300.0000
  15.000   1.6925   0.04815   0.01573  -0.0659   0.2624   1.0000  86.4660 300.0000
  15.000   1.6925   0.04815   0.01573  -0.0659   0.2624   1.0000  86.4660 300.0000
  15.000   1.6925   0.04815   0.01573  -0.0659   0.2624   1.0000  86.4660 300.0000
  15.000   1.6925   0.04815   0.01573  -0.0659   0.2624   1.0000  86.4660 300.0000
  16.000   1.7088   0.05642   0.02005  -0.0631   0.2478   1.0000  88.0860 300.0000
  16.000   1.7088   0.05642   0.02005  -0.0631   0.2478   1.0000  88.0863 300.0000
  16.000   1.7088   0.05642   0.02005  -0.0631   0.2478   1.0000  88.0863 300.0000
  16.000   1.7088   0.05642   0.02005  -0.0631   0.2478   1.0000  88.0863 300.0000
  16.000   1.7088   0.05642   0.02005  -0.0631   0.2478   1.0000  88.0863 300.0000
  17.000   1.7181   0.06601   0.02559  -0.0615   0.2350   1.0000  89.5229 300.0000
  17.000   1.7181   0.06601   0.02559  -0.0615   0.2350   1.0000  89.5227 300.0000
  17.000   1.7181   0.06601   0.02559  -0.0615   0.2350   1.0000  89.5227 300.0000
  17.000   1.7181   0.06601   0.02559  -0.0615   0.2350   1.0000  89.5227 300.0000
  17.000   1.7181   0.06601   0.02559  -0.0615   0.2350   1.0000  89.5227 300.0000
  18.000   1.7254   0.07606   0.03148  -0.0606   0.2232   1.0000  90.8740 300.0000
  18.000   1.7254   0.07606   0.03148  -0.0606   0.2232   1.0000  90.8738 300.0000
  18.000   1.7254   0.07606   0.03148  -0.0606   0.2232   1.0000  90.8737 300.0000
  18.000   1.7254   0.07606   0.03148  -0.0606   0.2232   1.0000  90.8737 300.0000
  18.000   1.7254   0.07606   0.03148  -0.0606   0.2232   1.0000  90.8737 300.0000
  19.000   1.7176   0.08840   0.03975  -0.0610   0.2108   1.0000  92.3101 300.0000
  19.000   1.7176   0.08840   0.03975  -0.0610   0.2108   1.0000  92.3100 300.0000
  19.000   1.7176   0.08840   0.03975  -0.0610   0.2108   1.0000  92.3099 300.0000
  19.000   1.7176   0.08840   0.03975  -0.0610   0.2108   1.0000  92.3099 300.0000
  19.000   1.7176   0.08840   0.03975  -0.0610   0.2108   1.0000  92.3099 300.0000
