  
       XFOIL         Version 6.99
  
 Calculated polar for: GOE 625 AIRFOIL                                 
  
 1 1 Reynolds number fixed          Mach number fixed         
  
 xtrf =   1.000 (top)        1.000 (bottom)  
 Mach =   0.000     Re =     0.475 e 6     Ncrit =   9.000  9.000
  
   alpha    CL        CD       CDp       CM     Top_Xtr  Bot_Xtr  Top_Itr  Bot_Itr
  ------ -------- --------- --------- -------- -------- -------- -------- --------
   0.000   0.6031   0.01322   0.00250  -0.1138   0.4632   0.2043  66.6396 218.9440
   0.000   0.6031   0.01322   0.00250  -0.1138   0.4632   0.2043  66.6395 218.9419
   0.000   0.6031   0.01322   0.00250  -0.1138   0.4632   0.2043  66.6395 218.9419
   0.000   0.6031   0.01322   0.00250  -0.1138   0.4632   0.2043  66.6395 218.9419
   0.000   0.6031   0.01322   0.00250  -0.1138   0.4632   0.2043  66.6395 218.9419
   1.000   0.7088   0.01339   0.00254  -0.1131   0.4511   0.2448  67.7245 222.4500
   1.000   0.7088   0.01339   0.00254  -0.1131   0.4511   0.2448  67.7245 222.4501
   1.000   0.7088   0.01339   0.00254  -0.1131   0.4511   0.2448  67.7245 222.4501
   1.000   0.7088   0.01339   0.00254  -0.1131   0.4511   0.2448  67.7245 222.4501
   1.000   0.7088   0.01339   0.00254  -0.1131   0.4511   0.2448  67.7245 222.4501
   2.000   0.8040   0.01232   0.00289  -0.1108   0.4403   0.7915  68.6962 265.6925
   2.000   0.8040   0.01232   0.00289  -0.1108   0.4403   0.7916  68.6962 265.6971
   2.000   0.8040   0.01232   0.00289  -0.1108   0.4403   0.7916  68.6962 265.6970
   2.000   0.8040   0.01232   0.00289  -0.1108   0.4403   0.7916  68.6962 265.6970
   2.000   0.8040   0.01232   0.00289  -0.1108   0.4403   0.7916  68.6962 265.6970
   3.000   0.9308   0.01289   0.00323  -0.1139   0.4272   1.0000  69.8797 300.0000
   3.000   0.9308   0.01289   0.00323  -0.1139   0.4272   1.0000  69.8797 300.0000
   3.000   0.9308   0.01289   0.00323  -0.1139   0.4272   1.0000  69.8797 300.0000
   3.000   0.9308   0.01289   0.00323  -0.1139   0.4272   1.0000  69.8797 300.0000
   3.000   0.9308   0.01289   0.00323  -0.1139   0.4272   1.0000  69.8797 300.0000
   4.000   1.0220   0.01354   0.00325  -0.1105   0.4174   1.0000  70.7722 300.0000
   4.000   1.0220   0.01354   0.00325  -0.1105   0.4174   1.0000  70.7722 300.0000
   4.000   1.0220   0.01354   0.00325  -0.1105   0.4174   1.0000  70.7722 300.0000
   4.000   1.0220   0.01354   0.00325  -0.1105   0.4174   1.0000  70.7722 300.0000
   4.000   1.0220   0.01354   0.00325  -0.1105   0.4174   1.0000  70.7722 300.0000
   5.000   1.1137   0.01432   0.00332  -0.1075   0.4083   1.0000  71.6046 300.0000
   5.000   1.1137   0.01432   0.00332  -0.1075   0.4083   1.0000  71.6046 300.0000
   5.000   1.1137   0.01432   0.00332  -0.1075   0.4083   1.0000  71.6046 300.0000
   5.000   1.1137   0.01432   0.00332  -0.1075   0.4083   1.0000  71.6046 300.0000
   5.000   1.1137   0.01432   0.00332  -0.1075   0.4083   1.0000  71.6046 300.0000
   6.000   1.2052   0.01521   0.00342  -0.1048   0.3990   1.0000  72.4615 300.0000
   6.000   1.2052   0.01521   0.00342  -0.1048   0.3990   1.0000  72.4615 300.0000
   6.000   1.2052   0.01521   0.00342  -0.1048   0.3990   1.0000  72.4615 300.0000
   6.000   1.2052   0.01521   0.00342  -0.1048   0.3990   1.0000  72.4615 300.0000
   6.000   1.2052   0.01521   0.00342  -0.1048   0.3990   1.0000  72.4615 300.0000
   7.000   1.2936   0.01623   0.00353  -0.1020   0.3891   1.0000  73.3839 300.0000
   7.000   1.2936   0.01623   0.00353  -0.1020   0.3891   1.0000  73.3839 300.0000
   7.000   1.2936   0.01623   0.00353  -0.1020   0.3891   1.0000  73.3839 300.0000
   7.000   1.2936   0.01623   0.00353  -0.1020   0.3891   1.0000  73.3839 300.0000
   7.000   1.2936   0.01623   0.00353  -0.1020   0.3891   1.0000  73.3839 300.0000
   8.000   1.3767   0.01742   0.00366  -0.0987   0.3784   1.0000  74.3916 300.0000
   8.000   1.3767   0.01742   0.00366  -0.0987   0.3784   1.0000  74.3916 300.0000
   8.000   1.3767   0.01742   0.00366  -0.0987   0.3784   1.0000  74.3916 300.0000
   8.000   1.3767   0.01742   0.00366  -0.0987   0.3784   1.0000  74.3916 300.0000
   8.000   1.3767   0.01742   0.00366  -0.0987   0.3784   1.0000  74.3916 300.0000
   9.000   1.4496   0.01897   0.00386  -0.0944   0.3652   1.0000  75.6689 300.0000
   9.000   1.4496   0.01897   0.00386  -0.0944   0.3652   1.0000  75.6690 300.0000
   9.000   1.4496   0.01897   0.00386  -0.0944   0.3652   1.0000  75.6690 300.0000
   9.000   1.4496   0.01897   0.00386  -0.0944   0.3652   1.0000  75.6690 300.0000
   9.000   1.4496   0.01897   0.00386  -0.0944   0.3652   1.0000  75.6690 300.0000
  10.000   1.5182   0.02099   0.00422  -0.0903   0.3508   1.0000  77.0802 300.0000
  10.000   1.5182   0.02099   0.00422  -0.0903   0.3508   1.0000  77.0802 300.0000
  10.000   1.5182   0.02099   0.00422  -0.0903   0.3508   1.0000  77.0802 300.0000
  10.000   1.5182   0.02099   0.00422  -0.0903   0.3508   1.0000  77.0802 300.0000
  10.000   1.5182   0.02099   0.00422  -0.0903   0.3508   1.0000  77.0802 300.0000
  11.000   1.5770   0.02380   0.00501  -0.0858   0.3322   1.0000  78.9690 300.0000
  11.000   1.5770   0.02380   0.00501  -0.0858   0.3322   1.0000  78.9690 300.0000
  11.000   1.5770   0.02380   0.00501  -0.0858   0.3322   1.0000  78.9690 300.0000
  11.000   1.5770   0.02380   0.00501  -0.0858   0.3322   1.0000  78.9690 300.0000
  11.000   1.5770   0.02380   0.00501  -0.0858   0.3322   1.0000  78.9690 300.0000
  12.000   1.6280   0.02755   0.00634  -0.0814   0.3089   1.0000  81.4071 300.0000
  12.000   1.6280   0.02755   0.00634  -0.0814   0.3089   1.0000  81.4074 300.0000
  12.000   1.6280   0.02755   0.00634  -0.0815   0.3089   1.0000  81.4074 300.0000
  12.000   1.6280   0.02755   0.00634  -0.0815   0.3089   1.0000  81.4074 300.0000
  12.000   1.6280   0.02755   0.00634  -0.0815   0.3089   1.0000  81.4074 300.0000
  13.000   1.6619   0.03300   0.00865  -0.0765   0.2833   1.0000  84.1655 300.0000
  13.000   1.6619   0.03300   0.00865  -0.0765   0.2833   1.0000  84.1654 300.0000
  13.000   1.6619   0.03300   0.00865  -0.0765   0.2833   1.0000  84.1654 300.0000
  13.000   1.6619   0.03300   0.00865  -0.0765   0.2833   1.0000  84.1654 300.0000
  13.000   1.6619   0.03300   0.00865  -0.0765   0.2833   1.0000  84.1654 300.0000
  14.000   1.6839   0.03998   0.01205  -0.0720   0.2607   1.0000  86.6462 300.0000
  14.000   1.6840   0.03998   0.01205  -0.0720   0.2607   1.0000  86.6463 300.0000
  14.000   1.6840   0.03998   0.01205  -0.0720   0.2607   1.0000  86.6463 300.0000
  14.000   1.6840   0.03998   0.01205  -0.0720   0.2607   1.0000  86.6463 300.0000
  14.000   1.6840   0.03998   0.01205  -0.0720   0.2607   1.0000  86.6463 300.0000
  15.000   1.7010   0.04798   0.01625  -0.0683   0.2445   1.0000  88.4572 300.0000
  15.000   1.7010   0.04798   0.01625  -0.0683   0.2445   1.0000  88.4569 300.0000
  15.000   1.7010   0.04798   0.01625  -0.0683   0.2445   1.0000  88.4568 300.0000
  15.000   1.7010   0.04798   0.01625  -0.0683   0.2445   1.0000  88.4568 300.0000
  15.000   1.7010   0.04798   0.01625  -0.0683   0.2445   1.0000  88.4568 300.0000
  16.000   1.7115   0.05709   0.02130  -0.0656   0.2316   1.0000  89.9140 300.0000
  16.000   1.7115   0.05709   0.02130  -0.0656   0.2316   1.0000  89.9142 300.0000
  16.000   1.7115   0.05709   0.02130  -0.0656   0.2316   1.0000  89.9142 300.0000
  16.000   1.7115   0.05709   0.02130  -0.0656   0.2316   1.0000  89.9142 300.0000
  16.000   1.7115   0.05709   0.02130  -0.0656   0.2316   1.0000  89.9142 300.0000
  17.000   1.7189   0.06706   0.02712  -0.0640   0.2200   1.0000  91.2376 300.0000
  17.000   1.7189   0.06706   0.02712  -0.0640   0.2200   1.0000  91.2375 300.0000
  17.000   1.7189   0.06706   0.02712  -0.0640   0.2200   1.0000  91.2374 300.0000
  17.000   1.7189   0.06706   0.02712  -0.0640   0.2200   1.0000  91.2374 300.0000
  17.000   1.7189   0.06706   0.02712  -0.0640   0.2200   1.0000  91.2374 300.0000
  18.000   1.7181   0.07837   0.03418  -0.0634   0.2086   1.0000  92.5699 300.0000
  18.000   1.7181   0.07837   0.03418  -0.0634   0.2086   1.0000  92.5698 300.0000
  18.000   1.7181   0.07837   0.03418  -0.0634   0.2086   1.0000  92.5698 300.0000
  18.000   1.7181   0.07837   0.03418  -0.0634   0.2086   1.0000  92.5698 300.0000
  18.000   1.7181   0.07837   0.03418  -0.0634   0.2086   1.0000  92.5698 300.0000
  19.000   1.7105   0.09076   0.04246  -0.0637   0.1969   1.0000  93.9508 300.0000
  19.000   1.7105   0.09076   0.04246  -0.0637   0.1969   1.0000  93.9507 300.0000
  19.000   1.7105   0.09076   0.04246  -0.0637   0.1969   1.0000  93.9507 300.0000
  19.000   1.7105   0.09076   0.04246  -0.0637   0.1969   1.0000  93.9507 300.0000
  19.000   1.7105   0.09076   0.04246  -0.0637   0.1969   1.0000  93.9507 300.0000
