  
       XFOIL         Version 6.99
  
 Calculated polar for: GOE 625 AIRFOIL                                 
  
 1 1 Reynolds number fixed          Mach number fixed         
  
 xtrf =   1.000 (top)        1.000 (bottom)  
 Mach =   0.000     Re =     0.325 e 6     Ncrit =   9.000  9.000
  
   alpha    CL        CD       CDp       CM     Top_Xtr  Bot_Xtr  Top_Itr  Bot_Itr
  ------ -------- --------- --------- -------- -------- -------- -------- --------
   1.000   0.7118   0.01462   0.00318  -0.1142   0.4753   0.3144  65.5554 228.1469
   1.000   0.7118   0.01462   0.00318  -0.1142   0.4753   0.3144  65.5554 228.1470
   1.000   0.7118   0.01462   0.00318  -0.1142   0.4753   0.3144  65.5554 228.1470
   1.000   0.7118   0.01462   0.00318  -0.1142   0.4753   0.3144  65.5554 228.1470
   1.000   0.7118   0.01462   0.00318  -0.1142   0.4753   0.3144  65.5554 228.1470
   2.000   0.8342   0.01383   0.00394  -0.1160   0.4631   0.9873  66.6544 294.3759
   2.000   0.8342   0.01383   0.00394  -0.1160   0.4631   0.9873  66.6544 294.3778
   2.000   0.8342   0.01383   0.00394  -0.1160   0.4631   0.9873  66.6544 294.3779
   2.000   0.8342   0.01383   0.00394  -0.1160   0.4631   0.9873  66.6544 294.3779
   2.000   0.8342   0.01383   0.00394  -0.1160   0.4631   0.9873  66.6544 294.3779
   3.000   0.9477   0.01464   0.00403  -0.1174   0.4491   1.0000  67.9037 300.0000
   3.000   0.9477   0.01464   0.00403  -0.1174   0.4491   1.0000  67.9038 300.0000
   3.000   0.9477   0.01464   0.00403  -0.1174   0.4491   1.0000  67.9038 300.0000
   3.000   0.9477   0.01464   0.00403  -0.1174   0.4491   1.0000  67.9038 300.0000
   3.000   0.9477   0.01464   0.00403  -0.1174   0.4491   1.0000  67.9038 300.0000
   4.000   1.0442   0.01549   0.00413  -0.1152   0.4371   1.0000  68.9833 300.0000
   4.000   1.0442   0.01549   0.00413  -0.1152   0.4371   1.0000  68.9835 300.0000
   4.000   1.0442   0.01549   0.00413  -0.1152   0.4371   1.0000  68.9835 300.0000
   4.000   1.0442   0.01549   0.00413  -0.1152   0.4371   1.0000  68.9835 300.0000
   4.000   1.0442   0.01549   0.00413  -0.1152   0.4371   1.0000  68.9835 300.0000
   5.000   1.1428   0.01639   0.00435  -0.1136   0.4266   1.0000  69.9358 300.0000
   5.000   1.1428   0.01639   0.00435  -0.1136   0.4266   1.0000  69.9358 300.0000
   5.000   1.1428   0.01639   0.00435  -0.1136   0.4266   1.0000  69.9358 300.0000
   5.000   1.1428   0.01639   0.00435  -0.1136   0.4266   1.0000  69.9358 300.0000
   5.000   1.1428   0.01639   0.00435  -0.1136   0.4266   1.0000  69.9358 300.0000
   6.000   1.2398   0.01737   0.00456  -0.1120   0.4159   1.0000  70.9049 300.0000
   6.000   1.2398   0.01737   0.00456  -0.1120   0.4159   1.0000  70.9049 300.0000
   6.000   1.2398   0.01737   0.00456  -0.1120   0.4159   1.0000  70.9049 300.0000
   6.000   1.2398   0.01737   0.00456  -0.1120   0.4159   1.0000  70.9049 300.0000
   6.000   1.2398   0.01737   0.00456  -0.1120   0.4159   1.0000  70.9049 300.0000
   7.000   1.3322   0.01841   0.00473  -0.1097   0.4049   1.0000  71.9133 300.0000
   7.000   1.3322   0.01841   0.00473  -0.1097   0.4049   1.0000  71.9133 300.0000
   7.000   1.3322   0.01841   0.00473  -0.1097   0.4049   1.0000  71.9133 300.0000
   7.000   1.3322   0.01841   0.00473  -0.1097   0.4049   1.0000  71.9133 300.0000
   7.000   1.3322   0.01841   0.00473  -0.1097   0.4049   1.0000  71.9133 300.0000
   8.000   1.4154   0.01951   0.00475  -0.1059   0.3933   1.0000  72.9916 300.0000
   8.000   1.4154   0.01951   0.00475  -0.1059   0.3933   1.0000  72.9916 300.0000
   8.000   1.4154   0.01951   0.00475  -0.1059   0.3933   1.0000  72.9916 300.0000
   8.000   1.4154   0.01951   0.00475  -0.1059   0.3933   1.0000  72.9916 300.0000
   8.000   1.4154   0.01951   0.00475  -0.1059   0.3933   1.0000  72.9916 300.0000
   9.000   1.4769   0.02090   0.00488  -0.0989   0.3802   1.0000  74.2184 300.0000
   9.000   1.4769   0.02090   0.00488  -0.0989   0.3802   1.0000  74.2184 300.0000
   9.000   1.4769   0.02090   0.00488  -0.0989   0.3802   1.0000  74.2184 300.0000
   9.000   1.4769   0.02090   0.00488  -0.0989   0.3802   1.0000  74.2184 300.0000
   9.000   1.4769   0.02090   0.00488  -0.0989   0.3802   1.0000  74.2184 300.0000
  10.000   1.5306   0.02275   0.00504  -0.0918   0.3647   1.0000  75.7123 300.0000
  10.000   1.5306   0.02275   0.00504  -0.0918   0.3647   1.0000  75.7123 300.0000
  10.000   1.5306   0.02275   0.00504  -0.0918   0.3647   1.0000  75.7123 300.0000
  10.000   1.5306   0.02275   0.00504  -0.0918   0.3647   1.0000  75.7123 300.0000
  10.000   1.5306   0.02275   0.00504  -0.0918   0.3647   1.0000  75.7123 300.0000
  11.000   1.5774   0.02542   0.00561  -0.0851   0.3475   1.0000  77.4186 300.0000
  11.000   1.5774   0.02542   0.00561  -0.0851   0.3475   1.0000  77.4186 300.0000
  11.000   1.5774   0.02542   0.00561  -0.0851   0.3475   1.0000  77.4186 300.0000
  11.000   1.5774   0.02542   0.00561  -0.0851   0.3475   1.0000  77.4186 300.0000
  11.000   1.5774   0.02542   0.00561  -0.0851   0.3475   1.0000  77.4186 300.0000
  12.000   1.6156   0.02921   0.00684  -0.0789   0.3271   1.0000  79.4936 300.0000
  12.000   1.6156   0.02921   0.00684  -0.0789   0.3271   1.0000  79.4934 300.0000
  12.000   1.6156   0.02921   0.00684  -0.0789   0.3271   1.0000  79.4934 300.0000
  12.000   1.6156   0.02921   0.00684  -0.0789   0.3271   1.0000  79.4934 300.0000
  12.000   1.6156   0.02921   0.00684  -0.0789   0.3271   1.0000  79.4934 300.0000
  13.000   1.6475   0.03423   0.00883  -0.0735   0.3054   1.0000  81.7779 300.0000
  13.000   1.6476   0.03423   0.00883  -0.0735   0.3054   1.0000  81.7780 300.0000
  13.000   1.6476   0.03423   0.00883  -0.0735   0.3054   1.0000  81.7780 300.0000
  13.000   1.6476   0.03423   0.00883  -0.0735   0.3054   1.0000  81.7780 300.0000
  13.000   1.6476   0.03423   0.00883  -0.0735   0.3054   1.0000  81.7780 300.0000
  14.000   1.6742   0.04044   0.01161  -0.0690   0.2854   1.0000  83.9385 300.0000
  14.000   1.6742   0.04044   0.01161  -0.0690   0.2854   1.0000  83.9386 300.0000
  14.000   1.6742   0.04044   0.01161  -0.0690   0.2854   1.0000  83.9386 300.0000
  14.000   1.6742   0.04044   0.01161  -0.0690   0.2854   1.0000  83.9386 300.0000
  14.000   1.6742   0.04044   0.01161  -0.0690   0.2854   1.0000  83.9386 300.0000
  15.000   1.6939   0.04786   0.01529  -0.0653   0.2672   1.0000  85.9265 300.0000
  15.000   1.6939   0.04786   0.01529  -0.0653   0.2672   1.0000  85.9263 300.0000
  15.000   1.6939   0.04786   0.01529  -0.0653   0.2672   1.0000  85.9263 300.0000
  15.000   1.6939   0.04786   0.01529  -0.0653   0.2672   1.0000  85.9263 300.0000
  15.000   1.6939   0.04786   0.01529  -0.0653   0.2672   1.0000  85.9263 300.0000
  16.000   1.7075   0.05645   0.01997  -0.0626   0.2518   1.0000  87.6375 300.0000
  16.000   1.7075   0.05645   0.01997  -0.0626   0.2518   1.0000  87.6374 300.0000
  16.000   1.7075   0.05645   0.01997  -0.0626   0.2518   1.0000  87.6373 300.0000
  16.000   1.7075   0.05645   0.01997  -0.0626   0.2518   1.0000  87.6373 300.0000
  16.000   1.7075   0.05645   0.01997  -0.0626   0.2518   1.0000  87.6373 300.0000
  17.000   1.7252   0.06485   0.02437  -0.0608   0.2392   1.0000  89.0512 300.0000
  17.000   1.7252   0.06485   0.02437  -0.0608   0.2392   1.0000  89.0514 300.0000
  17.000   1.7252   0.06485   0.02437  -0.0608   0.2392   1.0000  89.0515 300.0000
  17.000   1.7252   0.06485   0.02437  -0.0608   0.2392   1.0000  89.0515 300.0000
  17.000   1.7252   0.06485   0.02437  -0.0608   0.2392   1.0000  89.0515 300.0000
  18.000   1.7250   0.07585   0.03120  -0.0600   0.2269   1.0000  90.4519 300.0000
  18.000   1.7250   0.07585   0.03120  -0.0600   0.2269   1.0000  90.4518 300.0000
  18.000   1.7250   0.07585   0.03120  -0.0600   0.2269   1.0000  90.4517 300.0000
  18.000   1.7250   0.07585   0.03120  -0.0600   0.2269   1.0000  90.4517 300.0000
  18.000   1.7250   0.07585   0.03120  -0.0600   0.2269   1.0000  90.4517 300.0000
  19.000   1.7237   0.08724   0.03850  -0.0603   0.2143   1.0000  91.8954 300.0000
  19.000   1.7237   0.08724   0.03850  -0.0603   0.2143   1.0000  91.8953 300.0000
  19.000   1.7237   0.08724   0.03850  -0.0603   0.2143   1.0000  91.8952 300.0000
  19.000   1.7237   0.08724   0.03850  -0.0602   0.2143   1.0000  91.8952 300.0000
  19.000   1.7237   0.08724   0.03850  -0.0602   0.2143   1.0000  91.8952 300.0000
