  
       XFOIL         Version 6.99
  
 Calculated polar for: GOE 625 AIRFOIL                                 
  
 1 1 Reynolds number fixed          Mach number fixed         
  
 xtrf =   1.000 (top)        1.000 (bottom)  
 Mach =   0.000     Re =     0.400 e 6     Ncrit =   9.000  9.000
  
   alpha    CL        CD       CDp       CM     Top_Xtr  Bot_Xtr  Top_Itr  Bot_Itr
  ------ -------- --------- --------- -------- -------- -------- -------- --------
   0.000   0.6030   0.01382   0.00274  -0.1139   0.4745   0.2139  65.6293 219.7986
   0.000   0.6030   0.01382   0.00274  -0.1139   0.4745   0.2139  65.6293 219.7983
   0.000   0.6030   0.01382   0.00274  -0.1139   0.4745   0.2139  65.6293 219.7983
   0.000   0.6030   0.01382   0.00274  -0.1139   0.4745   0.2139  65.6293 219.7983
   0.000   0.6030   0.01382   0.00274  -0.1139   0.4745   0.2139  65.6293 219.7983
   1.000   0.7096   0.01396   0.00279  -0.1134   0.4615   0.2661  66.7948 224.2160
   1.000   0.7096   0.01396   0.00279  -0.1134   0.4615   0.2661  66.7948 224.2168
   1.000   0.7096   0.01396   0.00279  -0.1134   0.4615   0.2661  66.7948 224.2168
   1.000   0.7096   0.01396   0.00279  -0.1134   0.4615   0.2661  66.7948 224.2168
   1.000   0.7096   0.01396   0.00279  -0.1134   0.4615   0.2661  66.7948 224.2168
   2.000   0.7991   0.01280   0.00331  -0.1091   0.4507   0.9168  67.7665 278.0754
   2.000   0.7991   0.01280   0.00331  -0.1091   0.4507   0.9168  67.7665 278.0759
   2.000   0.7991   0.01280   0.00331  -0.1091   0.4507   0.9168  67.7665 278.0758
   2.000   0.7991   0.01280   0.00331  -0.1091   0.4507   0.9168  67.7665 278.0758
   2.000   0.7991   0.01280   0.00331  -0.1091   0.4507   0.9168  67.7665 278.0758
   3.000   0.9391   0.01367   0.00355  -0.1156   0.4366   1.0000  69.0300 300.0000
   3.000   0.9391   0.01367   0.00355  -0.1156   0.4366   1.0000  69.0301 300.0000
   3.000   0.9391   0.01367   0.00355  -0.1156   0.4366   1.0000  69.0301 300.0000
   3.000   0.9391   0.01367   0.00355  -0.1156   0.4366   1.0000  69.0301 300.0000
   3.000   0.9391   0.01367   0.00355  -0.1156   0.4366   1.0000  69.0301 300.0000
   4.000   1.0339   0.01442   0.00360  -0.1130   0.4259   1.0000  69.9986 300.0000
   4.000   1.0339   0.01442   0.00360  -0.1130   0.4259   1.0000  69.9989 300.0000
   4.000   1.0339   0.01442   0.00360  -0.1130   0.4259   1.0000  69.9989 300.0000
   4.000   1.0339   0.01442   0.00360  -0.1130   0.4259   1.0000  69.9989 300.0000
   4.000   1.0339   0.01442   0.00360  -0.1130   0.4259   1.0000  69.9989 300.0000
   5.000   1.1288   0.01519   0.00373  -0.1107   0.4161   1.0000  70.8856 300.0000
   5.000   1.1288   0.01519   0.00373  -0.1107   0.4161   1.0000  70.8856 300.0000
   5.000   1.1288   0.01519   0.00373  -0.1107   0.4161   1.0000  70.8856 300.0000
   5.000   1.1288   0.01519   0.00373  -0.1107   0.4161   1.0000  70.8856 300.0000
   5.000   1.1288   0.01519   0.00373  -0.1107   0.4161   1.0000  70.8856 300.0000
   6.000   1.2198   0.01607   0.00384  -0.1078   0.4062   1.0000  71.7984 300.0000
   6.000   1.2198   0.01607   0.00384  -0.1078   0.4062   1.0000  71.7984 300.0000
   6.000   1.2198   0.01607   0.00384  -0.1078   0.4062   1.0000  71.7984 300.0000
   6.000   1.2198   0.01607   0.00384  -0.1078   0.4062   1.0000  71.7984 300.0000
   6.000   1.2198   0.01607   0.00384  -0.1078   0.4062   1.0000  71.7984 300.0000
   7.000   1.3061   0.01707   0.00395  -0.1044   0.3959   1.0000  72.7494 300.0000
   7.000   1.3061   0.01707   0.00395  -0.1044   0.3959   1.0000  72.7494 300.0000
   7.000   1.3061   0.01707   0.00395  -0.1044   0.3959   1.0000  72.7494 300.0000
   7.000   1.3061   0.01707   0.00395  -0.1044   0.3959   1.0000  72.7494 300.0000
   7.000   1.3061   0.01707   0.00395  -0.1044   0.3959   1.0000  72.7494 300.0000
   8.000   1.3877   0.01823   0.00404  -0.1006   0.3849   1.0000  73.7789 300.0000
   8.000   1.3877   0.01823   0.00404  -0.1006   0.3849   1.0000  73.7789 300.0000
   8.000   1.3877   0.01823   0.00404  -0.1006   0.3849   1.0000  73.7789 300.0000
   8.000   1.3877   0.01823   0.00404  -0.1006   0.3849   1.0000  73.7789 300.0000
   8.000   1.3877   0.01823   0.00404  -0.1006   0.3849   1.0000  73.7789 300.0000
   9.000   1.4622   0.01965   0.00408  -0.0963   0.3722   1.0000  74.9831 300.0000
   9.000   1.4622   0.01965   0.00408  -0.0963   0.3722   1.0000  74.9831 300.0000
   9.000   1.4622   0.01965   0.00408  -0.0963   0.3722   1.0000  74.9831 300.0000
   9.000   1.4622   0.01965   0.00408  -0.0963   0.3722   1.0000  74.9831 300.0000
   9.000   1.4622   0.01965   0.00408  -0.0963   0.3722   1.0000  74.9831 300.0000
  10.000   1.5194   0.02173   0.00453  -0.0903   0.3568   1.0000  76.4872 300.0000
  10.000   1.5194   0.02173   0.00453  -0.0903   0.3568   1.0000  76.4872 300.0000
  10.000   1.5194   0.02173   0.00453  -0.0903   0.3568   1.0000  76.4872 300.0000
  10.000   1.5194   0.02173   0.00453  -0.0903   0.3568   1.0000  76.4872 300.0000
  10.000   1.5194   0.02173   0.00453  -0.0903   0.3568   1.0000  76.4872 300.0000
  11.000   1.5742   0.02448   0.00522  -0.0851   0.3393   1.0000  78.2368 300.0000
  11.000   1.5742   0.02448   0.00522  -0.0851   0.3394   1.0000  78.2367 300.0000
  11.000   1.5742   0.02448   0.00522  -0.0851   0.3394   1.0000  78.2367 300.0000
  11.000   1.5742   0.02448   0.00522  -0.0851   0.3394   1.0000  78.2367 300.0000
  11.000   1.5742   0.02448   0.00522  -0.0851   0.3394   1.0000  78.2367 300.0000
  12.000   1.6195   0.02832   0.00656  -0.0800   0.3174   1.0000  80.5075 300.0000
  12.000   1.6195   0.02832   0.00656  -0.0800   0.3174   1.0000  80.5075 300.0000
  12.000   1.6195   0.02832   0.00656  -0.0800   0.3174   1.0000  80.5074 300.0000
  12.000   1.6195   0.02832   0.00656  -0.0800   0.3174   1.0000  80.5074 300.0000
  12.000   1.6195   0.02832   0.00656  -0.0800   0.3174   1.0000  80.5074 300.0000
  14.000   1.6774   0.04031   0.01196  -0.0706   0.2719   1.0000  85.4155 300.0000
  14.000   1.6774   0.04031   0.01196  -0.0706   0.2719   1.0000  85.4159 300.0000
  14.000   1.6774   0.04031   0.01196  -0.0706   0.2719   1.0000  85.4160 300.0000
  14.000   1.6774   0.04031   0.01196  -0.0706   0.2719   1.0000  85.4160 300.0000
  14.000   1.6774   0.04031   0.01196  -0.0706   0.2719   1.0000  85.4160 300.0000
  15.000   1.6943   0.04823   0.01607  -0.0669   0.2543   1.0000  87.3622 300.0000
  15.000   1.6943   0.04823   0.01607  -0.0669   0.2543   1.0000  87.3621 300.0000
  15.000   1.6943   0.04823   0.01607  -0.0669   0.2543   1.0000  87.3621 300.0000
  15.000   1.6943   0.04823   0.01607  -0.0669   0.2543   1.0000  87.3621 300.0000
  15.000   1.6943   0.04823   0.01607  -0.0669   0.2543   1.0000  87.3621 300.0000
  16.000   1.7077   0.05694   0.02078  -0.0642   0.2404   1.0000  88.9194 300.0000
  16.000   1.7077   0.05694   0.02078  -0.0642   0.2404   1.0000  88.9196 300.0000
  16.000   1.7077   0.05694   0.02078  -0.0642   0.2404   1.0000  88.9197 300.0000
  16.000   1.7077   0.05694   0.02078  -0.0642   0.2404   1.0000  88.9197 300.0000
  16.000   1.7077   0.05694   0.02078  -0.0642   0.2404   1.0000  88.9197 300.0000
  17.000   1.7172   0.06658   0.02635  -0.0626   0.2283   1.0000  90.2914 300.0000
  17.000   1.7172   0.06658   0.02635  -0.0626   0.2283   1.0000  90.2912 300.0000
  17.000   1.7172   0.06658   0.02635  -0.0626   0.2283   1.0000  90.2912 300.0000
  17.000   1.7172   0.06658   0.02635  -0.0626   0.2283   1.0000  90.2912 300.0000
  17.000   1.7172   0.06658   0.02635  -0.0626   0.2283   1.0000  90.2912 300.0000
  18.000   1.7189   0.07749   0.03306  -0.0619   0.2166   1.0000  91.6364 300.0000
  18.000   1.7189   0.07749   0.03306  -0.0619   0.2166   1.0000  91.6363 300.0000
  18.000   1.7189   0.07749   0.03306  -0.0619   0.2166   1.0000  91.6363 300.0000
  18.000   1.7189   0.07749   0.03306  -0.0619   0.2166   1.0000  91.6363 300.0000
  18.000   1.7189   0.07749   0.03306  -0.0619   0.2166   1.0000  91.6363 300.0000
  19.000   1.7163   0.08915   0.04063  -0.0622   0.2046   1.0000  93.0314 300.0000
  19.000   1.7163   0.08915   0.04063  -0.0622   0.2046   1.0000  93.0313 300.0000
  19.000   1.7163   0.08915   0.04063  -0.0622   0.2046   1.0000  93.0313 300.0000
  19.000   1.7163   0.08915   0.04063  -0.0622   0.2046   1.0000  93.0313 300.0000
  19.000   1.7163   0.08915   0.04063  -0.0622   0.2046   1.0000  93.0313 300.0000
