  
       XFOIL         Version 6.99
  
 Calculated polar for: GOE 625 AIRFOIL                                 
  
 1 1 Reynolds number fixed          Mach number fixed         
  
 xtrf =   1.000 (top)        1.000 (bottom)  
 Mach =   0.000     Re =     0.275 e 6     Ncrit =   9.000  9.000
  
   alpha    CL        CD       CDp       CM     Top_Xtr  Bot_Xtr  Top_Itr  Bot_Itr
  ------ -------- --------- --------- -------- -------- -------- -------- --------
   0.000   0.6081   0.01534   0.00343  -0.1153   0.5037   0.2407  63.0177 222.1078
   0.000   0.6081   0.01534   0.00343  -0.1153   0.5037   0.2407  63.0177 222.1076
   0.000   0.6081   0.01534   0.00343  -0.1153   0.5037   0.2407  63.0177 222.1076
   0.000   0.6081   0.01534   0.00343  -0.1153   0.5037   0.2407  63.0177 222.1076
   0.000   0.6081   0.01534   0.00343  -0.1153   0.5037   0.2407  63.0177 222.1076
   1.000   0.7135   0.01507   0.00360  -0.1150   0.4878   0.4035  64.4399 235.2313
   1.000   0.7135   0.01507   0.00360  -0.1150   0.4878   0.4035  64.4399 235.2311
   1.000   0.7135   0.01507   0.00360  -0.1150   0.4878   0.4035  64.4399 235.2311
   1.000   0.7135   0.01507   0.00360  -0.1150   0.4878   0.4035  64.4399 235.2311
   1.000   0.7135   0.01507   0.00360  -0.1150   0.4878   0.4035  64.4399 235.2311
   2.000   0.8658   0.01476   0.00448  -0.1226   0.4739   1.0000  65.6808 300.0000
   2.000   0.8658   0.01476   0.00448  -0.1226   0.4739   1.0000  65.6808 300.0000
   2.000   0.8658   0.01476   0.00448  -0.1226   0.4739   1.0000  65.6808 300.0000
   2.000   0.8658   0.01476   0.00448  -0.1226   0.4739   1.0000  65.6808 300.0000
   2.000   0.8658   0.01476   0.00448  -0.1226   0.4739   1.0000  65.6808 300.0000
   3.000   0.9556   0.01556   0.00453  -0.1190   0.4605   1.0000  66.8821 300.0000
   3.000   0.9556   0.01556   0.00453  -0.1190   0.4605   1.0000  66.8821 300.0000
   3.000   0.9556   0.01556   0.00453  -0.1190   0.4605   1.0000  66.8821 300.0000
   3.000   0.9556   0.01556   0.00453  -0.1190   0.4605   1.0000  66.8821 300.0000
   3.000   0.9556   0.01556   0.00453  -0.1190   0.4605   1.0000  66.8821 300.0000
   4.000   1.0512   0.01648   0.00470  -0.1167   0.4472   1.0000  68.0772 300.0000
   4.000   1.0512   0.01648   0.00470  -0.1167   0.4472   1.0000  68.0772 300.0000
   4.000   1.0512   0.01648   0.00470  -0.1167   0.4472   1.0000  68.0772 300.0000
   4.000   1.0512   0.01648   0.00470  -0.1167   0.4472   1.0000  68.0772 300.0000
   4.000   1.0512   0.01648   0.00470  -0.1167   0.4472   1.0000  68.0772 300.0000
   5.000   1.1515   0.01750   0.00500  -0.1155   0.4360   1.0000  69.0816 300.0000
   5.000   1.1515   0.01750   0.00500  -0.1155   0.4360   1.0000  69.0816 300.0000
   5.000   1.1515   0.01750   0.00500  -0.1155   0.4360   1.0000  69.0816 300.0000
   5.000   1.1515   0.01750   0.00500  -0.1155   0.4360   1.0000  69.0816 300.0000
   5.000   1.1515   0.01750   0.00500  -0.1155   0.4360   1.0000  69.0816 300.0000
   6.000   1.2499   0.01860   0.00532  -0.1142   0.4247   1.0000  70.1059 300.0000
   6.000   1.2499   0.01860   0.00532  -0.1142   0.4247   1.0000  70.1059 300.0000
   6.000   1.2499   0.01860   0.00532  -0.1142   0.4247   1.0000  70.1059 300.0000
   6.000   1.2499   0.01860   0.00532  -0.1142   0.4247   1.0000  70.1059 300.0000
   6.000   1.2499   0.01860   0.00532  -0.1142   0.4247   1.0000  70.1059 300.0000
   7.000   1.3418   0.01975   0.00560  -0.1119   0.4128   1.0000  71.1897 300.0000
   7.000   1.3418   0.01975   0.00560  -0.1119   0.4128   1.0000  71.1898 300.0000
   7.000   1.3418   0.01975   0.00560  -0.1119   0.4128   1.0000  71.1898 300.0000
   7.000   1.3418   0.01975   0.00560  -0.1119   0.4128   1.0000  71.1898 300.0000
   7.000   1.3418   0.01975   0.00560  -0.1119   0.4128   1.0000  71.1898 300.0000
   8.000   1.4226   0.02095   0.00578  -0.1077   0.4000   1.0000  72.3702 300.0000
   8.000   1.4226   0.02095   0.00578  -0.1077   0.4000   1.0000  72.3702 300.0000
   8.000   1.4226   0.02095   0.00578  -0.1077   0.4000   1.0000  72.3702 300.0000
   8.000   1.4226   0.02095   0.00578  -0.1077   0.4000   1.0000  72.3702 300.0000
   8.000   1.4226   0.02095   0.00578  -0.1077   0.4000   1.0000  72.3702 300.0000
   9.000   1.4894   0.02227   0.00581  -0.1014   0.3866   1.0000  73.6190 300.0000
   9.000   1.4894   0.02227   0.00581  -0.1014   0.3866   1.0000  73.6190 300.0000
   9.000   1.4894   0.02227   0.00581  -0.1014   0.3866   1.0000  73.6190 300.0000
   9.000   1.4894   0.02227   0.00581  -0.1014   0.3866   1.0000  73.6190 300.0000
   9.000   1.4894   0.02227   0.00581  -0.1014   0.3866   1.0000  73.6190 300.0000
  10.000   1.5534   0.02376   0.00564  -0.0954   0.3717   1.0000  75.0303 300.0000
  10.000   1.5534   0.02376   0.00564  -0.0954   0.3717   1.0000  75.0302 300.0000
  10.000   1.5534   0.02376   0.00564  -0.0954   0.3717   1.0000  75.0302 300.0000
  10.000   1.5534   0.02376   0.00564  -0.0954   0.3717   1.0000  75.0302 300.0000
  10.000   1.5534   0.02376   0.00564  -0.0954   0.3717   1.0000  75.0302 300.0000
  11.000   1.5867   0.02636   0.00613  -0.0862   0.3540   1.0000  76.7671 300.0000
  11.000   1.5867   0.02636   0.00613  -0.0862   0.3540   1.0000  76.7670 300.0000
  11.000   1.5867   0.02636   0.00613  -0.0862   0.3540   1.0000  76.7670 300.0000
  11.000   1.5867   0.02636   0.00613  -0.0862   0.3540   1.0000  76.7670 300.0000
  11.000   1.5867   0.02636   0.00613  -0.0862   0.3540   1.0000  76.7670 300.0000
  12.000   1.6187   0.03000   0.00718  -0.0789   0.3345   1.0000  78.7355 300.0000
  12.000   1.6187   0.03001   0.00718  -0.0789   0.3345   1.0000  78.7357 300.0000
  12.000   1.6187   0.03001   0.00718  -0.0789   0.3345   1.0000  78.7357 300.0000
  12.000   1.6187   0.03001   0.00718  -0.0789   0.3345   1.0000  78.7357 300.0000
  12.000   1.6187   0.03001   0.00718  -0.0789   0.3345   1.0000  78.7357 300.0000
  13.000   1.6480   0.03476   0.00894  -0.0728   0.3143   1.0000  80.8308 300.0000
  13.000   1.6480   0.03476   0.00894  -0.0728   0.3143   1.0000  80.8307 300.0000
  13.000   1.6480   0.03476   0.00894  -0.0728   0.3143   1.0000  80.8307 300.0000
  13.000   1.6480   0.03476   0.00894  -0.0728   0.3143   1.0000  80.8307 300.0000
  13.000   1.6480   0.03476   0.00894  -0.0728   0.3143   1.0000  80.8307 300.0000
  14.000   1.6748   0.04062   0.01147  -0.0681   0.2952   1.0000  82.8722 300.0000
  14.000   1.6748   0.04062   0.01146  -0.0681   0.2952   1.0000  82.8722 300.0000
  14.000   1.6748   0.04062   0.01146  -0.0681   0.2952   1.0000  82.8722 300.0000
  14.000   1.6748   0.04062   0.01146  -0.0681   0.2952   1.0000  82.8722 300.0000
  14.000   1.6748   0.04062   0.01146  -0.0681   0.2952   1.0000  82.8722 300.0000
  15.000   1.6962   0.04763   0.01487  -0.0643   0.2779   1.0000  84.7530 300.0000
  15.000   1.6962   0.04763   0.01487  -0.0643   0.2779   1.0000  84.7529 300.0000
  15.000   1.6962   0.04763   0.01487  -0.0643   0.2779   1.0000  84.7529 300.0000
  15.000   1.6962   0.04763   0.01487  -0.0643   0.2779   1.0000  84.7529 300.0000
  15.000   1.6962   0.04763   0.01487  -0.0643   0.2779   1.0000  84.7529 300.0000
  16.000   1.7109   0.05583   0.01915  -0.0613   0.2619   1.0000  86.5118 300.0000
  16.000   1.7109   0.05583   0.01915  -0.0613   0.2619   1.0000  86.5118 300.0000
  16.000   1.7109   0.05583   0.01915  -0.0613   0.2619   1.0000  86.5118 300.0000
  16.000   1.7109   0.05583   0.01915  -0.0613   0.2619   1.0000  86.5118 300.0000
  16.000   1.7109   0.05583   0.01915  -0.0613   0.2619   1.0000  86.5118 300.0000
  18.000   1.7291   0.07480   0.02996  -0.0584   0.2356   1.0000  89.4544 300.0000
  18.000   1.7291   0.07479   0.02996  -0.0584   0.2356   1.0000  89.4541 300.0000
  18.000   1.7291   0.07479   0.02996  -0.0584   0.2356   1.0000  89.4540 300.0000
  18.000   1.7291   0.07479   0.02996  -0.0584   0.2356   1.0000  89.4540 300.0000
  18.000   1.7291   0.07479   0.02996  -0.0584   0.2356   1.0000  89.4540 300.0000
  19.000   1.7324   0.08542   0.03652  -0.0585   0.2228   1.0000  90.9155 300.0000
  19.000   1.7324   0.08541   0.03652  -0.0585   0.2228   1.0000  90.9154 300.0000
  19.000   1.7324   0.08541   0.03652  -0.0585   0.2228   1.0000  90.9153 300.0000
  19.000   1.7324   0.08541   0.03652  -0.0585   0.2228   1.0000  90.9153 300.0000
  19.000   1.7324   0.08541   0.03652  -0.0585   0.2228   1.0000  90.9153 300.0000
