  
       XFOIL         Version 6.99
  
 Calculated polar for: EPPLER 864 STRUT AIRFOIL                        
  
 1 1 Reynolds number fixed          Mach number fixed         
  
 xtrf =   1.000 (top)        1.000 (bottom)  
 Mach =   0.000     Re =     0.275 e 6     Ncrit =   9.000  9.000
  
   alpha    CL        CD       CDp       CM     Top_Xtr  Bot_Xtr  Top_Itr  Bot_Itr
  ------ -------- --------- --------- -------- -------- -------- -------- --------
   0.000   0.0025   0.02780   0.01457  -0.0002   0.4607   0.4607  49.8812 250.8242
   0.000   0.0025   0.02780   0.01457  -0.0002   0.4607   0.4607  49.8812 250.8242
   0.000   0.0025   0.02780   0.01457  -0.0002   0.4607   0.4607  49.8812 250.8242
   0.000   0.0025   0.02780   0.01457  -0.0002   0.4607   0.4607  49.8812 250.8242
   0.000   0.0025   0.02780   0.01457  -0.0002   0.4607   0.4607  49.8812 250.8242
   1.000   0.0962   0.02808   0.01496   0.0003   0.4541   0.4663  50.4364 251.2883
   1.000   0.0962   0.02808   0.01496   0.0003   0.4541   0.4663  50.4364 251.2885
   1.000   0.0962   0.02808   0.01496   0.0003   0.4541   0.4663  50.4364 251.2885
   1.000   0.0962   0.02808   0.01496   0.0003   0.4541   0.4663  50.4364 251.2885
   1.000   0.0962   0.02808   0.01496   0.0003   0.4541   0.4663  50.4364 251.2885
   2.000   0.2035   0.02812   0.01462  -0.0012   0.4487   0.4731  50.9013 251.8408
   2.000   0.2035   0.02812   0.01462  -0.0012   0.4487   0.4731  50.9013 251.8408
   2.000   0.2035   0.02812   0.01462  -0.0012   0.4487   0.4731  50.9013 251.8408
   2.000   0.2035   0.02812   0.01462  -0.0012   0.4487   0.4731  50.9013 251.8408
   2.000   0.2035   0.02812   0.01462  -0.0012   0.4487   0.4731  50.9013 251.8408
   3.000   0.2834   0.02900   0.01532   0.0013   0.4416   0.4788  51.5173 252.2900
   3.000   0.2834   0.02900   0.01532   0.0013   0.4416   0.4788  51.5172 252.2896
   3.000   0.2834   0.02900   0.01532   0.0013   0.4416   0.4788  51.5172 252.2896
   3.000   0.2834   0.02900   0.01532   0.0013   0.4416   0.4788  51.5172 252.2896
   3.000   0.2834   0.02900   0.01532   0.0013   0.4416   0.4788  51.5172 252.2896
   4.000   0.3982   0.02916   0.01480  -0.0015   0.4367   0.4861  51.9545 252.8576
   4.000   0.3982   0.02916   0.01480  -0.0015   0.4367   0.4861  51.9545 252.8576
   4.000   0.3982   0.02916   0.01480  -0.0015   0.4367   0.4861  51.9545 252.8576
   4.000   0.3982   0.02916   0.01480  -0.0015   0.4367   0.4861  51.9545 252.8576
   4.000   0.3982   0.02916   0.01480  -0.0015   0.4367   0.4861  51.9545 252.8576
   5.000   0.4476   0.03061   0.01560   0.0055   0.4285   0.4920  52.6974 253.3110
   5.000   0.4476   0.03061   0.01560   0.0055   0.4285   0.4920  52.6974 253.3118
   5.000   0.4476   0.03061   0.01560   0.0055   0.4285   0.4920  52.6974 253.3117
   5.000   0.4476   0.03061   0.01560   0.0055   0.4285   0.4920  52.6974 253.3117
   5.000   0.4476   0.03061   0.01560   0.0055   0.4285   0.4920  52.6974 253.3117
   6.000   0.4421   0.03306   0.01637   0.0197   0.4201   0.4982  53.4841 253.7761
   6.000   0.4421   0.03306   0.01637   0.0197   0.4201   0.4982  53.4841 253.7764
   6.000   0.4421   0.03306   0.01637   0.0197   0.4201   0.4982  53.4841 253.7764
   6.000   0.4421   0.03306   0.01637   0.0197   0.4201   0.4982  53.4841 253.7764
   6.000   0.4421   0.03306   0.01637   0.0197   0.4201   0.4982  53.4841 253.7764
   7.000   0.3087   0.04561   0.02438   0.0369   0.4041   0.5022  55.0394 254.0742
   7.000   0.3087   0.04561   0.02438   0.0369   0.4041   0.5022  55.0394 254.0743
   7.000   0.3087   0.04561   0.02438   0.0369   0.4041   0.5022  55.0394 254.0743
   7.000   0.3087   0.04561   0.02438   0.0369   0.4041   0.5022  55.0394 254.0743
   7.000   0.3087   0.04561   0.02438   0.0369   0.4041   0.5022  55.0394 254.0743
   8.000   0.5544   0.03766   0.01736   0.0255   0.4051   0.5135  54.9386 254.9021
   8.000   0.5544   0.03766   0.01736   0.0255   0.4051   0.5135  54.9386 254.9020
   8.000   0.5544   0.03766   0.01736   0.0255   0.4051   0.5135  54.9386 254.9020
   8.000   0.5544   0.03766   0.01736   0.0255   0.4051   0.5135  54.9386 254.9020
   8.000   0.5544   0.03766   0.01736   0.0255   0.4051   0.5135  54.9386 254.9020
  12.000   0.1834   0.11085   0.08095   0.0365   0.2947   0.5333  67.8230 256.2959
  14.000   0.3200   0.11942   0.08702   0.0298   0.2718   0.5601  70.8182 258.1081
  14.000   0.3200   0.11942   0.08702   0.0298   0.2718   0.5601  70.8182 258.1077
  14.000   0.3200   0.11942   0.08702   0.0298   0.2718   0.5601  70.8182 258.1077
  14.000   0.3200   0.11942   0.08702   0.0298   0.2718   0.5601  70.8182 258.1077
