  
       XFOIL         Version 6.99
  
 Calculated polar for: EPPLER 864 STRUT AIRFOIL                        
  
 1 1 Reynolds number fixed          Mach number fixed         
  
 xtrf =   1.000 (top)        1.000 (bottom)  
 Mach =   0.000     Re =     0.500 e 6     Ncrit =   9.000  9.000
  
   alpha    CL        CD       CDp       CM     Top_Xtr  Bot_Xtr  Top_Itr  Bot_Itr
  ------ -------- --------- --------- -------- -------- -------- -------- --------
   0.000   0.0022   0.01890   0.00702  -0.0002   0.4368   0.4367  51.9380 248.7597
   0.000   0.0022   0.01890   0.00702  -0.0002   0.4368   0.4367  51.9383 248.7596
   0.000   0.0022   0.01890   0.00702  -0.0002   0.4368   0.4367  51.9383 248.7596
   0.000   0.0022   0.01890   0.00702  -0.0002   0.4368   0.4367  51.9383 248.7596
   0.000   0.0022   0.01890   0.00702  -0.0002   0.4368   0.4367  51.9383 248.7596
   1.000   0.1128   0.01888   0.00709  -0.0019   0.4314   0.4419  52.4303 249.2196
   1.000   0.1128   0.01888   0.00709  -0.0019   0.4314   0.4419  52.4304 249.2197
   1.000   0.1128   0.01888   0.00709  -0.0019   0.4314   0.4419  52.4304 249.2197
   1.000   0.1128   0.01888   0.00709  -0.0019   0.4314   0.4419  52.4304 249.2197
   1.000   0.1128   0.01888   0.00709  -0.0019   0.4314   0.4419  52.4304 249.2197
   2.000   0.2297   0.01897   0.00701  -0.0046   0.4265   0.4475  52.8852 249.7084
   2.000   0.2297   0.01897   0.00701  -0.0046   0.4265   0.4475  52.8855 249.7074
   2.000   0.2297   0.01897   0.00701  -0.0046   0.4265   0.4475  52.8855 249.7074
   2.000   0.2297   0.01897   0.00701  -0.0046   0.4265   0.4475  52.8855 249.7074
   2.000   0.2297   0.01897   0.00701  -0.0046   0.4265   0.4475  52.8855 249.7074
   3.000   0.3363   0.01910   0.00698  -0.0056   0.4206   0.4530  53.4394 250.1820
   3.000   0.3363   0.01910   0.00698  -0.0056   0.4206   0.4530  53.4394 250.1821
   3.000   0.3363   0.01910   0.00698  -0.0056   0.4206   0.4530  53.4394 250.1822
   3.000   0.3363   0.01910   0.00698  -0.0056   0.4206   0.4530  53.4394 250.1822
   3.000   0.3363   0.01910   0.00698  -0.0056   0.4206   0.4530  53.4394 250.1822
   4.000   0.4533   0.01923   0.00670  -0.0084   0.4151   0.4590  53.9615 250.6809
   4.000   0.4533   0.01923   0.00670  -0.0084   0.4151   0.4590  53.9615 250.6807
   4.000   0.4533   0.01923   0.00670  -0.0084   0.4151   0.4590  53.9615 250.6807
   4.000   0.4533   0.01923   0.00670  -0.0084   0.4151   0.4590  53.9615 250.6807
   4.000   0.4533   0.01923   0.00670  -0.0084   0.4151   0.4590  53.9615 250.6807
   5.000   0.5475   0.01946   0.00662  -0.0073   0.4090   0.4650  54.5546 251.1840
   5.000   0.5475   0.01946   0.00662  -0.0073   0.4090   0.4650  54.5547 251.1834
   5.000   0.5475   0.01946   0.00662  -0.0073   0.4090   0.4650  54.5547 251.1834
   5.000   0.5475   0.01946   0.00662  -0.0073   0.4090   0.4650  54.5547 251.1834
   5.000   0.5475   0.01946   0.00662  -0.0073   0.4090   0.4650  54.5547 251.1834
   6.000   0.6582   0.01975   0.00630  -0.0091   0.4038   0.4719  55.0687 251.7423
   6.000   0.6582   0.01975   0.00630  -0.0091   0.4038   0.4719  55.0687 251.7423
   6.000   0.6582   0.01975   0.00630  -0.0091   0.4038   0.4719  55.0687 251.7423
   6.000   0.6582   0.01975   0.00630  -0.0091   0.4038   0.4719  55.0687 251.7423
   6.000   0.6582   0.01975   0.00630  -0.0091   0.4038   0.4719  55.0687 251.7423
   7.000   0.7300   0.02009   0.00597  -0.0043   0.3978   0.4785  55.6826 252.2648
   7.000   0.7300   0.02009   0.00597  -0.0043   0.3978   0.4785  55.6826 252.2655
   7.000   0.7300   0.02009   0.00597  -0.0043   0.3978   0.4785  55.6826 252.2655
   7.000   0.7300   0.02009   0.00597  -0.0043   0.3978   0.4785  55.6826 252.2655
   7.000   0.7300   0.02009   0.00597  -0.0043   0.3978   0.4785  55.6826 252.2655
   8.000   0.8003   0.02078   0.00557   0.0003   0.3918   0.4863  56.3056 252.8773
   8.000   0.8003   0.02078   0.00557   0.0003   0.3918   0.4863  56.3056 252.8773
   8.000   0.8003   0.02078   0.00557   0.0003   0.3918   0.4863  56.3056 252.8773
   8.000   0.8003   0.02078   0.00557   0.0003   0.3918   0.4863  56.3056 252.8773
   8.000   0.8003   0.02078   0.00557   0.0003   0.3918   0.4863  56.3056 252.8773
   9.000   0.8899   0.02144   0.00512   0.0011   0.3857   0.4949  56.9454 253.5299
   9.000   0.8899   0.02144   0.00512   0.0011   0.3857   0.4949  56.9454 253.5300
   9.000   0.8899   0.02144   0.00512   0.0011   0.3857   0.4949  56.9454 253.5300
   9.000   0.8899   0.02144   0.00512   0.0011   0.3857   0.4949  56.9454 253.5300
   9.000   0.8899   0.02144   0.00512   0.0011   0.3857   0.4949  56.9454 253.5300
  10.000   0.9386   0.02338   0.00523   0.0062   0.3785   0.5045  57.7320 254.2435
  10.000   0.9386   0.02338   0.00523   0.0062   0.3785   0.5045  57.7320 254.2434
  10.000   0.9386   0.02338   0.00523   0.0062   0.3785   0.5045  57.7320 254.2434
  10.000   0.9386   0.02338   0.00523   0.0062   0.3785   0.5045  57.7320 254.2434
  10.000   0.9386   0.02338   0.00523   0.0062   0.3785   0.5045  57.7320 254.2434
  11.000   0.9906   0.02599   0.00550   0.0091   0.3708   0.5154  58.5734 255.0384
  11.000   0.9906   0.02599   0.00550   0.0091   0.3708   0.5154  58.5734 255.0383
  11.000   0.9906   0.02599   0.00550   0.0091   0.3708   0.5154  58.5734 255.0383
  11.000   0.9906   0.02599   0.00550   0.0091   0.3708   0.5154  58.5734 255.0383
  11.000   0.9906   0.02599   0.00550   0.0091   0.3708   0.5154  58.5734 255.0383
  12.000   1.0365   0.02958   0.00621   0.0110   0.3627   0.5287  59.4933 255.9844
  12.000   1.0365   0.02958   0.00621   0.0110   0.3627   0.5287  59.4933 255.9843
  12.000   1.0365   0.02958   0.00621   0.0110   0.3627   0.5287  59.4933 255.9843
  12.000   1.0365   0.02958   0.00621   0.0110   0.3627   0.5287  59.4933 255.9843
  12.000   1.0365   0.02958   0.00621   0.0110   0.3627   0.5287  59.4933 255.9843
  13.000   1.0672   0.03483   0.00778   0.0123   0.3529   0.5442  60.6237 257.0480
  13.000   1.0672   0.03483   0.00778   0.0123   0.3529   0.5442  60.6237 257.0475
  13.000   1.0672   0.03483   0.00778   0.0123   0.3529   0.5442  60.6237 257.0475
  13.000   1.0672   0.03483   0.00778   0.0123   0.3529   0.5442  60.6237 257.0475
  13.000   1.0672   0.03483   0.00778   0.0123   0.3529   0.5442  60.6237 257.0475
  14.000   1.0981   0.04094   0.00981   0.0123   0.3421   0.5644  61.9105 258.3860
  14.000   1.0981   0.04094   0.00981   0.0123   0.3421   0.5644  61.9104 258.3825
  14.000   1.0981   0.04094   0.00981   0.0123   0.3421   0.5644  61.9104 258.3820
  14.000   1.0981   0.04094   0.00981   0.0123   0.3421   0.5644  61.9104 258.3820
  14.000   1.0981   0.04094   0.00981   0.0123   0.3421   0.5644  61.9104 258.3820
  15.000   1.0724   0.05245   0.01561   0.0132   0.3269   0.5866  63.7571 259.8060
  15.000   1.0724   0.05245   0.01561   0.0132   0.3269   0.5865  63.7570 259.8023
  15.000   1.0724   0.05245   0.01561   0.0132   0.3269   0.5865  63.7570 259.8018
  15.000   1.0724   0.05245   0.01561   0.0132   0.3269   0.5865  63.7570 259.8018
  15.000   1.0724   0.05245   0.01561   0.0132   0.3269   0.5865  63.7570 259.8018
  16.000   1.0576   0.06390   0.02178   0.0127   0.3106   0.6174  65.7926 261.7076
  16.000   1.0576   0.06390   0.02178   0.0127   0.3106   0.6173  65.7926 261.7066
  16.000   1.0576   0.06390   0.02178   0.0127   0.3106   0.6173  65.7926 261.7065
  16.000   1.0576   0.06390   0.02178   0.0127   0.3106   0.6173  65.7926 261.7065
  16.000   1.0576   0.06390   0.02178   0.0127   0.3106   0.6173  65.7926 261.7065
  17.000   1.0613   0.07410   0.02736   0.0112   0.2941   0.6662  67.9070 264.6100
  17.000   1.0613   0.07410   0.02736   0.0112   0.2941   0.6662  67.9070 264.6078
  17.000   1.0613   0.07410   0.02736   0.0112   0.2941   0.6662  67.9070 264.6076
  17.000   1.0613   0.07410   0.02736   0.0112   0.2941   0.6662  67.9070 264.6076
  17.000   1.0613   0.07410   0.02736   0.0112   0.2941   0.6662  67.9070 264.6076
  18.000   1.0333   0.08777   0.03683   0.0098   0.2725   0.7508  70.7172 269.5519
  18.000   1.0333   0.08777   0.03683   0.0098   0.2725   0.7508  70.7172 269.5515
  18.000   1.0333   0.08777   0.03683   0.0098   0.2725   0.7508  70.7172 269.5515
  18.000   1.0333   0.08777   0.03683   0.0098   0.2725   0.7508  70.7172 269.5515
  18.000   1.0333   0.08777   0.03683   0.0098   0.2725   0.7508  70.7172 269.5515
  19.000   1.0166   0.09834   0.04459   0.0111   0.2506   1.0000  73.6469 300.0000
  19.000   1.0166   0.09834   0.04459   0.0111   0.2506   1.0000  73.6468 300.0000
  19.000   1.0166   0.09834   0.04459   0.0111   0.2506   1.0000  73.6468 300.0000
  19.000   1.0166   0.09834   0.04459   0.0111   0.2506   1.0000  73.6468 300.0000
  19.000   1.0166   0.09834   0.04459   0.0111   0.2506   1.0000  73.6468 300.0000
