  
       XFOIL         Version 6.99
  
 Calculated polar for: EPPLER 864 STRUT AIRFOIL                        
  
 1 1 Reynolds number fixed          Mach number fixed         
  
 xtrf =   1.000 (top)        1.000 (bottom)  
 Mach =   0.000     Re =     0.425 e 6     Ncrit =   9.000  9.000
  
   alpha    CL        CD       CDp       CM     Top_Xtr  Bot_Xtr  Top_Itr  Bot_Itr
  ------ -------- --------- --------- -------- -------- -------- -------- --------
   0.000  -0.0007   0.02065   0.00851   0.0002   0.4425   0.4424  51.4382 249.2630
   0.000  -0.0007   0.02065   0.00851   0.0002   0.4425   0.4424  51.4382 249.2631
   0.000  -0.0007   0.02065   0.00851   0.0002   0.4425   0.4424  51.4382 249.2631
   0.000  -0.0007   0.02065   0.00851   0.0002   0.4425   0.4424  51.4382 249.2631
   0.000  -0.0007   0.02065   0.00851   0.0002   0.4425   0.4424  51.4382 249.2631
   1.000   0.1153   0.02069   0.00840  -0.0024   0.4374   0.4482  51.8908 249.7664
   1.000   0.1153   0.02069   0.00840  -0.0024   0.4374   0.4482  51.8910 249.7663
   1.000   0.1153   0.02069   0.00840  -0.0024   0.4374   0.4482  51.8910 249.7662
   1.000   0.1153   0.02069   0.00840  -0.0024   0.4374   0.4482  51.8910 249.7662
   1.000   0.1153   0.02069   0.00840  -0.0024   0.4374   0.4482  51.8910 249.7662
   2.000   0.2236   0.02083   0.00852  -0.0038   0.4318   0.4536  52.3981 250.2328
   2.000   0.2236   0.02083   0.00852  -0.0038   0.4318   0.4536  52.3981 250.2329
   2.000   0.2236   0.02083   0.00852  -0.0038   0.4318   0.4536  52.3981 250.2329
   2.000   0.2236   0.02083   0.00852  -0.0038   0.4318   0.4536  52.3981 250.2329
   2.000   0.2236   0.02083   0.00852  -0.0038   0.4318   0.4536  52.3981 250.2329
   3.000   0.3391   0.02095   0.00835  -0.0064   0.4265   0.4597  52.8808 250.7391
   3.000   0.3391   0.02095   0.00835  -0.0064   0.4265   0.4597  52.8808 250.7390
   3.000   0.3391   0.02095   0.00835  -0.0064   0.4265   0.4597  52.8808 250.7390
   3.000   0.3391   0.02095   0.00835  -0.0064   0.4265   0.4597  52.8808 250.7390
   3.000   0.3391   0.02095   0.00835  -0.0064   0.4265   0.4597  52.8808 250.7390
   4.000   0.4402   0.02118   0.00832  -0.0066   0.4201   0.4655  53.4875 251.2181
   4.000   0.4402   0.02118   0.00832  -0.0066   0.4201   0.4655  53.4875 251.2181
   4.000   0.4402   0.02118   0.00832  -0.0066   0.4201   0.4655  53.4875 251.2181
   4.000   0.4402   0.02118   0.00832  -0.0066   0.4201   0.4655  53.4875 251.2181
   4.000   0.4402   0.02118   0.00832  -0.0066   0.4201   0.4655  53.4875 251.2181
   5.000   0.5599   0.02138   0.00794  -0.0099   0.4148   0.4722  53.9890 251.7672
   5.000   0.5599   0.02138   0.00794  -0.0099   0.4148   0.4722  53.9890 251.7670
   5.000   0.5599   0.02138   0.00794  -0.0099   0.4148   0.4722  53.9890 251.7670
   5.000   0.5599   0.02138   0.00794  -0.0099   0.4148   0.4722  53.9890 251.7670
   5.000   0.5599   0.02138   0.00794  -0.0099   0.4148   0.4722  53.9890 251.7670
   6.000   0.6407   0.02174   0.00787  -0.0068   0.4081   0.4787  54.6412 252.2817
   6.000   0.6407   0.02174   0.00787  -0.0068   0.4081   0.4787  54.6412 252.2817
   6.000   0.6407   0.02174   0.00787  -0.0068   0.4081   0.4787  54.6412 252.2817
   6.000   0.6407   0.02174   0.00787  -0.0068   0.4081   0.4787  54.6412 252.2817
   6.000   0.6407   0.02174   0.00787  -0.0068   0.4081   0.4787  54.6412 252.2817
   7.000   0.7406   0.02221   0.00752  -0.0070   0.4028   0.4863  55.1758 252.8740
   7.000   0.7406   0.02221   0.00752  -0.0070   0.4028   0.4863  55.1758 252.8740
   7.000   0.7406   0.02221   0.00752  -0.0070   0.4028   0.4863  55.1758 252.8740
   7.000   0.7406   0.02221   0.00752  -0.0070   0.4028   0.4863  55.1758 252.8740
   7.000   0.7406   0.02221   0.00752  -0.0070   0.4028   0.4863  55.1758 252.8740
   8.000   0.8034   0.02259   0.00694  -0.0010   0.3965   0.4939  55.8179 253.4534
   8.000   0.8034   0.02259   0.00694  -0.0010   0.3965   0.4939  55.8179 253.4541
   8.000   0.8034   0.02259   0.00694  -0.0010   0.3965   0.4939  55.8179 253.4540
   8.000   0.8034   0.02259   0.00694  -0.0010   0.3965   0.4939  55.8179 253.4540
   8.000   0.8034   0.02259   0.00694  -0.0010   0.3965   0.4939  55.8179 253.4540
   9.000   0.8574   0.02407   0.00691   0.0047   0.3896   0.5024  56.5319 254.0923
   9.000   0.8574   0.02407   0.00691   0.0047   0.3896   0.5024  56.5319 254.0920
   9.000   0.8574   0.02407   0.00691   0.0047   0.3896   0.5024  56.5319 254.0920
   9.000   0.8574   0.02407   0.00691   0.0047   0.3896   0.5024  56.5319 254.0920
   9.000   0.8574   0.02407   0.00691   0.0047   0.3896   0.5024  56.5319 254.0920
  10.000   0.9316   0.02541   0.00661   0.0065   0.3832   0.5129  57.2169 254.8561
  10.000   0.9316   0.02541   0.00661   0.0065   0.3832   0.5129  57.2169 254.8566
  10.000   0.9316   0.02541   0.00661   0.0065   0.3832   0.5129  57.2169 254.8567
  10.000   0.9316   0.02541   0.00661   0.0065   0.3832   0.5129  57.2169 254.8567
  10.000   0.9316   0.02541   0.00661   0.0065   0.3832   0.5129  57.2169 254.8567
  11.000   1.0090   0.02678   0.00615   0.0073   0.3763   0.5249  57.9689 255.7165
  11.000   1.0090   0.02678   0.00615   0.0073   0.3763   0.5249  57.9689 255.7155
  11.000   1.0090   0.02678   0.00615   0.0073   0.3763   0.5249  57.9689 255.7154
  11.000   1.0090   0.02678   0.00615   0.0073   0.3763   0.5249  57.9689 255.7154
  11.000   1.0090   0.02678   0.00615   0.0073   0.3763   0.5249  57.9689 255.7154
  12.000   1.0372   0.03064   0.00694   0.0113   0.3678   0.5382  58.9113 256.6354
  12.000   1.0372   0.03064   0.00694   0.0113   0.3678   0.5382  58.9113 256.6357
  12.000   1.0372   0.03064   0.00694   0.0113   0.3678   0.5382  58.9113 256.6357
  12.000   1.0372   0.03064   0.00694   0.0113   0.3678   0.5382  58.9113 256.6357
  12.000   1.0372   0.03064   0.00694   0.0113   0.3678   0.5382  58.9113 256.6357
  13.000   1.0719   0.03517   0.00796   0.0128   0.3586   0.5548  59.9670 257.7543
  13.000   1.0719   0.03517   0.00796   0.0128   0.3586   0.5548  59.9670 257.7546
  13.000   1.0719   0.03517   0.00796   0.0128   0.3586   0.5548  59.9670 257.7546
  13.000   1.0719   0.03517   0.00796   0.0128   0.3586   0.5548  59.9670 257.7546
  13.000   1.0719   0.03517   0.00796   0.0128   0.3586   0.5548  59.9670 257.7546
  17.000   0.9634   0.08325   0.03555   0.0139   0.2915   0.6690  68.2420 264.7700
  17.000   0.9634   0.08325   0.03555   0.0139   0.2915   0.6689  68.2420 264.7657
  17.000   0.9634   0.08325   0.03555   0.0139   0.2915   0.6689  68.2420 264.7658
  17.000   0.9634   0.08325   0.03555   0.0139   0.2915   0.6689  68.2420 264.7657
  17.000   0.9634   0.08325   0.03555   0.0139   0.2915   0.6689  68.2420 264.7657
