  
       XFOIL         Version 6.99
  
 Calculated polar for: DEFIANT CANARD BL20 AIRFOIL                     
  
 1 1 Reynolds number fixed          Mach number fixed         
  
 xtrf =   1.000 (top)        1.000 (bottom)  
 Mach =   0.000     Re =     0.300 e 6     Ncrit =   9.000  9.000
  
   alpha    CL        CD       CDp       CM     Top_Xtr  Bot_Xtr  Top_Itr  Bot_Itr
  ------ -------- --------- --------- -------- -------- -------- -------- --------
   0.000   0.3861   0.01414   0.00453  -0.0627   0.5215   0.5144  59.8185 243.2062
   0.000   0.3861   0.01414   0.00453  -0.0627   0.5215   0.5144  59.8185 243.2059
   0.000   0.3861   0.01414   0.00453  -0.0627   0.5215   0.5144  59.8185 243.2059
   0.000   0.3861   0.01414   0.00453  -0.0627   0.5215   0.5144  59.8185 243.2059
   0.000   0.3861   0.01414   0.00453  -0.0627   0.5215   0.5144  59.8185 243.2059
   1.000   0.4941   0.01410   0.00454  -0.0618   0.5094   0.5708  60.9051 247.5316
   1.000   0.4941   0.01410   0.00454  -0.0618   0.5094   0.5708  60.9051 247.5313
   1.000   0.4941   0.01410   0.00454  -0.0618   0.5094   0.5708  60.9051 247.5313
   1.000   0.4941   0.01410   0.00454  -0.0618   0.5094   0.5708  60.9051 247.5313
   1.000   0.4941   0.01410   0.00454  -0.0618   0.5094   0.5708  60.9051 247.5313
   2.000   0.5973   0.01389   0.00459  -0.0599   0.4975   0.6780  61.9944 255.6224
   2.000   0.5973   0.01389   0.00459  -0.0599   0.4975   0.6780  61.9944 255.6233
   2.000   0.5973   0.01389   0.00459  -0.0599   0.4975   0.6780  61.9944 255.6233
   2.000   0.5973   0.01389   0.00459  -0.0599   0.4975   0.6780  61.9944 255.6233
   2.000   0.5973   0.01389   0.00459  -0.0599   0.4975   0.6780  61.9944 255.6233
   3.000   0.7313   0.01388   0.00515  -0.0634   0.4837   0.9370  63.2669 280.1026
   3.000   0.7313   0.01388   0.00515  -0.0634   0.4837   0.9370  63.2669 280.1039
   3.000   0.7313   0.01388   0.00515  -0.0634   0.4837   0.9370  63.2669 280.1038
   3.000   0.7313   0.01388   0.00515  -0.0634   0.4837   0.9370  63.2669 280.1038
   3.000   0.7313   0.01388   0.00515  -0.0634   0.4837   0.9370  63.2669 280.1038
   4.000   0.9203   0.01451   0.00539  -0.0791   0.4689   0.9929  64.6582 296.4458
   4.000   0.9203   0.01451   0.00539  -0.0791   0.4689   0.9929  64.6582 296.4462
   4.000   0.9203   0.01451   0.00539  -0.0791   0.4689   0.9929  64.6582 296.4462
   4.000   0.9203   0.01451   0.00539  -0.0791   0.4689   0.9929  64.6582 296.4462
   4.000   0.9203   0.01451   0.00539  -0.0791   0.4689   0.9929  64.6582 296.4462
   5.000   1.0333   0.01499   0.00535  -0.0806   0.4558   1.0000  65.8911 300.0000
   5.000   1.0333   0.01499   0.00535  -0.0806   0.4558   1.0000  65.8911 300.0000
   5.000   1.0333   0.01499   0.00535  -0.0806   0.4558   1.0000  65.8911 300.0000
   5.000   1.0333   0.01499   0.00535  -0.0806   0.4558   1.0000  65.8911 300.0000
   5.000   1.0333   0.01499   0.00535  -0.0806   0.4558   1.0000  65.8911 300.0000
   6.000   1.1136   0.01568   0.00547  -0.0754   0.4427   1.0000  67.1539 300.0000
   6.000   1.1136   0.01568   0.00547  -0.0754   0.4427   1.0000  67.1539 300.0000
   6.000   1.1136   0.01568   0.00547  -0.0754   0.4427   1.0000  67.1539 300.0000
   6.000   1.1136   0.01568   0.00547  -0.0754   0.4427   1.0000  67.1539 300.0000
   6.000   1.1136   0.01568   0.00547  -0.0754   0.4427   1.0000  67.1539 300.0000
   7.000   1.1914   0.01646   0.00563  -0.0699   0.4286   1.0000  68.5202 300.0000
   7.000   1.1914   0.01646   0.00563  -0.0699   0.4286   1.0000  68.5202 300.0000
   7.000   1.1914   0.01646   0.00563  -0.0699   0.4286   1.0000  68.5202 300.0000
   7.000   1.1914   0.01646   0.00563  -0.0699   0.4286   1.0000  68.5202 300.0000
   7.000   1.1914   0.01646   0.00563  -0.0699   0.4286   1.0000  68.5202 300.0000
   8.000   1.2733   0.01727   0.00561  -0.0653   0.4149   1.0000  69.8617 300.0000
   8.000   1.2733   0.01727   0.00561  -0.0653   0.4149   1.0000  69.8617 300.0000
   8.000   1.2733   0.01727   0.00561  -0.0653   0.4149   1.0000  69.8617 300.0000
   8.000   1.2733   0.01727   0.00561  -0.0653   0.4149   1.0000  69.8617 300.0000
   8.000   1.2733   0.01727   0.00561  -0.0653   0.4149   1.0000  69.8617 300.0000
   9.000   1.3459   0.01836   0.00574  -0.0595   0.4003   1.0000  71.3031 300.0000
   9.000   1.3459   0.01836   0.00574  -0.0595   0.4003   1.0000  71.3031 300.0000
   9.000   1.3459   0.01836   0.00574  -0.0595   0.4003   1.0000  71.3031 300.0000
   9.000   1.3459   0.01836   0.00574  -0.0595   0.4003   1.0000  71.3031 300.0000
   9.000   1.3459   0.01836   0.00574  -0.0595   0.4003   1.0000  71.3031 300.0000
  10.000   1.4125   0.01958   0.00576  -0.0532   0.3856   1.0000  72.7726 300.0000
  10.000   1.4125   0.01958   0.00576  -0.0532   0.3856   1.0000  72.7727 300.0000
  10.000   1.4125   0.01958   0.00576  -0.0532   0.3856   1.0000  72.7727 300.0000
  10.000   1.4125   0.01958   0.00576  -0.0532   0.3856   1.0000  72.7727 300.0000
  10.000   1.4125   0.01958   0.00576  -0.0532   0.3856   1.0000  72.7727 300.0000
  11.000   1.4643   0.02132   0.00590  -0.0456   0.3710   1.0000  74.2520 300.0000
  11.000   1.4643   0.02132   0.00590  -0.0456   0.3710   1.0000  74.2520 300.0000
  11.000   1.4643   0.02132   0.00590  -0.0456   0.3710   1.0000  74.2520 300.0000
  11.000   1.4643   0.02132   0.00590  -0.0456   0.3710   1.0000  74.2520 300.0000
  11.000   1.4643   0.02132   0.00590  -0.0456   0.3710   1.0000  74.2520 300.0000
  12.000   1.5108   0.02386   0.00638  -0.0393   0.3558   1.0000  75.8069 300.0000
  12.000   1.5108   0.02386   0.00638  -0.0393   0.3558   1.0000  75.8068 300.0000
  12.000   1.5108   0.02386   0.00638  -0.0393   0.3558   1.0000  75.8068 300.0000
  12.000   1.5108   0.02386   0.00638  -0.0393   0.3558   1.0000  75.8068 300.0000
  12.000   1.5108   0.02386   0.00638  -0.0393   0.3558   1.0000  75.8068 300.0000
  13.000   1.5449   0.02783   0.00764  -0.0342   0.3402   1.0000  77.4186 300.0000
  13.000   1.5449   0.02783   0.00764  -0.0342   0.3402   1.0000  77.4186 300.0000
  13.000   1.5449   0.02783   0.00764  -0.0342   0.3402   1.0000  77.4186 300.0000
  13.000   1.5449   0.02783   0.00764  -0.0342   0.3402   1.0000  77.4186 300.0000
  13.000   1.5449   0.02783   0.00764  -0.0342   0.3402   1.0000  77.4186 300.0000
  14.000   1.5923   0.03170   0.00865  -0.0312   0.3252   1.0000  78.9821 300.0000
  14.000   1.5923   0.03170   0.00865  -0.0312   0.3252   1.0000  78.9822 300.0000
  14.000   1.5923   0.03170   0.00865  -0.0312   0.3252   1.0000  78.9822 300.0000
  14.000   1.5923   0.03170   0.00865  -0.0312   0.3252   1.0000  78.9822 300.0000
  14.000   1.5923   0.03170   0.00865  -0.0312   0.3252   1.0000  78.9822 300.0000
  15.000   1.5995   0.03869   0.01171  -0.0276   0.3081   1.0000  80.7912 300.0000
  15.000   1.5995   0.03869   0.01171  -0.0276   0.3081   1.0000  80.7911 300.0000
  15.000   1.5995   0.03869   0.01171  -0.0276   0.3081   1.0000  80.7911 300.0000
  15.000   1.5995   0.03869   0.01171  -0.0276   0.3081   1.0000  80.7911 300.0000
  15.000   1.5995   0.03869   0.01171  -0.0276   0.3081   1.0000  80.7911 300.0000
  16.000   1.6027   0.04676   0.01553  -0.0252   0.2903   1.0000  82.7055 300.0000
  16.000   1.6027   0.04676   0.01553  -0.0252   0.2903   1.0000  82.7055 300.0000
  16.000   1.6027   0.04676   0.01553  -0.0252   0.2903   1.0000  82.7055 300.0000
  16.000   1.6027   0.04676   0.01553  -0.0252   0.2903   1.0000  82.7055 300.0000
  16.000   1.6027   0.04676   0.01553  -0.0252   0.2903   1.0000  82.7055 300.0000
  17.000   1.6029   0.05603   0.02041  -0.0240   0.2728   1.0000  84.6119 300.0000
  17.000   1.6029   0.05603   0.02041  -0.0240   0.2728   1.0000  84.6119 300.0000
  17.000   1.6029   0.05603   0.02041  -0.0240   0.2728   1.0000  84.6119 300.0000
  17.000   1.6029   0.05603   0.02041  -0.0240   0.2728   1.0000  84.6119 300.0000
  17.000   1.6029   0.05603   0.02041  -0.0240   0.2728   1.0000  84.6119 300.0000
  18.000   1.5958   0.06686   0.02672  -0.0240   0.2544   1.0000  86.6483 300.0000
  18.000   1.5958   0.06686   0.02672  -0.0240   0.2544   1.0000  86.6483 300.0000
  18.000   1.5958   0.06686   0.02672  -0.0240   0.2544   1.0000  86.6483 300.0000
  18.000   1.5958   0.06686   0.02672  -0.0240   0.2544   1.0000  86.6483 300.0000
  18.000   1.5958   0.06686   0.02672  -0.0240   0.2544   1.0000  86.6483 300.0000
  19.000   1.5848   0.07884   0.03434  -0.0250   0.2367   1.0000  88.6603 300.0000
  19.000   1.5848   0.07883   0.03434  -0.0250   0.2367   1.0000  88.6603 300.0000
  19.000   1.5848   0.07883   0.03434  -0.0250   0.2367   1.0000  88.6603 300.0000
  19.000   1.5848   0.07883   0.03434  -0.0250   0.2367   1.0000  88.6603 300.0000
  19.000   1.5848   0.07883   0.03434  -0.0250   0.2367   1.0000  88.6603 300.0000
