  
       XFOIL         Version 6.99
  
 Calculated polar for: DEFIANT CANARD BL20 AIRFOIL                     
  
 1 1 Reynolds number fixed          Mach number fixed         
  
 xtrf =   1.000 (top)        1.000 (bottom)  
 Mach =   0.000     Re =     0.550 e 6     Ncrit =   9.000  9.000
  
   alpha    CL        CD       CDp       CM     Top_Xtr  Bot_Xtr  Top_Itr  Bot_Itr
  ------ -------- --------- --------- -------- -------- -------- -------- --------
   0.000   0.3899   0.01067   0.00220  -0.0624   0.4938   0.4631  62.3352 239.2431
   0.000   0.3899   0.01067   0.00220  -0.0624   0.4938   0.4631  62.3352 239.2432
   0.000   0.3899   0.01067   0.00220  -0.0624   0.4938   0.4631  62.3352 239.2432
   0.000   0.3899   0.01067   0.00220  -0.0624   0.4938   0.4631  62.3352 239.2432
   0.000   0.3899   0.01067   0.00220  -0.0624   0.4938   0.4631  62.3352 239.2432
   1.000   0.5001   0.01072   0.00223  -0.0619   0.4818   0.5048  63.4473 242.4583
   1.000   0.5001   0.01072   0.00223  -0.0619   0.4818   0.5048  63.4473 242.4581
   1.000   0.5001   0.01072   0.00223  -0.0619   0.4818   0.5048  63.4473 242.4581
   1.000   0.5001   0.01072   0.00223  -0.0619   0.4818   0.5048  63.4473 242.4581
   1.000   0.5001   0.01072   0.00223  -0.0619   0.4818   0.5048  63.4473 242.4581
   3.000   0.7048   0.01035   0.00233  -0.0580   0.4577   0.7416  65.7124 260.4260
   3.000   0.7048   0.01035   0.00233  -0.0580   0.4577   0.7416  65.7124 260.4259
   3.000   0.7048   0.01035   0.00233  -0.0580   0.4577   0.7416  65.7124 260.4259
   3.000   0.7048   0.01035   0.00233  -0.0580   0.4577   0.7416  65.7124 260.4259
   3.000   0.7048   0.01035   0.00233  -0.0580   0.4577   0.7416  65.7124 260.4259
   4.000   0.8495   0.01055   0.00272  -0.0642   0.4447   0.9629  66.9578 285.9200
   4.000   0.8495   0.01055   0.00272  -0.0642   0.4447   0.9628  66.9578 285.9140
   4.000   0.8495   0.01055   0.00272  -0.0642   0.4447   0.9628  66.9578 285.9137
   4.000   0.8495   0.01055   0.00272  -0.0642   0.4447   0.9628  66.9578 285.9137
   4.000   0.8495   0.01055   0.00272  -0.0642   0.4447   0.9628  66.9578 285.9137
   5.000   1.0179   0.01117   0.00301  -0.0764   0.4300   0.9944  68.3834 297.1321
   5.000   1.0179   0.01117   0.00301  -0.0764   0.4300   0.9944  68.3834 297.1408
   5.000   1.0179   0.01117   0.00301  -0.0764   0.4300   0.9944  68.3834 297.1408
   5.000   1.0179   0.01117   0.00301  -0.0764   0.4300   0.9944  68.3834 297.1408
   5.000   1.0179   0.01117   0.00301  -0.0764   0.4300   0.9944  68.3834 297.1408
   6.000   1.1289   0.01171   0.00310  -0.0773   0.4162   1.0000  69.7358 300.0000
   6.000   1.1289   0.01171   0.00310  -0.0773   0.4162   1.0000  69.7358 300.0000
   6.000   1.1289   0.01171   0.00310  -0.0773   0.4162   1.0000  69.7358 300.0000
   6.000   1.1289   0.01171   0.00310  -0.0773   0.4162   1.0000  69.7358 300.0000
   6.000   1.1289   0.01171   0.00310  -0.0773   0.4162   1.0000  69.7358 300.0000
   7.000   1.2058   0.01237   0.00312  -0.0714   0.4030   1.0000  71.0332 300.0000
   7.000   1.2058   0.01237   0.00312  -0.0714   0.4030   1.0000  71.0332 300.0000
   7.000   1.2058   0.01237   0.00312  -0.0714   0.4030   1.0000  71.0332 300.0000
   7.000   1.2058   0.01237   0.00312  -0.0714   0.4030   1.0000  71.0332 300.0000
   7.000   1.2058   0.01237   0.00312  -0.0714   0.4030   1.0000  71.0332 300.0000
   8.000   1.2797   0.01310   0.00320  -0.0651   0.3888   1.0000  72.4602 300.0000
   8.000   1.2797   0.01310   0.00320  -0.0651   0.3888   1.0000  72.4602 300.0000
   8.000   1.2797   0.01310   0.00320  -0.0651   0.3888   1.0000  72.4602 300.0000
   8.000   1.2797   0.01310   0.00320  -0.0651   0.3888   1.0000  72.4602 300.0000
   8.000   1.2797   0.01310   0.00320  -0.0651   0.3888   1.0000  72.4602 300.0000
   9.000   1.3453   0.01405   0.00319  -0.0577   0.3747   1.0000  73.8782 300.0000
   9.000   1.3453   0.01405   0.00319  -0.0577   0.3747   1.0000  73.8782 300.0000
   9.000   1.3453   0.01405   0.00319  -0.0577   0.3747   1.0000  73.8782 300.0000
   9.000   1.3453   0.01405   0.00319  -0.0577   0.3747   1.0000  73.8782 300.0000
   9.000   1.3453   0.01405   0.00319  -0.0577   0.3747   1.0000  73.8782 300.0000
  10.000   1.4034   0.01537   0.00331  -0.0499   0.3601   1.0000  75.3673 300.0000
  10.000   1.4034   0.01537   0.00331  -0.0499   0.3601   1.0000  75.3673 300.0000
  10.000   1.4034   0.01537   0.00331  -0.0499   0.3601   1.0000  75.3673 300.0000
  10.000   1.4034   0.01537   0.00331  -0.0499   0.3601   1.0000  75.3673 300.0000
  10.000   1.4034   0.01537   0.00331  -0.0499   0.3601   1.0000  75.3673 300.0000
  11.000   1.4583   0.01749   0.00374  -0.0438   0.3452   1.0000  76.9021 300.0000
  11.000   1.4583   0.01749   0.00374  -0.0438   0.3452   1.0000  76.9021 300.0000
  11.000   1.4583   0.01749   0.00374  -0.0438   0.3452   1.0000  76.9021 300.0000
  11.000   1.4583   0.01749   0.00374  -0.0438   0.3452   1.0000  76.9021 300.0000
  11.000   1.4583   0.01749   0.00374  -0.0438   0.3452   1.0000  76.9021 300.0000
  12.000   1.5060   0.02083   0.00485  -0.0392   0.3296   1.0000  78.5205 300.0000
  12.000   1.5060   0.02083   0.00485  -0.0392   0.3296   1.0000  78.5205 300.0000
  12.000   1.5060   0.02083   0.00485  -0.0392   0.3296   1.0000  78.5205 300.0000
  12.000   1.5060   0.02083   0.00485  -0.0392   0.3296   1.0000  78.5205 300.0000
  12.000   1.5060   0.02083   0.00485  -0.0392   0.3296   1.0000  78.5205 300.0000
  13.000   1.5456   0.02551   0.00662  -0.0359   0.3143   1.0000  80.1352 300.0000
  13.000   1.5456   0.02551   0.00662  -0.0359   0.3143   1.0000  80.1352 300.0000
  13.000   1.5456   0.02551   0.00662  -0.0359   0.3143   1.0000  80.1352 300.0000
  13.000   1.5456   0.02551   0.00662  -0.0359   0.3143   1.0000  80.1352 300.0000
  13.000   1.5456   0.02551   0.00662  -0.0359   0.3143   1.0000  80.1352 300.0000
  14.000   1.5711   0.03157   0.00918  -0.0327   0.2974   1.0000  81.9351 300.0000
  14.000   1.5711   0.03157   0.00918  -0.0327   0.2974   1.0000  81.9353 300.0000
  14.000   1.5711   0.03157   0.00918  -0.0327   0.2974   1.0000  81.9353 300.0000
  14.000   1.5711   0.03157   0.00918  -0.0327   0.2974   1.0000  81.9353 300.0000
  14.000   1.5711   0.03157   0.00918  -0.0327   0.2974   1.0000  81.9353 300.0000
  15.000   1.5847   0.03895   0.01266  -0.0300   0.2801   1.0000  83.8124 300.0000
  15.000   1.5847   0.03895   0.01266  -0.0300   0.2801   1.0000  83.8123 300.0000
  15.000   1.5847   0.03895   0.01266  -0.0300   0.2801   1.0000  83.8123 300.0000
  15.000   1.5847   0.03895   0.01266  -0.0300   0.2801   1.0000  83.8123 300.0000
  15.000   1.5847   0.03895   0.01266  -0.0300   0.2801   1.0000  83.8123 300.0000
  16.000   1.5954   0.04730   0.01689  -0.0283   0.2633   1.0000  85.6600 300.0000
  16.000   1.5954   0.04730   0.01689  -0.0283   0.2633   1.0000  85.6599 300.0000
  16.000   1.5954   0.04730   0.01689  -0.0283   0.2633   1.0000  85.6599 300.0000
  16.000   1.5954   0.04730   0.01689  -0.0283   0.2633   1.0000  85.6599 300.0000
  16.000   1.5954   0.04730   0.01689  -0.0283   0.2633   1.0000  85.6599 300.0000
  17.000   1.6006   0.05672   0.02201  -0.0273   0.2463   1.0000  87.5711 300.0000
  17.000   1.6006   0.05672   0.02201  -0.0273   0.2463   1.0000  87.5710 300.0000
  17.000   1.6006   0.05672   0.02201  -0.0273   0.2463   1.0000  87.5710 300.0000
  17.000   1.6006   0.05672   0.02201  -0.0273   0.2463   1.0000  87.5710 300.0000
  17.000   1.6006   0.05672   0.02201  -0.0273   0.2463   1.0000  87.5710 300.0000
  18.000   1.5977   0.06745   0.02828  -0.0272   0.2285   1.0000  89.6095 300.0000
  18.000   1.5977   0.06745   0.02828  -0.0272   0.2285   1.0000  89.6095 300.0000
  18.000   1.5977   0.06745   0.02828  -0.0272   0.2285   1.0000  89.6095 300.0000
  18.000   1.5977   0.06745   0.02828  -0.0272   0.2285   1.0000  89.6095 300.0000
  18.000   1.5977   0.06745   0.02828  -0.0272   0.2285   1.0000  89.6095 300.0000
  19.000   1.5942   0.07866   0.03521  -0.0278   0.2124   1.0000  91.5171 300.0000
  19.000   1.5942   0.07866   0.03521  -0.0278   0.2124   1.0000  91.5172 300.0000
  19.000   1.5942   0.07866   0.03521  -0.0278   0.2124   1.0000  91.5173 300.0000
  19.000   1.5942   0.07866   0.03521  -0.0278   0.2124   1.0000  91.5173 300.0000
  19.000   1.5942   0.07866   0.03521  -0.0278   0.2124   1.0000  91.5173 300.0000
