  
       XFOIL         Version 6.99
  
 Calculated polar for: DEFIANT CANARD BL20 AIRFOIL                     
  
 1 1 Reynolds number fixed          Mach number fixed         
  
 xtrf =   1.000 (top)        1.000 (bottom)  
 Mach =   0.000     Re =     0.425 e 6     Ncrit =   9.000  9.000
  
   alpha    CL        CD       CDp       CM     Top_Xtr  Bot_Xtr  Top_Itr  Bot_Itr
  ------ -------- --------- --------- -------- -------- -------- -------- --------
   0.000   0.3894   0.01192   0.00295  -0.0627   0.5050   0.4836  61.3089 240.8226
   0.000   0.3894   0.01192   0.00295  -0.0627   0.5050   0.4836  61.3089 240.8225
   0.000   0.3894   0.01192   0.00295  -0.0627   0.5050   0.4836  61.3089 240.8225
   0.000   0.3894   0.01192   0.00295  -0.0627   0.5050   0.4836  61.3089 240.8225
   0.000   0.3894   0.01192   0.00295  -0.0627   0.5050   0.4836  61.3089 240.8225
   1.000   0.4986   0.01194   0.00298  -0.0619   0.4928   0.5290  62.4225 244.3258
   1.000   0.4986   0.01194   0.00298  -0.0619   0.4928   0.5290  62.4225 244.3251
   1.000   0.4986   0.01194   0.00298  -0.0619   0.4928   0.5290  62.4225 244.3251
   1.000   0.4986   0.01194   0.00298  -0.0619   0.4928   0.5290  62.4225 244.3251
   1.000   0.4986   0.01194   0.00298  -0.0619   0.4928   0.5290  62.4225 244.3251
   2.000   0.6042   0.01185   0.00301  -0.0607   0.4807   0.6026  63.5530 249.9396
   2.000   0.6042   0.01185   0.00301  -0.0607   0.4807   0.6026  63.5530 249.9396
   2.000   0.6042   0.01185   0.00301  -0.0607   0.4807   0.6026  63.5530 249.9396
   2.000   0.6042   0.01185   0.00301  -0.0607   0.4807   0.6026  63.5530 249.9396
   2.000   0.6042   0.01185   0.00301  -0.0607   0.4807   0.6026  63.5530 249.9396
   3.000   0.7003   0.01136   0.00322  -0.0570   0.4686   0.8568  64.6839 269.8603
   3.000   0.7003   0.01136   0.00322  -0.0570   0.4686   0.8568  64.6839 269.8587
   3.000   0.7003   0.01136   0.00322  -0.0570   0.4686   0.8568  64.6839 269.8587
   3.000   0.7003   0.01136   0.00322  -0.0570   0.4686   0.8568  64.6839 269.8587
   3.000   0.7003   0.01136   0.00322  -0.0570   0.4686   0.8568  64.6839 269.8587
   4.000   0.8751   0.01197   0.00356  -0.0695   0.4550   0.9768  65.9715 290.1416
   4.000   0.8751   0.01197   0.00356  -0.0695   0.4550   0.9768  65.9715 290.1423
   4.000   0.8751   0.01197   0.00356  -0.0695   0.4550   0.9768  65.9715 290.1423
   4.000   0.8751   0.01197   0.00356  -0.0695   0.4550   0.9768  65.9715 290.1423
   4.000   0.8751   0.01197   0.00356  -0.0695   0.4550   0.9768  65.9715 290.1423
   5.000   1.0427   0.01253   0.00379  -0.0817   0.4400   1.0000  67.4107 300.0000
   5.000   1.0427   0.01253   0.00379  -0.0817   0.4400   1.0000  67.4107 300.0000
   5.000   1.0427   0.01253   0.00379  -0.0817   0.4400   1.0000  67.4107 300.0000
   5.000   1.0427   0.01253   0.00379  -0.0817   0.4400   1.0000  67.4107 300.0000
   5.000   1.0427   0.01253   0.00379  -0.0817   0.4400   1.0000  67.4107 300.0000
   6.000   1.1214   0.01308   0.00383  -0.0762   0.4269   1.0000  68.6810 300.0000
   6.000   1.1214   0.01308   0.00383  -0.0762   0.4269   1.0000  68.6810 300.0000
   6.000   1.1214   0.01308   0.00383  -0.0762   0.4269   1.0000  68.6810 300.0000
   6.000   1.1214   0.01308   0.00383  -0.0762   0.4269   1.0000  68.6810 300.0000
   6.000   1.1214   0.01308   0.00383  -0.0762   0.4269   1.0000  68.6810 300.0000
   7.000   1.2013   0.01376   0.00383  -0.0709   0.4138   1.0000  69.9648 300.0000
   7.000   1.2013   0.01376   0.00383  -0.0709   0.4138   1.0000  69.9648 300.0000
   7.000   1.2013   0.01376   0.00383  -0.0709   0.4138   1.0000  69.9648 300.0000
   7.000   1.2013   0.01376   0.00383  -0.0709   0.4138   1.0000  69.9648 300.0000
   7.000   1.2013   0.01376   0.00383  -0.0709   0.4138   1.0000  69.9648 300.0000
   8.000   1.2750   0.01457   0.00394  -0.0646   0.3995   1.0000  71.3802 300.0000
   8.000   1.2750   0.01457   0.00394  -0.0646   0.3995   1.0000  71.3802 300.0000
   8.000   1.2750   0.01457   0.00394  -0.0646   0.3995   1.0000  71.3802 300.0000
   8.000   1.2750   0.01457   0.00394  -0.0646   0.3995   1.0000  71.3802 300.0000
   8.000   1.2750   0.01457   0.00394  -0.0646   0.3995   1.0000  71.3802 300.0000
   9.000   1.3456   0.01553   0.00395  -0.0583   0.3853   1.0000  72.8094 300.0000
   9.000   1.3456   0.01553   0.00395  -0.0583   0.3853   1.0000  72.8094 300.0000
   9.000   1.3456   0.01553   0.00395  -0.0583   0.3853   1.0000  72.8094 300.0000
   9.000   1.3456   0.01553   0.00395  -0.0583   0.3853   1.0000  72.8094 300.0000
   9.000   1.3456   0.01553   0.00395  -0.0583   0.3853   1.0000  72.8094 300.0000
  10.000   1.4024   0.01682   0.00400  -0.0503   0.3709   1.0000  74.2661 300.0000
  10.000   1.4024   0.01682   0.00400  -0.0503   0.3709   1.0000  74.2661 300.0000
  10.000   1.4024   0.01682   0.00400  -0.0503   0.3709   1.0000  74.2661 300.0000
  10.000   1.4024   0.01682   0.00400  -0.0503   0.3709   1.0000  74.2661 300.0000
  10.000   1.4024   0.01682   0.00400  -0.0503   0.3709   1.0000  74.2661 300.0000
  11.000   1.4558   0.01880   0.00434  -0.0436   0.3559   1.0000  75.7984 300.0000
  11.000   1.4558   0.01880   0.00434  -0.0436   0.3559   1.0000  75.7984 300.0000
  11.000   1.4558   0.01880   0.00434  -0.0436   0.3559   1.0000  75.7984 300.0000
  11.000   1.4558   0.01880   0.00434  -0.0436   0.3559   1.0000  75.7984 300.0000
  11.000   1.4558   0.01880   0.00434  -0.0436   0.3559   1.0000  75.7984 300.0000
  12.000   1.5020   0.02189   0.00523  -0.0384   0.3405   1.0000  77.3853 300.0000
  12.000   1.5020   0.02189   0.00523  -0.0384   0.3405   1.0000  77.3853 300.0000
  12.000   1.5020   0.02189   0.00523  -0.0384   0.3405   1.0000  77.3853 300.0000
  12.000   1.5020   0.02189   0.00523  -0.0384   0.3405   1.0000  77.3853 300.0000
  12.000   1.5020   0.02189   0.00523  -0.0384   0.3405   1.0000  77.3853 300.0000
  13.000   1.5458   0.02592   0.00652  -0.0348   0.3253   1.0000  78.9755 300.0000
  13.000   1.5458   0.02592   0.00652  -0.0348   0.3253   1.0000  78.9755 300.0000
  13.000   1.5458   0.02592   0.00652  -0.0348   0.3253   1.0000  78.9755 300.0000
  13.000   1.5458   0.02592   0.00652  -0.0348   0.3253   1.0000  78.9755 300.0000
  13.000   1.5458   0.02592   0.00652  -0.0348   0.3253   1.0000  78.9755 300.0000
  14.000   1.5710   0.03178   0.00900  -0.0316   0.3089   1.0000  80.7044 300.0000
  14.000   1.5710   0.03178   0.00900  -0.0316   0.3089   1.0000  80.7045 300.0000
  14.000   1.5710   0.03178   0.00900  -0.0316   0.3089   1.0000  80.7045 300.0000
  14.000   1.5710   0.03178   0.00900  -0.0316   0.3089   1.0000  80.7045 300.0000
  14.000   1.5710   0.03178   0.00900  -0.0316   0.3089   1.0000  80.7045 300.0000
  15.000   1.5852   0.03886   0.01219  -0.0287   0.2913   1.0000  82.5902 300.0000
  15.000   1.5852   0.03886   0.01219  -0.0287   0.2913   1.0000  82.5900 300.0000
  15.000   1.5852   0.03886   0.01219  -0.0287   0.2913   1.0000  82.5900 300.0000
  15.000   1.5852   0.03886   0.01219  -0.0287   0.2913   1.0000  82.5900 300.0000
  15.000   1.5852   0.03886   0.01219  -0.0287   0.2913   1.0000  82.5900 300.0000
  16.000   1.5966   0.04686   0.01610  -0.0269   0.2744   1.0000  84.4367 300.0000
  16.000   1.5966   0.04686   0.01610  -0.0269   0.2744   1.0000  84.4368 300.0000
  16.000   1.5966   0.04686   0.01610  -0.0269   0.2744   1.0000  84.4368 300.0000
  16.000   1.5966   0.04686   0.01610  -0.0269   0.2744   1.0000  84.4368 300.0000
  16.000   1.5966   0.04686   0.01610  -0.0269   0.2744   1.0000  84.4368 300.0000
  17.000   1.6031   0.05599   0.02094  -0.0260   0.2574   1.0000  86.3204 300.0000
  17.000   1.6031   0.05599   0.02094  -0.0260   0.2574   1.0000  86.3204 300.0000
  17.000   1.6031   0.05599   0.02094  -0.0260   0.2574   1.0000  86.3204 300.0000
  17.000   1.6031   0.05599   0.02094  -0.0260   0.2574   1.0000  86.3204 300.0000
  17.000   1.6031   0.05599   0.02094  -0.0260   0.2574   1.0000  86.3204 300.0000
  18.000   1.5978   0.06696   0.02739  -0.0260   0.2391   1.0000  88.3867 300.0000
  18.000   1.5978   0.06696   0.02738  -0.0260   0.2391   1.0000  88.3865 300.0000
  18.000   1.5978   0.06696   0.02738  -0.0260   0.2391   1.0000  88.3865 300.0000
  18.000   1.5978   0.06696   0.02738  -0.0260   0.2391   1.0000  88.3865 300.0000
  18.000   1.5978   0.06696   0.02738  -0.0260   0.2391   1.0000  88.3865 300.0000
  19.000   1.5945   0.07814   0.03428  -0.0267   0.2227   1.0000  90.2955 300.0000
  19.000   1.5945   0.07814   0.03428  -0.0267   0.2227   1.0000  90.2953 300.0000
  19.000   1.5945   0.07813   0.03428  -0.0267   0.2227   1.0000  90.2953 300.0000
  19.000   1.5945   0.07813   0.03428  -0.0267   0.2227   1.0000  90.2953 300.0000
  19.000   1.5945   0.07813   0.03428  -0.0267   0.2227   1.0000  90.2953 300.0000
