  
       XFOIL         Version 6.99
  
 Calculated polar for: DEFIANT CANARD BL20 AIRFOIL                     
  
 1 1 Reynolds number fixed          Mach number fixed         
  
 xtrf =   1.000 (top)        1.000 (bottom)  
 Mach =   0.000     Re =     0.375 e 6     Ncrit =   9.000  9.000
  
   alpha    CL        CD       CDp       CM     Top_Xtr  Bot_Xtr  Top_Itr  Bot_Itr
  ------ -------- --------- --------- -------- -------- -------- -------- --------
   0.000   0.3889   0.01261   0.00341  -0.0628   0.5107   0.4940  60.7905 241.6320
   0.000   0.3889   0.01261   0.00341  -0.0628   0.5107   0.4940  60.7905 241.6319
   0.000   0.3889   0.01261   0.00341  -0.0628   0.5107   0.4940  60.7905 241.6319
   0.000   0.3889   0.01261   0.00341  -0.0628   0.5107   0.4940  60.7905 241.6319
   0.000   0.3889   0.01261   0.00341  -0.0628   0.5107   0.4940  60.7905 241.6319
   1.000   0.4980   0.01262   0.00342  -0.0620   0.4987   0.5428  61.8788 245.3870
   1.000   0.4980   0.01262   0.00342  -0.0620   0.4987   0.5428  61.8788 245.3870
   1.000   0.4980   0.01262   0.00342  -0.0620   0.4987   0.5428  61.8788 245.3870
   1.000   0.4980   0.01262   0.00342  -0.0620   0.4987   0.5428  61.8788 245.3870
   1.000   0.4980   0.01262   0.00342  -0.0620   0.4987   0.5428  61.8788 245.3870
   2.000   0.6032   0.01250   0.00344  -0.0607   0.4869   0.6265  62.9746 251.7487
   2.000   0.6032   0.01250   0.00344  -0.0607   0.4869   0.6265  62.9746 251.7450
   2.000   0.6032   0.01250   0.00344  -0.0607   0.4869   0.6265  62.9746 251.7450
   2.000   0.6032   0.01250   0.00344  -0.0607   0.4869   0.6265  62.9746 251.7450
   2.000   0.6032   0.01250   0.00344  -0.0607   0.4869   0.6265  62.9746 251.7450
   3.000   0.7093   0.01212   0.00379  -0.0588   0.4743   0.8975  64.1480 274.1885
   3.000   0.7093   0.01212   0.00379  -0.0588   0.4743   0.8975  64.1479 274.1877
   3.000   0.7093   0.01212   0.00379  -0.0588   0.4743   0.8975  64.1479 274.1877
   3.000   0.7093   0.01212   0.00379  -0.0588   0.4743   0.8975  64.1479 274.1877
   3.000   0.7093   0.01212   0.00379  -0.0588   0.4743   0.8975  64.1479 274.1877
   4.000   0.8892   0.01279   0.00417  -0.0725   0.4596   0.9827  65.5390 292.2562
   4.000   0.8892   0.01279   0.00417  -0.0725   0.4596   0.9827  65.5390 292.2653
   4.000   0.8892   0.01279   0.00417  -0.0725   0.4596   0.9827  65.5390 292.2653
   4.000   0.8892   0.01279   0.00417  -0.0725   0.4596   0.9827  65.5390 292.2653
   4.000   0.8892   0.01279   0.00417  -0.0725   0.4596   0.9827  65.5390 292.2653
   5.000   1.0401   0.01329   0.00422  -0.0814   0.4457   1.0000  66.8649 300.0000
   5.000   1.0401   0.01329   0.00422  -0.0814   0.4457   1.0000  66.8649 300.0000
   5.000   1.0401   0.01329   0.00422  -0.0814   0.4457   1.0000  66.8649 300.0000
   5.000   1.0401   0.01329   0.00422  -0.0814   0.4457   1.0000  66.8649 300.0000
   5.000   1.0401   0.01329   0.00422  -0.0814   0.4457   1.0000  66.8649 300.0000
   6.000   1.1200   0.01390   0.00427  -0.0761   0.4327   1.0000  68.1146 300.0000
   6.000   1.1200   0.01390   0.00427  -0.0761   0.4327   1.0000  68.1146 300.0000
   6.000   1.1200   0.01390   0.00427  -0.0761   0.4327   1.0000  68.1146 300.0000
   6.000   1.1200   0.01390   0.00427  -0.0761   0.4327   1.0000  68.1146 300.0000
   6.000   1.1200   0.01390   0.00427  -0.0761   0.4327   1.0000  68.1146 300.0000
   7.000   1.1972   0.01461   0.00439  -0.0704   0.4188   1.0000  69.4771 300.0000
   7.000   1.1972   0.01461   0.00439  -0.0704   0.4188   1.0000  69.4771 300.0000
   7.000   1.1972   0.01461   0.00439  -0.0704   0.4188   1.0000  69.4771 300.0000
   7.000   1.1972   0.01461   0.00439  -0.0704   0.4188   1.0000  69.4771 300.0000
   7.000   1.1972   0.01461   0.00439  -0.0704   0.4188   1.0000  69.4771 300.0000
   8.000   1.2750   0.01540   0.00440  -0.0649   0.4050   1.0000  70.8393 300.0000
   8.000   1.2750   0.01540   0.00440  -0.0649   0.4050   1.0000  70.8393 300.0000
   8.000   1.2750   0.01540   0.00440  -0.0649   0.4050   1.0000  70.8393 300.0000
   8.000   1.2750   0.01540   0.00440  -0.0649   0.4050   1.0000  70.8393 300.0000
   8.000   1.2750   0.01540   0.00440  -0.0649   0.4050   1.0000  70.8393 300.0000
   9.000   1.3466   0.01641   0.00447  -0.0588   0.3907   1.0000  72.2692 300.0000
   9.000   1.3466   0.01641   0.00447  -0.0588   0.3907   1.0000  72.2692 300.0000
   9.000   1.3466   0.01641   0.00447  -0.0588   0.3907   1.0000  72.2692 300.0000
   9.000   1.3466   0.01641   0.00447  -0.0588   0.3907   1.0000  72.2692 300.0000
   9.000   1.3466   0.01641   0.00447  -0.0588   0.3907   1.0000  72.2692 300.0000
  10.000   1.4046   0.01766   0.00449  -0.0510   0.3760   1.0000  73.7431 300.0000
  10.000   1.4046   0.01766   0.00449  -0.0510   0.3760   1.0000  73.7433 300.0000
  10.000   1.4046   0.01766   0.00449  -0.0510   0.3760   1.0000  73.7433 300.0000
  10.000   1.4046   0.01766   0.00449  -0.0510   0.3760   1.0000  73.7433 300.0000
  10.000   1.4046   0.01766   0.00449  -0.0510   0.3760   1.0000  73.7433 300.0000
  11.000   1.4588   0.01954   0.00475  -0.0442   0.3613   1.0000  75.2402 300.0000
  11.000   1.4588   0.01954   0.00475  -0.0442   0.3613   1.0000  75.2402 300.0000
  11.000   1.4588   0.01954   0.00475  -0.0442   0.3613   1.0000  75.2402 300.0000
  11.000   1.4588   0.01954   0.00475  -0.0442   0.3613   1.0000  75.2402 300.0000
  11.000   1.4588   0.01954   0.00475  -0.0442   0.3613   1.0000  75.2402 300.0000
  12.000   1.5048   0.02240   0.00546  -0.0385   0.3460   1.0000  76.8176 300.0000
  12.000   1.5048   0.02240   0.00546  -0.0385   0.3460   1.0000  76.8176 300.0000
  12.000   1.5048   0.02240   0.00546  -0.0385   0.3460   1.0000  76.8176 300.0000
  12.000   1.5048   0.02240   0.00546  -0.0385   0.3460   1.0000  76.8176 300.0000
  12.000   1.5048   0.02240   0.00546  -0.0385   0.3460   1.0000  76.8176 300.0000
  13.000   1.5422   0.02664   0.00693  -0.0343   0.3303   1.0000  78.4523 300.0000
  13.000   1.5422   0.02664   0.00693  -0.0343   0.3303   1.0000  78.4523 300.0000
  13.000   1.5422   0.02664   0.00693  -0.0343   0.3303   1.0000  78.4523 300.0000
  13.000   1.5422   0.02664   0.00693  -0.0343   0.3303   1.0000  78.4523 300.0000
  13.000   1.5422   0.02664   0.00693  -0.0343   0.3303   1.0000  78.4523 300.0000
  14.000   1.5814   0.03129   0.00850  -0.0313   0.3151   1.0000  80.0529 300.0000
  14.000   1.5814   0.03130   0.00850  -0.0313   0.3151   1.0000  80.0530 300.0000
  14.000   1.5814   0.03130   0.00850  -0.0313   0.3151   1.0000  80.0530 300.0000
  14.000   1.5814   0.03130   0.00850  -0.0313   0.3151   1.0000  80.0530 300.0000
  14.000   1.5814   0.03130   0.00850  -0.0313   0.3151   1.0000  80.0530 300.0000
  15.000   1.5955   0.03813   0.01145  -0.0283   0.2975   1.0000  81.9255 300.0000
  15.000   1.5955   0.03813   0.01145  -0.0283   0.2975   1.0000  81.9256 300.0000
  15.000   1.5955   0.03813   0.01145  -0.0283   0.2975   1.0000  81.9256 300.0000
  15.000   1.5955   0.03813   0.01145  -0.0283   0.2975   1.0000  81.9256 300.0000
  15.000   1.5955   0.03813   0.01145  -0.0283   0.2975   1.0000  81.9256 300.0000
  16.000   1.6014   0.04640   0.01553  -0.0263   0.2801   1.0000  83.8120 300.0000
  16.000   1.6014   0.04640   0.01553  -0.0263   0.2801   1.0000  83.8120 300.0000
  16.000   1.6014   0.04640   0.01553  -0.0263   0.2801   1.0000  83.8120 300.0000
  16.000   1.6014   0.04640   0.01553  -0.0263   0.2801   1.0000  83.8120 300.0000
  16.000   1.6014   0.04640   0.01553  -0.0263   0.2801   1.0000  83.8120 300.0000
  17.000   1.6045   0.05573   0.02052  -0.0253   0.2628   1.0000  85.7161 300.0000
  17.000   1.6045   0.05573   0.02052  -0.0253   0.2628   1.0000  85.7162 300.0000
  17.000   1.6045   0.05573   0.02052  -0.0253   0.2628   1.0000  85.7162 300.0000
  17.000   1.6045   0.05573   0.02052  -0.0253   0.2628   1.0000  85.7162 300.0000
  17.000   1.6045   0.05573   0.02052  -0.0253   0.2628   1.0000  85.7162 300.0000
  18.000   1.5997   0.06655   0.02680  -0.0253   0.2445   1.0000  87.7685 300.0000
  18.000   1.5997   0.06655   0.02680  -0.0253   0.2445   1.0000  87.7685 300.0000
  18.000   1.5997   0.06655   0.02680  -0.0253   0.2445   1.0000  87.7685 300.0000
  18.000   1.5997   0.06655   0.02680  -0.0253   0.2445   1.0000  87.7684 300.0000
  18.000   1.5997   0.06655   0.02680  -0.0253   0.2445   1.0000  87.7684 300.0000
  19.000   1.5929   0.07812   0.03405  -0.0261   0.2276   1.0000  89.7171 300.0000
  19.000   1.5929   0.07812   0.03405  -0.0261   0.2276   1.0000  89.7170 300.0000
  19.000   1.5929   0.07812   0.03405  -0.0261   0.2276   1.0000  89.7170 300.0000
  19.000   1.5929   0.07812   0.03405  -0.0261   0.2276   1.0000  89.7170 300.0000
  19.000   1.5929   0.07812   0.03405  -0.0261   0.2276   1.0000  89.7170 300.0000
