xflr5 v6.61

 Calculated polar for: SA7036

 1 1 Reynolds number fixed          Mach number fixed         

 xtrf =   1.000 (top)        1.000 (bottom)
 Mach =   0.000     Re =     0.015 e 6     Ncrit =   9.000

  alpha     CL        CD       CDp       Cm    Top Xtr Bot Xtr   Cpmin    Chinge    XCp    
 ------- -------- --------- --------- -------- ------- ------- -------- --------- ---------
  -2.000  -0.1019   0.02990   0.01643  -0.0339  1.0000  1.0000  -1.9337   0.0000   0.0000   0.0000  -0.0883
  -1.900  -0.0936   0.02988   0.01604  -0.0339  1.0000  1.0000  -1.8856   0.0000   0.0000   0.0000  -0.1186
  -1.800  -0.0854   0.02988   0.01570  -0.0339  1.0000  1.0000  -1.8352   0.0000   0.0000   0.0000  -0.1538
  -1.700  -0.0771   0.02989   0.01540  -0.0339  1.0000  1.0000  -1.7832   0.0000   0.0000   0.0000  -0.1960
  -1.600  -0.0689   0.02992   0.01513  -0.0338  1.0000  1.0000  -1.7301   0.0000   0.0000   0.0000  -0.2478
  -1.500  -0.0607   0.02996   0.01489  -0.0337  1.0000  1.0000  -1.6761   0.0000   0.0000   0.0000  -0.3131
  -1.400  -0.0525   0.03001   0.01468  -0.0336  1.0000  1.0000  -1.6214   0.0000   0.0000   0.0000  -0.3985
  -1.300  -0.0443   0.03006   0.01449  -0.0335  1.0000  1.0000  -1.5663   0.0000   0.0000   0.0000  -0.5150
  -1.200  -0.0362   0.03013   0.01432  -0.0334  1.0000  1.0000  -1.5110   0.0000   0.0000   0.0000  -0.6836
  -1.100  -0.0280   0.03021   0.01418  -0.0333  1.0000  1.0000  -1.4554   0.0000   0.0000   0.0000  -0.9495
  -1.000  -0.0199   0.03029   0.01405  -0.0331  1.0000  1.0000  -1.3998   0.0000   0.0000   0.0000  -1.4314
  -0.900  -0.0118   0.03038   0.01394  -0.0330  1.0000  1.0000  -1.3442   0.0000   0.0000   0.0000  -2.5718
  -0.800  -0.0037   0.03049   0.01385  -0.0329  1.0000  1.0000  -1.2886   0.0000   0.0000   0.0000  -8.6294
  -0.700   0.0043   0.03060   0.01378  -0.0328  1.0000  1.0000  -1.2333   0.0000   0.0000   0.0000   7.9135
  -0.600   0.0123   0.03071   0.01372  -0.0327  1.0000  1.0000  -1.1781   0.0000   0.0000   0.0000   2.9175
  -0.500   0.0203   0.03084   0.01368  -0.0326  1.0000  1.0000  -1.1230   0.0000   0.0000   0.0000   1.8616
  -0.400   0.0283   0.03097   0.01366  -0.0324  1.0000  1.0000  -1.0682   0.0000   0.0000   0.0000   1.4031
  -0.300   0.0362   0.03112   0.01365  -0.0323  1.0000  1.0000  -1.0136   0.0000   0.0000   0.0000   1.1470
  -0.200   0.0441   0.03127   0.01366  -0.0322  1.0000  1.0000  -0.9592   0.0000   0.0000   0.0000   0.9835
  -0.100   0.0519   0.03143   0.01368  -0.0321  1.0000  1.0000  -0.9047   0.0000   0.0000   0.0000   0.8702
   0.000   0.0597   0.03159   0.01371  -0.0320  1.0000  1.0000  -0.8501   0.0000   0.0000   0.0000   0.7870
   0.100   0.0675   0.03177   0.01376  -0.0320  1.0000  1.0000  -0.7949   0.0000   0.0000   0.0000   0.7234
   0.200   0.0752   0.03196   0.01381  -0.0319  1.0000  1.0000  -0.7381   0.0000   0.0000   0.0000   0.6732
   0.300   0.0829   0.03215   0.01388  -0.0318  1.0000  1.0000  -0.6752   0.0000   0.0000   0.0000   0.6325
   0.400   0.0907   0.03234   0.01372  -0.0317  1.0000  1.0000  -0.5706   0.0000   0.0000   0.0000   0.5982
   0.500   0.0983   0.03256   0.01383  -0.0316  1.0000  1.0000  -0.5234   0.0000   0.0000   0.0000   0.5704
   0.600   0.1058   0.03278   0.01396  -0.0316  1.0000  1.0000  -0.4770   0.0000   0.0000   0.0000   0.5468
   0.700   0.1132   0.03301   0.01409  -0.0315  1.0000  1.0000  -0.4404   0.0000   0.0000   0.0000   0.5265
   0.800   0.1206   0.03326   0.01425  -0.0315  1.0000  1.0000  -0.4471   0.0000   0.0000   0.0000   0.5089
   0.900   0.1280   0.03351   0.01441  -0.0314  1.0000  1.0000  -0.4538   0.0000   0.0000   0.0000   0.4934
   1.000   0.1353   0.03377   0.01460  -0.0314  1.0000  1.0000  -0.4605   0.0000   0.0000   0.0000   0.4798
   1.100   0.1425   0.03404   0.01479  -0.0314  1.0000  1.0000  -0.4670   0.0000   0.0000   0.0000   0.4678
   1.200   0.1496   0.03433   0.01500  -0.0314  1.0000  1.0000  -0.4734   0.0000   0.0000   0.0000   0.4570
   1.300   0.1567   0.03462   0.01523  -0.0314  1.0000  1.0000  -0.4798   0.0000   0.0000   0.0000   0.4474
   1.400   0.1638   0.03492   0.01547  -0.0314  1.0000  1.0000  -0.4860   0.0000   0.0000   0.0000   0.4387
   1.500   0.1708   0.03524   0.01573  -0.0314  1.0000  1.0000  -0.4922   0.0000   0.0000   0.0000   0.4308
   1.600   0.1777   0.03557   0.01601  -0.0314  1.0000  1.0000  -0.4985   0.0000   0.0000   0.0000   0.4237
   1.700   0.1845   0.03590   0.01629  -0.0314  1.0000  1.0000  -0.5055   0.0000   0.0000   0.0000   0.4172
   1.800   0.1913   0.03625   0.01660  -0.0315  1.0000  1.0000  -0.5124   0.0000   0.0000   0.0000   0.4113
   1.900   0.1980   0.03662   0.01692  -0.0315  1.0000  1.0000  -0.5192   0.0000   0.0000   0.0000   0.4058
   2.000   0.2046   0.03699   0.01726  -0.0316  1.0000  1.0000  -0.5259   0.0000   0.0000   0.0000   0.4009
   2.100   0.2112   0.03738   0.01761  -0.0316  1.0000  1.0000  -0.5325   0.0000   0.0000   0.0000   0.3963
   2.200   0.2177   0.03777   0.01798  -0.0317  1.0000  1.0000  -0.5389   0.0000   0.0000   0.0000   0.3921
   2.300   0.2241   0.03819   0.01836  -0.0318  1.0000  1.0000  -0.5455   0.0000   0.0000   0.0000   0.3883
   2.400   0.2305   0.03861   0.01876  -0.0319  1.0000  1.0000  -0.5529   0.0000   0.0000   0.0000   0.3847
   2.500   0.2368   0.03905   0.01918  -0.0320  1.0000  1.0000  -0.5602   0.0000   0.0000   0.0000   0.3814
   2.600   0.2430   0.03950   0.01961  -0.0321  1.0000  1.0000  -0.5673   0.0000   0.0000   0.0000   0.3784
   2.700   0.2491   0.03996   0.02006  -0.0323  1.0000  1.0000  -0.5743   0.0000   0.0000   0.0000   0.3756
   2.800   0.2551   0.04044   0.02053  -0.0324  1.0000  1.0000  -0.5811   0.0000   0.0000   0.0000   0.3730
   2.900   0.2611   0.04093   0.02101  -0.0325  1.0000  1.0000  -0.5878   0.0000   0.0000   0.0000   0.3706
   3.000   0.2670   0.04143   0.02151  -0.0327  1.0000  1.0000  -0.5943   0.0000   0.0000   0.0000   0.3683
   3.100   0.2729   0.04195   0.02203  -0.0329  1.0000  1.0000  -0.6007   0.0000   0.0000   0.0000   0.3663
   3.200   0.2787   0.04249   0.02257  -0.0331  1.0000  1.0000  -0.6069   0.0000   0.0000   0.0000   0.3644
   3.300   0.2844   0.04304   0.02312  -0.0333  1.0000  1.0000  -0.6130   0.0000   0.0000   0.0000   0.3626
   3.400   0.2900   0.04360   0.02369  -0.0335  1.0000  1.0000  -0.6189   0.0000   0.0000   0.0000   0.3610
   3.500   0.2956   0.04418   0.02428  -0.0337  1.0000  1.0000  -0.6260   0.0000   0.0000   0.0000   0.3595
   3.600   0.3011   0.04477   0.02488  -0.0339  1.0000  1.0000  -0.6330   0.0000   0.0000   0.0000   0.3581
   3.700   0.3066   0.04538   0.02550  -0.0342  1.0000  1.0000  -0.6399   0.0000   0.0000   0.0000   0.3568
   3.800   0.3120   0.04600   0.02614  -0.0344  1.0000  1.0000  -0.6465   0.0000   0.0000   0.0000   0.3556
   3.900   0.3173   0.04664   0.02680  -0.0347  1.0000  1.0000  -0.6531   0.0000   0.0000   0.0000   0.3545
   4.000   0.3226   0.04729   0.02747  -0.0350  1.0000  1.0000  -0.6594   0.0000   0.0000   0.0000   0.3535
   4.100   0.3278   0.04796   0.02827  -0.0353  1.0000  1.0000  -0.6655   0.0000   0.0000   0.0000   0.3526
   4.200   0.3329   0.04864   0.02896  -0.0356  1.0000  1.0000  -0.6715   0.0000   0.0000   0.0000   0.3518
   4.300   0.3380   0.04934   0.02968  -0.0359  1.0000  1.0000  -0.6773   0.0000   0.0000   0.0000   0.3510
   4.400   0.3430   0.05005   0.03041  -0.0362  1.0000  1.0000  -0.6829   0.0000   0.0000   0.0000   0.3503
   4.500   0.3480   0.05078   0.03116  -0.0365  1.0000  1.0000  -0.6890   0.0000   0.0000   0.0000   0.3497
   4.600   0.3529   0.05153   0.03192  -0.0369  1.0000  1.0000  -0.6959   0.0000   0.0000   0.0000   0.3491
   4.700   0.3578   0.05229   0.03271  -0.0372  1.0000  1.0000  -0.7026   0.0000   0.0000   0.0000   0.3486
   4.800   0.3626   0.05306   0.03351  -0.0376  1.0000  1.0000  -0.7091   0.0000   0.0000   0.0000   0.3482
   4.900   0.3673   0.05385   0.03432  -0.0380  1.0000  1.0000  -0.7154   0.0000   0.0000   0.0000   0.3477
   5.000   0.3720   0.05466   0.03516  -0.0384  1.0000  1.0000  -0.7216   0.0000   0.0000   0.0000   0.3474
   5.100   0.3766   0.05548   0.03601  -0.0387  1.0000  1.0000  -0.7275   0.0000   0.0000   0.0000   0.3471
   5.200   0.3812   0.05631   0.03687  -0.0391  1.0000  1.0000  -0.7332   0.0000   0.0000   0.0000   0.3468
   5.300   0.3857   0.05716   0.03776  -0.0396  1.0000  1.0000  -0.7387   0.0000   0.0000   0.0000   0.3466
   5.400   0.3902   0.05803   0.03866  -0.0400  1.0000  1.0000  -0.7458   0.0000   0.0000   0.0000   0.3464
   5.500   0.3946   0.05891   0.03957  -0.0404  1.0000  1.0000  -0.7528   0.0000   0.0000   0.0000   0.3462
   5.600   0.3989   0.05980   0.04050  -0.0408  1.0000  1.0000  -0.7596   0.0000   0.0000   0.0000   0.3461
   5.700   0.4032   0.06071   0.04145  -0.0412  1.0000  1.0000  -0.7661   0.0000   0.0000   0.0000   0.3460
   5.800   0.4075   0.06163   0.04241  -0.0417  1.0000  1.0000  -0.7725   0.0000   0.0000   0.0000   0.3459
   5.900   0.4117   0.06257   0.04339  -0.0421  1.0000  1.0000  -0.7786   0.0000   0.0000   0.0000   0.3458
   6.000   0.4158   0.06352   0.04438  -0.0426  1.0000  1.0000  -0.7846   0.0000   0.0000   0.0000   0.3458
   6.100   0.4200   0.06449   0.04539  -0.0430  1.0000  1.0000  -0.7904   0.0000   0.0000   0.0000   0.3458
   6.200   0.4241   0.06547   0.04642  -0.0435  1.0000  1.0000  -0.7959   0.0000   0.0000   0.0000   0.3458
   6.300   0.4281   0.06647   0.04746  -0.0440  1.0000  1.0000  -0.8012   0.0000   0.0000   0.0000   0.3459
   6.400   0.4321   0.06748   0.04851  -0.0445  1.0000  1.0000  -0.8064   0.0000   0.0000   0.0000   0.3460
   6.500   0.4361   0.06851   0.04959  -0.0449  1.0000  1.0000  -0.8113   0.0000   0.0000   0.0000   0.3461
   6.600   0.4401   0.06954   0.05067  -0.0454  1.0000  1.0000  -0.8160   0.0000   0.0000   0.0000   0.3462
   6.700   0.4440   0.07059   0.05177  -0.0459  1.0000  1.0000  -0.8220   0.0000   0.0000   0.0000   0.3463
   6.800   0.4479   0.07166   0.05288  -0.0464  1.0000  1.0000  -0.8286   0.0000   0.0000   0.0000   0.3464
   6.900   0.4518   0.07274   0.05401  -0.0470  1.0000  1.0000  -0.8350   0.0000   0.0000   0.0000   0.3466
   7.000   0.4556   0.07383   0.05515  -0.0475  1.0000  1.0000  -0.8411   0.0000   0.0000   0.0000   0.3468
   7.100   0.4594   0.07493   0.05630  -0.0480  1.0000  1.0000  -0.8471   0.0000   0.0000   0.0000   0.3470
   7.200   0.4632   0.07604   0.05747  -0.0485  1.0000  1.0000  -0.8529   0.0000   0.0000   0.0000   0.3471
   7.300   0.4670   0.07717   0.05865  -0.0491  1.0000  1.0000  -0.8584   0.0000   0.0000   0.0000   0.3474
   7.400   0.4707   0.07831   0.05984  -0.0496  1.0000  1.0000  -0.8638   0.0000   0.0000   0.0000   0.3476
   7.500   0.4744   0.07946   0.06104  -0.0501  1.0000  1.0000  -0.8689   0.0000   0.0000   0.0000   0.3478
   7.600   0.4781   0.08062   0.06226  -0.0507  1.0000  1.0000  -0.8737   0.0000   0.0000   0.0000   0.3481
   7.700   0.4818   0.08179   0.06349  -0.0512  1.0000  1.0000  -0.8784   0.0000   0.0000   0.0000   0.3483
   7.800   0.4854   0.08298   0.06473  -0.0518  1.0000  1.0000  -0.8839   0.0000   0.0000   0.0000   0.3486
   7.900   0.4891   0.08417   0.06598  -0.0524  1.0000  1.0000  -0.8909   0.0000   0.0000   0.0000   0.3488
   8.000   0.4927   0.08538   0.06724  -0.0529  1.0000  1.0000  -0.8977   0.0000   0.0000   0.0000   0.3491
   8.100   0.4962   0.08660   0.06852  -0.0535  1.0000  1.0000  -0.9043   0.0000   0.0000   0.0000   0.3494
   8.200   0.4998   0.08783   0.06980  -0.0541  1.0000  1.0000  -0.9107   0.0000   0.0000   0.0000   0.3497
   8.300   0.5034   0.08906   0.07110  -0.0546  1.0000  1.0000  -0.9169   0.0000   0.0000   0.0000   0.3500
   8.400   0.5069   0.09031   0.07241  -0.0552  1.0000  1.0000  -0.9228   0.0000   0.0000   0.0000   0.3503
   8.500   0.5104   0.09157   0.07372  -0.0558  1.0000  1.0000  -0.9285   0.0000   0.0000   0.0000   0.3506
   8.600   0.5139   0.09284   0.07505  -0.0564  1.0000  1.0000  -0.9340   0.0000   0.0000   0.0000   0.3509
   8.700   0.5174   0.09412   0.07639  -0.0570  1.0000  1.0000  -0.9393   0.0000   0.0000   0.0000   0.3512
   8.800   0.5209   0.09541   0.07773  -0.0576  1.0000  1.0000  -0.9444   0.0000   0.0000   0.0000   0.3515
   8.900   0.5243   0.09670   0.07909  -0.0582  1.0000  1.0000  -0.9511   0.0000   0.0000   0.0000   0.3518
   9.000   0.5277   0.09800   0.08045  -0.0588  1.0000  1.0000  -0.9591   0.0000   0.0000   0.0000   0.3521
   9.100   0.5311   0.09931   0.08182  -0.0594  1.0000  1.0000  -0.9669   0.0000   0.0000   0.0000   0.3524
   9.200   0.5345   0.10064   0.08319  -0.0600  1.0000  1.0000  -0.9745   0.0000   0.0000   0.0000   0.3528
   9.300   0.5379   0.10197   0.08458  -0.0606  1.0000  1.0000  -0.9818   0.0000   0.0000   0.0000   0.3531
   9.400   0.5413   0.10333   0.08649  -0.0612  1.0000  1.0000  -0.9894   0.0000   0.0000   0.0000   0.3533
   9.500   0.5447   0.10468   0.08791  -0.0618  1.0000  1.0000  -0.9964   0.0000   0.0000   0.0000   0.3537
   9.600   0.5481   0.10603   0.08933  -0.0624  1.0000  1.0000  -1.0032   0.0000   0.0000   0.0000   0.3540
   9.700   0.5515   0.10740   0.09075  -0.0630  1.0000  1.0000  -1.0097   0.0000   0.0000   0.0000   0.3543
   9.800   0.5549   0.10878   0.09219  -0.0636  1.0000  1.0000  -1.0160   0.0000   0.0000   0.0000   0.3546
   9.900   0.5583   0.11016   0.09364  -0.0643  1.0000  1.0000  -1.0220   0.0000   0.0000   0.0000   0.3550
  10.000   0.5617   0.11156   0.09509  -0.0649  1.0000  1.0000  -1.0278   0.0000   0.0000   0.0000   0.3553
  10.100   0.5651   0.11296   0.09656  -0.0655  1.0000  1.0000  -1.0367   0.0000   0.0000   0.0000   0.3556
  10.200   0.5685   0.11437   0.09803  -0.0662  1.0000  1.0000  -1.0459   0.0000   0.0000   0.0000   0.3560
  10.300   0.5718   0.11579   0.09951  -0.0668  1.0000  1.0000  -1.0549   0.0000   0.0000   0.0000   0.3563
  10.400   0.5752   0.11722   0.10099  -0.0675  1.0000  1.0000  -1.0636   0.0000   0.0000   0.0000   0.3567
  10.500   0.5786   0.11865   0.10248  -0.0682  1.0000  1.0000  -1.0721   0.0000   0.0000   0.0000   0.3570
  10.600   0.5819   0.12009   0.10398  -0.0688  1.0000  1.0000  -1.0803   0.0000   0.0000   0.0000   0.3574
  10.700   0.5853   0.12153   0.10548  -0.0695  1.0000  1.0000  -1.0882   0.0000   0.0000   0.0000   0.3577
  10.800   0.5886   0.12298   0.10699  -0.0701  1.0000  1.0000  -1.0959   0.0000   0.0000   0.0000   0.3581
  10.900   0.5920   0.12444   0.10851  -0.0708  1.0000  1.0000  -1.1034   0.0000   0.0000   0.0000   0.3584
  11.000   0.5954   0.12591   0.11003  -0.0715  1.0000  1.0000  -1.1105   0.0000   0.0000   0.0000   0.3588
  11.100   0.5987   0.12738   0.11156  -0.0722  1.0000  1.0000  -1.1174   0.0000   0.0000   0.0000   0.3591
  11.200   0.6021   0.12885   0.11309  -0.0728  1.0000  1.0000  -1.1240   0.0000   0.0000   0.0000   0.3595
  11.300   0.6054   0.13034   0.11463  -0.0735  1.0000  1.0000  -1.1303   0.0000   0.0000   0.0000   0.3598
  11.400   0.6088   0.13183   0.11618  -0.0742  1.0000  1.0000  -1.1363   0.0000   0.0000   0.0000   0.3602
  11.500   0.6122   0.13332   0.11773  -0.0749  1.0000  1.0000  -1.1420   0.0000   0.0000   0.0000   0.3606
  11.600   0.6165   0.13494   0.11941  -0.0759  0.9990  1.0000  -1.1485   0.0000   0.0000   0.0000   0.3611
  11.700   0.6368   0.13946   0.12410  -0.0809  0.9818  1.0000  -1.2076   0.0000   0.0000   0.0000   0.3649
  11.800   0.6480   0.14206   0.12681  -0.0836  0.9672  1.0000  -1.2453   0.0000   0.0000   0.0000   0.3668
  11.900   0.6637   0.14663   0.13149  -0.0871  0.9560  1.0000  -1.2952   0.0000   0.0000   0.0000   0.3689
  12.000   0.6634   0.14628   0.13122  -0.0870  0.9468  1.0000  -1.3035   0.0000   0.0000   0.0000   0.3688
  12.100   0.6794   0.15147   0.13651  -0.0905  0.9378  1.0000  -1.3537   0.0000   0.0000   0.0000   0.3707
  12.200   0.6766   0.15039   0.13549  -0.0898  0.9296  1.0000  -1.3555   0.0000   0.0000   0.0000   0.3702
  12.300   0.6950   0.15633   0.14156  -0.0937  0.9172  1.0000  -1.4107   0.0000   0.0000   0.0000   0.3721
  12.400   0.6905   0.15461   0.13987  -0.0926  0.9085  1.0000  -1.4083   0.0000   0.0000   0.0000   0.3714
  12.500   0.7081   0.16035   0.14572  -0.0961  0.8929  1.0000  -1.4613   0.0000   0.0000   0.0000   0.3729
  12.600   0.7050   0.15882   0.14424  -0.0952  0.8813  1.0000  -1.4624   0.0000   0.0000   0.0000   0.3721
  12.700   0.7217   0.16456   0.15009  -0.0983  0.8668  1.0000  -1.5122   0.0000   0.0000   0.0000   0.3733
  12.800   0.7182   0.16302   0.14858  -0.0974  0.8571  1.0000  -1.5118   0.0000   0.0000   0.0000   0.3725
  12.900   0.7300   0.16695   0.15262  -0.0994  0.8456  1.0000  -1.5487   0.0000   0.0000   0.0000   0.3731
  13.000   0.7400   0.17137   0.15711  -0.1013  0.8397  1.0000  -1.5799   0.0000   0.0000   0.0000   0.3737
  13.100   0.7350   0.16939   0.15514  -0.1002  0.8333  1.0000  -1.5747   0.0000   0.0000   0.0000   0.3730
  13.200   0.7393   0.17068   0.15650  -0.1008  0.8231  1.0000  -1.5923   0.0000   0.0000   0.0000   0.3729
  13.300   0.7589   0.17856   0.16452  -0.1043  0.8126  1.0000  -1.6456   0.0000   0.0000   0.0000   0.3739
  13.400   0.7550   0.17734   0.16328  -0.1034  0.8083  1.0000  -1.6422   0.0000   0.0000   0.0000   0.3735
  13.500   0.7529   0.17610   0.16208  -0.1028  0.7980  1.0000  -1.6439   0.0000   0.0000   0.0000   0.3728
  13.600   0.7771   0.18589   0.17200  -0.1066  0.7803  1.0000  -1.7074   0.0000   0.0000   0.0000   0.3735
  13.700   0.7690   0.18251   0.16861  -0.1050  0.7757  1.0000  -1.6936   0.0000   0.0000   0.0000   0.3728
  13.800   0.7692   0.18196   0.16810  -0.1047  0.7632  1.0000  -1.7001   0.0000   0.0000   0.0000   0.3722
  13.900   0.7952   0.19329   0.17958  -0.1087  0.7481  1.0000  -1.7653   0.0000   0.0000   0.0000   0.3728
  14.000   0.7880   0.19032   0.17660  -0.1074  0.7452  1.0000  -1.7524   0.0000   0.0000   0.0000   0.3723
  14.100   0.7839   0.18840   0.17469  -0.1066  0.7387  1.0000  -1.7472   0.0000   0.0000   0.0000   0.3719
  14.200   0.7869   0.18937   0.17570  -0.1069  0.7296  1.0000  -1.7581   0.0000   0.0000   0.0000   0.3716
  14.300   0.7980   0.19396   0.18039  -0.1084  0.7204  1.0000  -1.7865   0.0000   0.0000   0.0000   0.3716
  14.400   0.8141   0.20275   0.18966  -0.1109  0.7139  1.0000  -1.8007   0.0000   0.0000   0.0000   0.3719
  14.500   0.8074   0.19962   0.18651  -0.1099  0.7110  1.0000  -1.7881   0.0000   0.0000   0.0000   0.3716
  14.600   0.8036   0.19758   0.18448  -0.1092  0.7044  1.0000  -1.7817   0.0000   0.0000   0.0000   0.3713
  14.700   0.8068   0.19855   0.18550  -0.1094  0.6943  1.0000  -1.7898   0.0000   0.0000   0.0000   0.3710
  14.800   0.8334   0.21205   0.19916  -0.1128  0.6791  1.0000  -1.8466   0.0000   0.0000   0.0000   0.3707
  14.900   0.8258   0.20826   0.19534  -0.1117  0.6766  1.0000  -1.8312   0.0000   0.0000   0.0000   0.3705
  15.000   0.8206   0.20523   0.19231  -0.1109  0.6701  1.0000  -1.8216   0.0000   0.0000   0.0000   0.3702
  15.100   0.8238   0.20595   0.19307  -0.1110  0.6577  1.0000  -1.8303   0.0000   0.0000   0.0000   0.3697
  15.200   0.8500   0.22027   0.20755  -0.1139  0.6431  1.0000  -1.8846   0.0000   0.0000   0.0000   0.3691
  15.300   0.8433   0.21680   0.20406  -0.1132  0.6410  1.0000  -1.8698   0.0000   0.0000   0.0000   0.3691
  15.400   0.8387   0.21391   0.20115  -0.1127  0.6368  1.0000  -1.8596   0.0000   0.0000   0.0000   0.3691
  15.500   0.8381   0.21315   0.20040  -0.1126  0.6299  1.0000  -1.8576   0.0000   0.0000   0.0000   0.3689
  15.600   0.8420   0.21471   0.20201  -0.1130  0.6221  1.0000  -1.8642   0.0000   0.0000   0.0000   0.3687
  15.700   0.8512   0.21927   0.20665  -0.1139  0.6140  1.0000  -1.8808   0.0000   0.0000   0.0000   0.3682
  15.800   0.8726   0.23336   0.22086  -0.1163  0.6067  1.0000  -1.9161   0.0000   0.0000   0.0000   0.3678
  15.900   0.8665   0.22970   0.21718  -0.1158  0.6051  1.0000  -1.9012   0.0000   0.0000   0.0000   0.3679
  16.000   0.8616   0.22640   0.21385  -0.1154  0.6021  1.0000  -1.8886   0.0000   0.0000   0.0000   0.3681
  16.100   0.8593   0.22469   0.21214  -0.1153  0.5966  1.0000  -1.8809   0.0000   0.0000   0.0000   0.3681
  16.200   0.8609   0.22521   0.21269  -0.1155  0.5896  1.0000  -1.8799   0.0000   0.0000   0.0000   0.3680
  16.300   0.8669   0.22803   0.21556  -0.1160  0.5811  1.0000  -1.8866   0.0000   0.0000   0.0000   0.3675
  16.400   0.8908   0.24417   0.23184  -0.1180  0.5693  1.0000  -1.9204   0.0000   0.0000   0.0000   0.3663
  16.500   0.8846   0.23982   0.22746  -0.1176  0.5675  1.0000  -1.9041   0.0000   0.0000   0.0000   0.3666
  16.600   0.8794   0.23618   0.22379  -0.1173  0.5636  1.0000  -1.8895   0.0000   0.0000   0.0000   0.3669
  16.700   0.8778   0.23478   0.22240  -0.1172  0.5558  1.0000  -1.8811   0.0000   0.0000   0.0000   0.3669
  16.800   0.8830   0.23703   0.22470  -0.1175  0.5447  1.0000  -1.8840   0.0000   0.0000   0.0000   0.3663
  16.900   0.9081   0.25441   0.24222  -0.1191  0.5320  1.0000  -1.9127   0.0000   0.0000   0.0000   0.3645
  17.000   0.9026   0.25056   0.23834  -0.1190  0.5306  1.0000  -1.8960   0.0000   0.0000   0.0000   0.3650
  17.100   0.8979   0.24734   0.23509  -0.1189  0.5279  1.0000  -1.8802   0.0000   0.0000   0.0000   0.3654
  17.200   0.8953   0.24559   0.23333  -0.1190  0.5232  1.0000  -1.8673   0.0000   0.0000   0.0000   0.3657
  17.300   0.8959   0.24582   0.23358  -0.1192  0.5169  1.0000  -1.8586   0.0000   0.0000   0.0000   0.3657
  17.400   0.8994   0.24771   0.23551  -0.1196  0.5102  1.0000  -1.8536   0.0000   0.0000   0.0000   0.3655
  17.500   0.9065   0.25173   0.23959  -0.1200  0.5034  1.0000  -1.8528   0.0000   0.0000   0.0000   0.3649
  17.600   0.9243   0.26432   0.25231  -0.1211  0.4963  1.0000  -1.8616   0.0000   0.0000   0.0000   0.3635
  17.700   0.9273   0.26789   0.25584  -0.1217  0.4941  1.0000  -1.8510   0.0000   0.0000   0.0000   0.3636
  17.800   0.9224   0.26447   0.25239  -0.1218  0.4925  1.0000  -1.8331   0.0000   0.0000   0.0000   0.3642
  17.900   0.9184   0.26176   0.24966  -0.1219  0.4897  1.0000  -1.8161   0.0000   0.0000   0.0000   0.3647
  18.000   0.9165   0.26056   0.24845  -0.1221  0.4851  1.0000  -1.8013   0.0000   0.0000   0.0000   0.3651
  18.100   0.9173   0.26111   0.24902  -0.1224  0.4793  1.0000  -1.7894   0.0000   0.0000   0.0000   0.3651
  18.200   0.9206   0.26308   0.25102  -0.1227  0.4730  1.0000  -1.7801   0.0000   0.0000   0.0000   0.3649
  18.300   0.9280   0.26751   0.25551  -0.1231  0.4656  1.0000  -1.7756   0.0000   0.0000   0.0000   0.3641
  18.400   0.9477   0.28338   0.27145  -0.1239  0.4571  1.0000  -1.7799   0.0000   0.0000   0.0000   0.3623
  18.500   0.9422   0.27952   0.26755  -0.1241  0.4557  1.0000  -1.7604   0.0000   0.0000   0.0000   0.3631
  18.600   0.9373   0.27626   0.26426  -0.1243  0.4531  1.0000  -1.7414   0.0000   0.0000   0.0000   0.3638
  18.700   0.9343   0.27441   0.26240  -0.1245  0.4481  1.0000  -1.7244   0.0000   0.0000   0.0000   0.3642
  18.800   0.9348   0.27479   0.26279  -0.1247  0.4406  1.0000  -1.7115   0.0000   0.0000   0.0000   0.3643
  18.900   0.9404   0.27800   0.26604  -0.1248  0.4313  1.0000  -1.7129   0.0000   0.0000   0.0000   0.3635
  19.000   0.9648   0.29722   0.28535  -0.1253  0.4205  1.0000  -1.7561   0.0000   0.0000   0.0000   0.3608
  19.100   0.9598   0.29385   0.28195  -0.1256  0.4195  1.0000  -1.7385   0.0000   0.0000   0.0000   0.3616
  19.200   0.9553   0.29097   0.27905  -0.1260  0.4180  1.0000  -1.7217   0.0000   0.0000   0.0000   0.3623
  19.300   0.9518   0.28896   0.27703  -0.1264  0.4153  1.0000  -1.7070   0.0000   0.0000   0.0000   0.3630
  19.400   0.9502   0.28834   0.27640  -0.1268  0.4113  1.0000  -1.6960   0.0000   0.0000   0.0000   0.3635
  19.500   0.9506   0.28906   0.27712  -0.1271  0.4065  1.0000  -1.6892   0.0000   0.0000   0.0000   0.3637
  19.600   0.9526   0.29079   0.27888  -0.1275  0.4014  1.0000  -1.6861   0.0000   0.0000   0.0000   0.3636
  19.700   0.9564   0.29356   0.28168  -0.1277  0.3962  1.0000  -1.6870   0.0000   0.0000   0.0000   0.3633
  19.800   0.9631   0.29825   0.28641  -0.1280  0.3910  1.0000  -1.6940   0.0000   0.0000   0.0000   0.3625
  19.900   0.9797   0.31162   0.29988  -0.1283  0.3855  1.0000  -1.7194   0.0000   0.0000   0.0000   0.3606
  20.000   0.9828   0.31587   0.30407  -0.1289  0.3839  1.0000  -1.7156   0.0000   0.0000   0.0000   0.3607


