xflr5 v6.61

 Calculated polar for: SA7036

 1 1 Reynolds number fixed          Mach number fixed         

 xtrf =   1.000 (top)        1.000 (bottom)
 Mach =   0.000     Re =     0.022 e 6     Ncrit =   9.000

  alpha     CL        CD       CDp       Cm    Top Xtr Bot Xtr   Cpmin    Chinge    XCp    
 ------- -------- --------- --------- -------- ------- ------- -------- --------- ---------
  -2.000  -0.1057   0.02494   0.01458  -0.0336  1.0000  1.0000  -1.9968   0.0000   0.0000   0.0000  -0.0730
  -1.900  -0.0963   0.02493   0.01417  -0.0339  1.0000  1.0000  -1.9482   0.0000   0.0000   0.0000  -0.1075
  -1.800  -0.0872   0.02495   0.01384  -0.0340  1.0000  1.0000  -1.8963   0.0000   0.0000   0.0000  -0.1458
  -1.700  -0.0784   0.02498   0.01357  -0.0340  1.0000  1.0000  -1.8423   0.0000   0.0000   0.0000  -0.1906
  -1.600  -0.0697   0.02503   0.01334  -0.0340  1.0000  1.0000  -1.7868   0.0000   0.0000   0.0000  -0.2454
  -1.500  -0.0611   0.02509   0.01314  -0.0340  1.0000  1.0000  -1.7304   0.0000   0.0000   0.0000  -0.3144
  -1.400  -0.0525   0.02516   0.01297  -0.0340  1.0000  1.0000  -1.6732   0.0000   0.0000   0.0000  -0.4050
  -1.300  -0.0440   0.02523   0.01282  -0.0339  1.0000  1.0000  -1.6156   0.0000   0.0000   0.0000  -0.5296
  -1.200  -0.0355   0.02532   0.01270  -0.0338  1.0000  1.0000  -1.5578   0.0000   0.0000   0.0000  -0.7123
  -1.100  -0.0271   0.02542   0.01260  -0.0338  1.0000  1.0000  -1.4997   0.0000   0.0000   0.0000  -1.0067
  -1.000  -0.0188   0.02552   0.01252  -0.0337  1.0000  1.0000  -1.4417   0.0000   0.0000   0.0000  -1.5606
  -0.900  -0.0105   0.02563   0.01245  -0.0336  1.0000  1.0000  -1.3838   0.0000   0.0000   0.0000  -2.9893
  -0.800  -0.0022   0.02575   0.01241  -0.0336  1.0000  1.0000  -1.3260   0.0000   0.0000   0.0000  -15.1525
  -0.700   0.0060   0.02588   0.01238  -0.0335  1.0000  1.0000  -1.2685   0.0000   0.0000   0.0000   5.8352
  -0.600   0.0142   0.02602   0.01236  -0.0334  1.0000  1.0000  -1.2112   0.0000   0.0000   0.0000   2.6134
  -0.500   0.0224   0.02616   0.01237  -0.0333  1.0000  1.0000  -1.1543   0.0000   0.0000   0.0000   1.7488
  -0.400   0.0304   0.02632   0.01238  -0.0333  1.0000  1.0000  -1.0976   0.0000   0.0000   0.0000   1.3475
  -0.300   0.0385   0.02648   0.01242  -0.0332  1.0000  1.0000  -1.0413   0.0000   0.0000   0.0000   1.1158
  -0.200   0.0465   0.02665   0.01246  -0.0332  1.0000  1.0000  -0.9852   0.0000   0.0000   0.0000   0.9651
  -0.100   0.0544   0.02683   0.01253  -0.0331  1.0000  1.0000  -0.9293   0.0000   0.0000   0.0000   0.8592
   0.000   0.0623   0.02702   0.01260  -0.0331  1.0000  1.0000  -0.8734   0.0000   0.0000   0.0000   0.7809
   0.100   0.0701   0.02722   0.01269  -0.0330  1.0000  1.0000  -0.8172   0.0000   0.0000   0.0000   0.7205
   0.200   0.0779   0.02743   0.01279  -0.0330  1.0000  1.0000  -0.7597   0.0000   0.0000   0.0000   0.6727
   0.300   0.0857   0.02764   0.01290  -0.0330  1.0000  1.0000  -0.6976   0.0000   0.0000   0.0000   0.6337
   0.400   0.0935   0.02786   0.01282  -0.0329  1.0000  1.0000  -0.5930   0.0000   0.0000   0.0000   0.6008
   0.500   0.1011   0.02810   0.01298  -0.0329  1.0000  1.0000  -0.5451   0.0000   0.0000   0.0000   0.5740
   0.600   0.1086   0.02835   0.01314  -0.0329  1.0000  1.0000  -0.4981   0.0000   0.0000   0.0000   0.5512
   0.700   0.1160   0.02861   0.01332  -0.0329  1.0000  1.0000  -0.4518   0.0000   0.0000   0.0000   0.5315
   0.800   0.1234   0.02888   0.01352  -0.0329  1.0000  1.0000  -0.4469   0.0000   0.0000   0.0000   0.5145
   0.900   0.1307   0.02916   0.01372  -0.0329  1.0000  1.0000  -0.4535   0.0000   0.0000   0.0000   0.4995
   1.000   0.1380   0.02945   0.01395  -0.0329  1.0000  1.0000  -0.4600   0.0000   0.0000   0.0000   0.4863
   1.100   0.1452   0.02975   0.01419  -0.0330  1.0000  1.0000  -0.4664   0.0000   0.0000   0.0000   0.4746
   1.200   0.1523   0.03006   0.01444  -0.0330  1.0000  1.0000  -0.4726   0.0000   0.0000   0.0000   0.4641
   1.300   0.1593   0.03038   0.01471  -0.0331  1.0000  1.0000  -0.4788   0.0000   0.0000   0.0000   0.4547
   1.400   0.1663   0.03072   0.01500  -0.0331  1.0000  1.0000  -0.4848   0.0000   0.0000   0.0000   0.4463
   1.500   0.1732   0.03107   0.01530  -0.0332  1.0000  1.0000  -0.4907   0.0000   0.0000   0.0000   0.4386
   1.600   0.1801   0.03143   0.01562  -0.0333  1.0000  1.0000  -0.4973   0.0000   0.0000   0.0000   0.4317
   1.700   0.1868   0.03180   0.01595  -0.0333  1.0000  1.0000  -0.5040   0.0000   0.0000   0.0000   0.4254
   1.800   0.1935   0.03218   0.01630  -0.0334  1.0000  1.0000  -0.5107   0.0000   0.0000   0.0000   0.4196
   1.900   0.2001   0.03258   0.01666  -0.0336  1.0000  1.0000  -0.5172   0.0000   0.0000   0.0000   0.4144
   2.000   0.2067   0.03299   0.01705  -0.0337  1.0000  1.0000  -0.5236   0.0000   0.0000   0.0000   0.4096
   2.100   0.2132   0.03342   0.01744  -0.0338  1.0000  1.0000  -0.5299   0.0000   0.0000   0.0000   0.4051
   2.200   0.2196   0.03385   0.01786  -0.0340  1.0000  1.0000  -0.5361   0.0000   0.0000   0.0000   0.4011
   2.300   0.2260   0.03430   0.01829  -0.0341  1.0000  1.0000  -0.5433   0.0000   0.0000   0.0000   0.3973
   2.400   0.2322   0.03477   0.01874  -0.0343  1.0000  1.0000  -0.5504   0.0000   0.0000   0.0000   0.3939
   2.500   0.2384   0.03525   0.01920  -0.0344  1.0000  1.0000  -0.5573   0.0000   0.0000   0.0000   0.3907
   2.600   0.2445   0.03574   0.01968  -0.0346  1.0000  1.0000  -0.5641   0.0000   0.0000   0.0000   0.3878
   2.700   0.2505   0.03625   0.02018  -0.0348  1.0000  1.0000  -0.5707   0.0000   0.0000   0.0000   0.3851
   2.800   0.2565   0.03677   0.02069  -0.0350  1.0000  1.0000  -0.5772   0.0000   0.0000   0.0000   0.3826
   2.900   0.2624   0.03731   0.02122  -0.0353  1.0000  1.0000  -0.5835   0.0000   0.0000   0.0000   0.3803
   3.000   0.2682   0.03786   0.02177  -0.0355  1.0000  1.0000  -0.5896   0.0000   0.0000   0.0000   0.3781
   3.100   0.2739   0.03842   0.02234  -0.0357  1.0000  1.0000  -0.5956   0.0000   0.0000   0.0000   0.3762
   3.200   0.2796   0.03900   0.02292  -0.0360  1.0000  1.0000  -0.6014   0.0000   0.0000   0.0000   0.3743
   3.300   0.2853   0.03960   0.02352  -0.0362  1.0000  1.0000  -0.6070   0.0000   0.0000   0.0000   0.3727
   3.400   0.2908   0.04021   0.02414  -0.0365  1.0000  1.0000  -0.6133   0.0000   0.0000   0.0000   0.3711
   3.500   0.2963   0.04083   0.02478  -0.0368  1.0000  1.0000  -0.6200   0.0000   0.0000   0.0000   0.3697
   3.600   0.3017   0.04148   0.02543  -0.0371  1.0000  1.0000  -0.6266   0.0000   0.0000   0.0000   0.3683
   3.700   0.3071   0.04213   0.02610  -0.0374  1.0000  1.0000  -0.6330   0.0000   0.0000   0.0000   0.3671
   3.800   0.3124   0.04280   0.02678  -0.0377  1.0000  1.0000  -0.6392   0.0000   0.0000   0.0000   0.3660
   3.900   0.3176   0.04349   0.02748  -0.0380  1.0000  1.0000  -0.6452   0.0000   0.0000   0.0000   0.3649
   4.000   0.3228   0.04419   0.02820  -0.0384  1.0000  1.0000  -0.6511   0.0000   0.0000   0.0000   0.3640
   4.100   0.3279   0.04490   0.02894  -0.0387  1.0000  1.0000  -0.6567   0.0000   0.0000   0.0000   0.3631
   4.200   0.3330   0.04563   0.02978  -0.0391  1.0000  1.0000  -0.6622   0.0000   0.0000   0.0000   0.3623
   4.300   0.3380   0.04638   0.03053  -0.0394  1.0000  1.0000  -0.6674   0.0000   0.0000   0.0000   0.3616
   4.400   0.3429   0.04714   0.03131  -0.0398  1.0000  1.0000  -0.6725   0.0000   0.0000   0.0000   0.3609
   4.500   0.3478   0.04791   0.03210  -0.0402  1.0000  1.0000  -0.6788   0.0000   0.0000   0.0000   0.3603
   4.600   0.3526   0.04870   0.03291  -0.0406  1.0000  1.0000  -0.6852   0.0000   0.0000   0.0000   0.3597
   4.700   0.3574   0.04951   0.03374  -0.0410  1.0000  1.0000  -0.6914   0.0000   0.0000   0.0000   0.3592
   4.800   0.3710   0.05074   0.03501  -0.0432  0.9946  1.0000  -0.7052   0.0000   0.0000   0.0000   0.3609
   4.900   0.3992   0.05264   0.03698  -0.0482  0.9778  1.0000  -0.7320   0.0000   0.0000   0.0000   0.3653
   5.000   0.4236   0.05435   0.03876  -0.0523  0.9614  1.0000  -0.7564   0.0000   0.0000   0.0000   0.3679
   5.100   0.4423   0.05579   0.04027  -0.0552  0.9471  1.0000  -0.7783   0.0000   0.0000   0.0000   0.3692
   5.200   0.4624   0.05734   0.04189  -0.0582  0.9340  1.0000  -0.8019   0.0000   0.0000   0.0000   0.3703
   5.300   0.4708   0.05836   0.04296  -0.0592  0.9260  1.0000  -0.8130   0.0000   0.0000   0.0000   0.3702
   5.400   0.4904   0.05993   0.04460  -0.0620  0.9136  1.0000  -0.8361   0.0000   0.0000   0.0000   0.3708
   5.500   0.4973   0.06085   0.04558  -0.0627  0.9042  1.0000  -0.8455   0.0000   0.0000   0.0000   0.3703
   5.600   0.5179   0.06240   0.04721  -0.0654  0.8891  1.0000  -0.8700   0.0000   0.0000   0.0000   0.3705
   5.700   0.5263   0.06338   0.04825  -0.0661  0.8781  1.0000  -0.8811   0.0000   0.0000   0.0000   0.3699
   5.800   0.5461   0.06492   0.04988  -0.0685  0.8641  1.0000  -0.9054   0.0000   0.0000   0.0000   0.3697
   5.900   0.5480   0.06578   0.05078  -0.0684  0.8583  1.0000  -0.9106   0.0000   0.0000   0.0000   0.3690
   6.000   0.5563   0.06694   0.05200  -0.0693  0.8510  1.0000  -0.9239   0.0000   0.0000   0.0000   0.3686
   6.100   0.5777   0.06865   0.05381  -0.0719  0.8377  1.0000  -0.9541   0.0000   0.0000   0.0000   0.3684
   6.200   0.5768   0.06942   0.05461  -0.0713  0.8317  1.0000  -0.9555   0.0000   0.0000   0.0000   0.3676
   6.400   0.6049   0.07201   0.05737  -0.0739  0.8054  1.0000  -0.9976   0.0000   0.0000   0.0000   0.3659
   6.500   0.6061   0.07291   0.05831  -0.0736  0.7984  1.0000  -1.0011   0.0000   0.0000   0.0000   0.3652
   6.600   0.6159   0.07418   0.05966  -0.0746  0.7903  1.0000  -1.0166   0.0000   0.0000   0.0000   0.3647
   6.700   0.6384   0.07610   0.06169  -0.0769  0.7781  1.0000  -1.0547   0.0000   0.0000   0.0000   0.3641
   6.800   0.6351   0.07702   0.06264  -0.0763  0.7748  1.0000  -1.0527   0.0000   0.0000   0.0000   0.3637
   6.900   0.6341   0.07800   0.06365  -0.0760  0.7702  1.0000  -1.0543   0.0000   0.0000   0.0000   0.3633
   7.000   0.6392   0.07910   0.06482  -0.0762  0.7619  1.0000  -1.0655   0.0000   0.0000   0.0000   0.3626
   7.100   0.6629   0.08075   0.06658  -0.0779  0.7428  1.0000  -1.1069   0.0000   0.0000   0.0000   0.3609
   7.200   0.6603   0.08171   0.06757  -0.0774  0.7381  1.0000  -1.1055   0.0000   0.0000   0.0000   0.3605
   7.300   0.6615   0.08286   0.06877  -0.0774  0.7331  1.0000  -1.1094   0.0000   0.0000   0.0000   0.3602
   7.400   0.6634   0.08424   0.07062  -0.0777  0.7311  1.0000  -1.1148   0.0000   0.0000   0.0000   0.3602
   7.500   0.6648   0.08564   0.07208  -0.0780  0.7303  1.0000  -1.1203   0.0000   0.0000   0.0000   0.3604
   7.600   0.6668   0.08705   0.07354  -0.0784  0.7289  1.0000  -1.1270   0.0000   0.0000   0.0000   0.3605
   7.700   0.6934   0.08915   0.07580  -0.0803  0.7105  1.0000  -1.1821   0.0000   0.0000   0.0000   0.3587
   7.800   0.6904   0.09029   0.07696  -0.0800  0.7083  1.0000  -1.1798   0.0000   0.0000   0.0000   0.3587
   7.900   0.6883   0.09143   0.07813  -0.0798  0.7053  1.0000  -1.1791   0.0000   0.0000   0.0000   0.3587
   8.000   0.6877   0.09260   0.07933  -0.0797  0.7015  1.0000  -1.1811   0.0000   0.0000   0.0000   0.3585
   8.100   0.6896   0.09388   0.08066  -0.0798  0.6968  1.0000  -1.1876   0.0000   0.0000   0.0000   0.3583
   8.200   0.6909   0.09534   0.08217  -0.0802  0.6955  1.0000  -1.1917   0.0000   0.0000   0.0000   0.3585
   8.300   0.6893   0.09706   0.08392  -0.0807  0.7015  1.0000  -1.1883   0.0000   0.0000   0.0000   0.3594
   8.400   0.6934   0.09928   0.08619  -0.0820  0.7078  1.0000  -1.1947   0.0000   0.0000   0.0000   0.3604
   8.500   0.7056   0.10228   0.08929  -0.0842  0.7128  1.0000  -1.2204   0.0000   0.0000   0.0000   0.3615
   9.500   0.6292   0.11249   0.09952  -0.0828  0.8744  1.0000  -1.0839   0.0000   0.0000   0.0000   0.3721
   9.600   0.6460   0.11649   0.10360  -0.0857  0.8675  1.0000  -1.1156   0.0000   0.0000   0.0000   0.3732
   9.700   0.6391   0.11594   0.10307  -0.0843  0.8627  1.0000  -1.1080   0.0000   0.0000   0.0000   0.3723
   9.800   0.6415   0.11683   0.10402  -0.0844  0.8535  1.0000  -1.1157   0.0000   0.0000   0.0000   0.3719
   9.900   0.6560   0.12003   0.10733  -0.0868  0.8452  1.0000  -1.1431   0.0000   0.0000   0.0000   0.3726
  10.000   0.6678   0.12347   0.11083  -0.0888  0.8397  1.0000  -1.1651   0.0000   0.0000   0.0000   0.3732
  10.100   0.6587   0.12220   0.10958  -0.0869  0.8318  1.0000  -1.1535   0.0000   0.0000   0.0000   0.3720
  10.200   0.6914   0.12901   0.11654  -0.0919  0.8115  1.0000  -1.2103   0.0000   0.0000   0.0000   0.3730
  10.300   0.6793   0.12724   0.11477  -0.0896  0.8072  1.0000  -1.1932   0.0000   0.0000   0.0000   0.3719
  10.400   0.6800   0.12745   0.11503  -0.0891  0.7924  1.0000  -1.1977   0.0000   0.0000   0.0000   0.3710
  10.500   0.7129   0.13531   0.12305  -0.0942  0.7806  1.0000  -1.2588   0.0000   0.0000   0.0000   0.3721
  10.600   0.7025   0.13393   0.12167  -0.0924  0.7782  1.0000  -1.2406   0.0000   0.0000   0.0000   0.3713
  10.700   0.6945   0.13280   0.12055  -0.0908  0.7711  1.0000  -1.2302   0.0000   0.0000   0.0000   0.3705
  10.800   0.6982   0.13402   0.12182  -0.0911  0.7619  1.0000  -1.2542   0.0000   0.0000   0.0000   0.3701
  10.900   0.7126   0.13759   0.12549  -0.0931  0.7535  1.0000  -1.3089   0.0000   0.0000   0.0000   0.3702
  11.000   0.7295   0.14295   0.13094  -0.0957  0.7472  1.0000  -1.3696   0.0000   0.0000   0.0000   0.3706
  11.100   0.7173   0.14077   0.12874  -0.0936  0.7425  1.0000  -1.3454   0.0000   0.0000   0.0000   0.3698
  11.200   0.7160   0.14066   0.12867  -0.0929  0.7301  1.0000  -1.3550   0.0000   0.0000   0.0000   0.3690
  11.300   0.7467   0.14855   0.13671  -0.0967  0.7131  1.0000  -1.4593   0.0000   0.0000   0.0000   0.3688
  11.400   0.7340   0.14615   0.13429  -0.0947  0.7085  1.0000  -1.4329   0.0000   0.0000   0.0000   0.3682
  11.500   0.7319   0.14583   0.13400  -0.0939  0.6962  1.0000  -1.4394   0.0000   0.0000   0.0000   0.3674
  11.600   0.7465   0.14953   0.13781  -0.0955  0.6857  1.0000  -1.4944   0.0000   0.0000   0.0000   0.3670
  11.700   0.7749   0.15867   0.14708  -0.0994  0.6792  1.0000  -1.5857   0.0000   0.0000   0.0000   0.3673
  11.800   0.7627   0.15637   0.14476  -0.0977  0.6772  1.0000  -1.5589   0.0000   0.0000   0.0000   0.3671
  11.900   0.7520   0.15415   0.14252  -0.0962  0.6720  1.0000  -1.5368   0.0000   0.0000   0.0000   0.3667
  12.000   0.7505   0.15420   0.14259  -0.0958  0.6635  1.0000  -1.5423   0.0000   0.0000   0.0000   0.3663
  12.100   0.7583   0.15648   0.14495  -0.0964  0.6544  1.0000  -1.5750   0.0000   0.0000   0.0000   0.3658
  12.200   0.7878   0.16600   0.15461  -0.0998  0.6424  1.0000  -1.6703   0.0000   0.0000   0.0000   0.3653
  12.300   0.7754   0.16320   0.15178  -0.0982  0.6394  1.0000  -1.6417   0.0000   0.0000   0.0000   0.3652
  12.400   0.7675   0.16131   0.14988  -0.0970  0.6307  1.0000  -1.6278   0.0000   0.0000   0.0000   0.3648
  12.500   0.7895   0.16679   0.15551  -0.0985  0.6111  1.0000  -1.7055   0.0000   0.0000   0.0000   0.3631
  12.600   0.8060   0.17377   0.16256  -0.1005  0.6059  1.0000  -1.7577   0.0000   0.0000   0.0000   0.3630
  12.700   0.7944   0.17108   0.15983  -0.0992  0.6035  1.0000  -1.7301   0.0000   0.0000   0.0000   0.3631
  12.800   0.7858   0.16899   0.15773  -0.0983  0.5978  1.0000  -1.7116   0.0000   0.0000   0.0000   0.3631
  12.900   0.7855   0.16927   0.15804  -0.0981  0.5897  1.0000  -1.7175   0.0000   0.0000   0.0000   0.3629
  13.000   0.7919   0.17146   0.16029  -0.0986  0.5818  1.0000  -1.7427   0.0000   0.0000   0.0000   0.3624
  13.100   0.8080   0.17685   0.16579  -0.1000  0.5744  1.0000  -1.7946   0.0000   0.0000   0.0000   0.3616
  13.200   0.8291   0.18611   0.17513  -0.1022  0.5690  1.0000  -1.8554   0.0000   0.0000   0.0000   0.3611
  13.300   0.8176   0.18303   0.17202  -0.1012  0.5672  1.0000  -1.8270   0.0000   0.0000   0.0000   0.3615
  13.400   0.8077   0.18015   0.16911  -0.1004  0.5629  1.0000  -1.8032   0.0000   0.0000   0.0000   0.3618
  13.500   0.8047   0.17937   0.16833  -0.1000  0.5543  1.0000  -1.8000   0.0000   0.0000   0.0000   0.3617
  13.600   0.8157   0.18256   0.17161  -0.1004  0.5411  1.0000  -1.8386   0.0000   0.0000   0.0000   0.3604
  13.700   0.8364   0.19169   0.18116  -0.1018  0.5305  1.0000  -1.8714   0.0000   0.0000   0.0000   0.3591
  13.800   0.8263   0.18865   0.17808  -0.1012  0.5275  1.0000  -1.8485   0.0000   0.0000   0.0000   0.3597
  13.900   0.8204   0.18679   0.17621  -0.1008  0.5207  1.0000  -1.8354   0.0000   0.0000   0.0000   0.3599
  14.000   0.8224   0.18761   0.17706  -0.1009  0.5121  1.0000  -1.8405   0.0000   0.0000   0.0000   0.3596
  14.100   0.8302   0.19048   0.18000  -0.1013  0.5050  1.0000  -1.8616   0.0000   0.0000   0.0000   0.3589
  14.200   0.8494   0.19818   0.18784  -0.1025  0.4980  1.0000  -1.9129   0.0000   0.0000   0.0000   0.3575
  14.300   0.8668   0.20766   0.19738  -0.1041  0.4944  1.0000  -1.9539   0.0000   0.0000   0.0000   0.3569
  14.400   0.8568   0.20440   0.19408  -0.1036  0.4931  1.0000  -1.9271   0.0000   0.0000   0.0000   0.3576
  14.500   0.8477   0.20115   0.19080  -0.1033  0.4906  1.0000  -1.9027   0.0000   0.0000   0.0000   0.3584
  14.600   0.8422   0.19917   0.18879  -0.1033  0.4856  1.0000  -1.8876   0.0000   0.0000   0.0000   0.3589
  14.700   0.8421   0.19927   0.18891  -0.1034  0.4793  1.0000  -1.8868   0.0000   0.0000   0.0000   0.3590
  14.800   0.8459   0.20087   0.19055  -0.1037  0.4729  1.0000  -1.8960   0.0000   0.0000   0.0000   0.3587
  14.900   0.8558   0.20491   0.19467  -0.1041  0.4654  1.0000  -1.9217   0.0000   0.0000   0.0000   0.3576
  15.000   0.8804   0.21801   0.20789  -0.1052  0.4566  1.0000  -1.9792   0.0000   0.0000   0.0000   0.3555
  15.100   0.8715   0.21452   0.20436  -0.1051  0.4551  1.0000  -1.9538   0.0000   0.0000   0.0000   0.3565
  15.200   0.8640   0.21111   0.20091  -0.1051  0.4517  1.0000  -1.9317   0.0000   0.0000   0.0000   0.3574
  15.300   0.8607   0.20937   0.19916  -0.1053  0.4447  1.0000  -1.9209   0.0000   0.0000   0.0000   0.3578
  15.400   0.8649   0.21073   0.20056  -0.1053  0.4345  1.0000  -1.9302   0.0000   0.0000   0.0000   0.3572
  15.500   0.8903   0.22297   0.21299  -0.1055  0.4229  1.0000  -1.9884   0.0000   0.0000   0.0000   0.3540
  15.600   0.9021   0.23138   0.22142  -0.1064  0.4202  1.0000  -2.0022   0.0000   0.0000   0.0000   0.3534
  15.700   0.8940   0.22795   0.21795  -0.1066  0.4192  1.0000  -1.9776   0.0000   0.0000   0.0000   0.3545
  15.800   0.8870   0.22438   0.21434  -0.1069  0.4174  1.0000  -1.9551   0.0000   0.0000   0.0000   0.3556
  15.900   0.8820   0.22174   0.21167  -0.1073  0.4138  1.0000  -1.9364   0.0000   0.0000   0.0000   0.3565
  16.000   0.8806   0.22112   0.21105  -0.1077  0.4086  1.0000  -1.9256   0.0000   0.0000   0.0000   0.3570
  16.100   0.8825   0.22209   0.21204  -0.1080  0.4029  1.0000  -1.9214   0.0000   0.0000   0.0000   0.3570
  16.200   0.8871   0.22428   0.21427  -0.1083  0.3972  1.0000  -1.9226   0.0000   0.0000   0.0000   0.3566
  16.300   0.8957   0.22851   0.21857  -0.1085  0.3915  1.0000  -1.9309   0.0000   0.0000   0.0000   0.3555
  16.400   0.9278   0.25005   0.24027  -0.1089  0.3843  1.0000  -1.9683   0.0000   0.0000   0.0000   0.3520
  16.500   0.9205   0.24619   0.23637  -0.1093  0.3836  1.0000  -1.9448   0.0000   0.0000   0.0000   0.3531
  16.600   0.9138   0.24230   0.23243  -0.1098  0.3826  1.0000  -1.9216   0.0000   0.0000   0.0000   0.3543
  16.700   0.9077   0.23880   0.22890  -0.1103  0.3805  1.0000  -1.8990   0.0000   0.0000   0.0000   0.3556
  16.800   0.9036   0.23657   0.22664  -0.1109  0.3764  1.0000  -1.8794   0.0000   0.0000   0.0000   0.3565
  16.900   0.9031   0.23639   0.22646  -0.1114  0.3701  1.0000  -1.8660   0.0000   0.0000   0.0000   0.3569
  17.000   0.9075   0.23832   0.22843  -0.1115  0.3616  1.0000  -1.8614   0.0000   0.0000   0.0000   0.3563
  17.100   0.9357   0.25666   0.24690  -0.1105  0.3481  1.0000  -1.8873   0.0000   0.0000   0.0000   0.3518
  17.200   0.9295   0.25310   0.24330  -0.1112  0.3471  1.0000  -1.8636   0.0000   0.0000   0.0000   0.3531
  17.300   0.9238   0.24990   0.24006  -0.1119  0.3454  1.0000  -1.8400   0.0000   0.0000   0.0000   0.3544
  17.400   0.9198   0.24775   0.23789  -0.1127  0.3419  1.0000  -1.8182   0.0000   0.0000   0.0000   0.3556
  17.500   0.9190   0.24755   0.23768  -0.1133  0.3369  1.0000  -1.8006   0.0000   0.0000   0.0000   0.3562
  17.600   0.9208   0.24882   0.23896  -0.1137  0.3318  1.0000  -1.7865   0.0000   0.0000   0.0000   0.3563
  17.700   0.9247   0.25108   0.24125  -0.1140  0.3266  1.0000  -1.7753   0.0000   0.0000   0.0000   0.3559
  17.800   0.9320   0.25516   0.24537  -0.1139  0.3213  1.0000  -1.7769   0.0000   0.0000   0.0000   0.3548
  17.900   0.9634   0.27854   0.26886  -0.1131  0.3143  1.0000  -1.8352   0.0000   0.0000   0.0000   0.3502
  18.000   0.9576   0.27513   0.26542  -0.1138  0.3138  1.0000  -1.8119   0.0000   0.0000   0.0000   0.3514
  18.100   0.9521   0.27190   0.26216  -0.1147  0.3130  1.0000  -1.7886   0.0000   0.0000   0.0000   0.3528
  18.200   0.9470   0.26899   0.25921  -0.1155  0.3118  1.0000  -1.7658   0.0000   0.0000   0.0000   0.3541
  18.300   0.9429   0.26678   0.25697  -0.1164  0.3097  1.0000  -1.7447   0.0000   0.0000   0.0000   0.3554
  18.400   0.9408   0.26592   0.25610  -0.1173  0.3063  1.0000  -1.7283   0.0000   0.0000   0.0000   0.3564
  18.500   0.9410   0.26648   0.25666  -0.1179  0.3021  1.0000  -1.7176   0.0000   0.0000   0.0000   0.3569
  18.600   0.9428   0.26796   0.25815  -0.1184  0.2978  1.0000  -1.7114   0.0000   0.0000   0.0000   0.3570
  18.700   0.9460   0.27015   0.26035  -0.1187  0.2935  1.0000  -1.7093   0.0000   0.0000   0.0000   0.3567
  18.800   0.9512   0.27338   0.26361  -0.1187  0.2892  1.0000  -1.7127   0.0000   0.0000   0.0000   0.3560
  18.900   0.9797   0.29517   0.28549  -0.1171  0.2806  1.0000  -1.7701   0.0000   0.0000   0.0000   0.3510
  19.000   0.9742   0.29198   0.28227  -0.1180  0.2801  1.0000  -1.7465   0.0000   0.0000   0.0000   0.3523
  19.100   0.9690   0.28900   0.27926  -0.1190  0.2793  1.0000  -1.7230   0.0000   0.0000   0.0000   0.3538
  19.200   0.9643   0.28640   0.27663  -0.1200  0.2778  1.0000  -1.7001   0.0000   0.0000   0.0000   0.3552
  19.300   0.9608   0.28463   0.27484  -0.1210  0.2752  1.0000  -1.6797   0.0000   0.0000   0.0000   0.3565
  19.400   0.9596   0.28435   0.27455  -0.1218  0.2708  1.0000  -1.6654   0.0000   0.0000   0.0000   0.3573
  19.500   0.9607   0.28548   0.27569  -0.1223  0.2651  1.0000  -1.6589   0.0000   0.0000   0.0000   0.3575
  19.600   0.9649   0.28806   0.27829  -0.1223  0.2586  1.0000  -1.6628   0.0000   0.0000   0.0000   0.3568
  19.700   0.9960   0.31138   0.30171  -0.1198  0.2487  1.0000  -1.7365   0.0000   0.0000   0.0000   0.3506
  19.800   0.9911   0.30885   0.29916  -0.1208  0.2483  1.0000  -1.7133   0.0000   0.0000   0.0000   0.3519
  19.900   0.9865   0.30654   0.29682  -0.1218  0.2477  1.0000  -1.6904   0.0000   0.0000   0.0000   0.3533
  20.000   0.9824   0.30454   0.29480  -0.1228  0.2469  1.0000  -1.6679   0.0000   0.0000   0.0000   0.3546


