  
       XFOIL         Version 6.99
  
 Calculated polar for: HAM-STD HS1-620 AIRFOIL                         
  
 1 1 Reynolds number fixed          Mach number fixed         
  
 xtrf =   1.000 (top)        1.000 (bottom)  
 Mach =   0.000     Re =     0.325 e 6     Ncrit =   9.000  9.000
  
   alpha    CL        CD       CDp       CM     Top_Xtr  Bot_Xtr  Top_Itr  Bot_Itr
  ------ -------- --------- --------- -------- -------- -------- -------- --------
   0.000   0.5897   0.01239   0.00274  -0.1293   0.7365   0.4025  46.8981 236.2221
   0.000   0.5897   0.01239   0.00274  -0.1293   0.7365   0.4026  46.8981 236.2245
   0.000   0.5897   0.01239   0.00274  -0.1293   0.7365   0.4026  46.8981 236.2245
   0.000   0.5897   0.01239   0.00274  -0.1293   0.7365   0.4026  46.8981 236.2244
   0.000   0.5897   0.01239   0.00274  -0.1293   0.7365   0.4026  46.8981 236.2244
   1.000   0.6752   0.01154   0.00310  -0.1221   0.6958   0.9157  50.2034 276.1636
   1.000   0.6752   0.01154   0.00310  -0.1221   0.6958   0.9157  50.2035 276.1674
   1.000   0.6752   0.01154   0.00310  -0.1221   0.6958   0.9157  50.2035 276.1673
   1.000   0.6752   0.01154   0.00310  -0.1221   0.6958   0.9157  50.2035 276.1673
   1.000   0.6752   0.01154   0.00310  -0.1221   0.6958   0.9157  50.2035 276.1673
   2.000   0.8284   0.01274   0.00357  -0.1305   0.6452   0.9910  54.2155 295.7453
   2.000   0.8284   0.01274   0.00357  -0.1305   0.6452   0.9910  54.2156 295.7447
   2.000   0.8284   0.01274   0.00357  -0.1305   0.6452   0.9910  54.2156 295.7447
   2.000   0.8284   0.01274   0.00357  -0.1305   0.6452   0.9910  54.2156 295.7447
   2.000   0.8284   0.01274   0.00357  -0.1305   0.6452   0.9910  54.2156 295.7447
   3.000   0.9149   0.01348   0.00318  -0.1255   0.5792   1.0000  59.4821 300.0000
   3.000   0.9149   0.01348   0.00318  -0.1255   0.5792   1.0000  59.4840 300.0000
   3.000   0.9149   0.01348   0.00318  -0.1255   0.5792   1.0000  59.4840 300.0000
   3.000   0.9149   0.01348   0.00318  -0.1255   0.5792   1.0000  59.4840 300.0000
   3.000   0.9149   0.01348   0.00318  -0.1255   0.5792   1.0000  59.4840 300.0000
   4.000   0.9203   0.01458   0.00257  -0.1030   0.4847   1.0000  67.2094 300.0000
   4.000   0.9203   0.01458   0.00257  -0.1030   0.4847   1.0000  67.2092 300.0000
   4.000   0.9203   0.01458   0.00257  -0.1030   0.4847   1.0000  67.2092 300.0000
   4.000   0.9203   0.01458   0.00257  -0.1030   0.4847   1.0000  67.2092 300.0000
   4.000   0.9203   0.01458   0.00257  -0.1030   0.4847   1.0000  67.2092 300.0000
   5.000   0.9587   0.01688   0.00295  -0.0890   0.3909   1.0000  74.9589 300.0000
   5.000   0.9587   0.01688   0.00295  -0.0890   0.3909   1.0000  74.9588 300.0000
   5.000   0.9587   0.01688   0.00295  -0.0890   0.3909   1.0000  74.9588 300.0000
   5.000   0.9587   0.01688   0.00295  -0.0890   0.3909   1.0000  74.9588 300.0000
   5.000   0.9587   0.01688   0.00295  -0.0890   0.3909   1.0000  74.9588 300.0000
   6.000   1.0250   0.01899   0.00351  -0.0813   0.3461   1.0000  78.7141 300.0000
   6.000   1.0250   0.01899   0.00351  -0.0813   0.3461   1.0000  78.7141 300.0000
   6.000   1.0250   0.01899   0.00351  -0.0813   0.3461   1.0000  78.7141 300.0000
   6.000   1.0250   0.01899   0.00351  -0.0813   0.3461   1.0000  78.7141 300.0000
   6.000   1.0250   0.01899   0.00351  -0.0813   0.3461   1.0000  78.7141 300.0000
   7.000   1.0990   0.02109   0.00410  -0.0756   0.3195   1.0000  80.9719 300.0000
   7.000   1.0990   0.02109   0.00410  -0.0756   0.3195   1.0000  80.9722 300.0000
   7.000   1.0990   0.02109   0.00410  -0.0756   0.3195   1.0000  80.9722 300.0000
   7.000   1.0990   0.02109   0.00410  -0.0756   0.3195   1.0000  80.9722 300.0000
   7.000   1.0990   0.02109   0.00410  -0.0756   0.3195   1.0000  80.9722 300.0000
   8.000   1.1763   0.02315   0.00471  -0.0709   0.2987   1.0000  82.7797 300.0000
   8.000   1.1763   0.02315   0.00471  -0.0709   0.2987   1.0000  82.7797 300.0000
   8.000   1.1763   0.02315   0.00471  -0.0709   0.2987   1.0000  82.7797 300.0000
   8.000   1.1763   0.02315   0.00471  -0.0709   0.2987   1.0000  82.7797 300.0000
   8.000   1.1763   0.02315   0.00471  -0.0709   0.2987   1.0000  82.7797 300.0000
   9.000   1.2522   0.02538   0.00537  -0.0665   0.2812   1.0000  84.3402 300.0000
   9.000   1.2522   0.02539   0.00537  -0.0665   0.2812   1.0000  84.3405 300.0000
   9.000   1.2522   0.02539   0.00537  -0.0665   0.2812   1.0000  84.3405 300.0000
   9.000   1.2522   0.02539   0.00537  -0.0665   0.2812   1.0000  84.3405 300.0000
   9.000   1.2522   0.02539   0.00537  -0.0665   0.2812   1.0000  84.3405 300.0000
  10.000   1.3244   0.02786   0.00611  -0.0619   0.2653   1.0000  85.8027 300.0000
  10.000   1.3244   0.02786   0.00611  -0.0619   0.2653   1.0000  85.8026 300.0000
  10.000   1.3244   0.02786   0.00611  -0.0619   0.2653   1.0000  85.8026 300.0000
  10.000   1.3244   0.02786   0.00611  -0.0619   0.2653   1.0000  85.8026 300.0000
  10.000   1.3244   0.02786   0.00611  -0.0619   0.2653   1.0000  85.8026 300.0000
  11.000   1.3928   0.03067   0.00700  -0.0573   0.2506   1.0000  87.2054 300.0000
  11.000   1.3928   0.03067   0.00700  -0.0573   0.2506   1.0000  87.2053 300.0000
  11.000   1.3928   0.03067   0.00700  -0.0573   0.2506   1.0000  87.2054 300.0000
  11.000   1.3928   0.03067   0.00700  -0.0573   0.2506   1.0000  87.2054 300.0000
  11.000   1.3928   0.03067   0.00700  -0.0573   0.2506   1.0000  87.2054 300.0000
  12.000   1.4546   0.03396   0.00821  -0.0525   0.2364   1.0000  88.6141 300.0000
  12.000   1.4546   0.03396   0.00821  -0.0525   0.2364   1.0000  88.6139 300.0000
  12.000   1.4546   0.03396   0.00821  -0.0525   0.2364   1.0000  88.6139 300.0000
  12.000   1.4546   0.03396   0.00821  -0.0525   0.2364   1.0000  88.6139 300.0000
  12.000   1.4546   0.03396   0.00821  -0.0525   0.2364   1.0000  88.6139 300.0000
  13.000   1.5130   0.03770   0.00950  -0.0480   0.2233   1.0000  89.9650 300.0000
  13.000   1.5130   0.03770   0.00950  -0.0480   0.2233   1.0000  89.9651 300.0000
  13.000   1.5130   0.03770   0.00950  -0.0480   0.2233   1.0000  89.9651 300.0000
  13.000   1.5130   0.03770   0.00950  -0.0480   0.2233   1.0000  89.9651 300.0000
  13.000   1.5130   0.03770   0.00950  -0.0480   0.2233   1.0000  89.9651 300.0000
  14.000   1.5613   0.04241   0.01159  -0.0434   0.2100   1.0000  91.4072 300.0000
  14.000   1.5613   0.04241   0.01159  -0.0434   0.2100   1.0000  91.4073 300.0000
  14.000   1.5613   0.04241   0.01159  -0.0434   0.2100   1.0000  91.4074 300.0000
  14.000   1.5613   0.04241   0.01159  -0.0434   0.2100   1.0000  91.4074 300.0000
  14.000   1.5613   0.04241   0.01159  -0.0434   0.2100   1.0000  91.4074 300.0000
  15.000   1.6044   0.04784   0.01402  -0.0394   0.1974   1.0000  92.8333 300.0000
  15.000   1.6044   0.04784   0.01402  -0.0394   0.1974   1.0000  92.8331 300.0000
  15.000   1.6044   0.04784   0.01402  -0.0394   0.1974   1.0000  92.8331 300.0000
  15.000   1.6044   0.04784   0.01402  -0.0394   0.1974   1.0000  92.8331 300.0000
  15.000   1.6044   0.04784   0.01402  -0.0394   0.1974   1.0000  92.8331 300.0000
  16.000   1.6400   0.05428   0.01718  -0.0358   0.1851   1.0000  94.2913 300.0000
  16.000   1.6400   0.05428   0.01718  -0.0358   0.1851   1.0000  94.2913 300.0000
  16.000   1.6400   0.05428   0.01718  -0.0358   0.1851   1.0000  94.2913 300.0000
  16.000   1.6400   0.05428   0.01718  -0.0358   0.1851   1.0000  94.2913 300.0000
  16.000   1.6400   0.05428   0.01718  -0.0358   0.1851   1.0000  94.2913 300.0000
  17.000   1.6668   0.06190   0.02123  -0.0329   0.1733   1.0000  95.7715 300.0000
  17.000   1.6668   0.06190   0.02123  -0.0329   0.1733   1.0000  95.7717 300.0000
  17.000   1.6668   0.06190   0.02123  -0.0329   0.1733   1.0000  95.7718 300.0000
  17.000   1.6668   0.06190   0.02123  -0.0329   0.1733   1.0000  95.7718 300.0000
  17.000   1.6668   0.06190   0.02123  -0.0329   0.1733   1.0000  95.7718 300.0000
  18.000   1.6858   0.07066   0.02625  -0.0309   0.1620   1.0000  97.2504 300.0000
  18.000   1.6858   0.07067   0.02625  -0.0309   0.1620   1.0000  97.2508 300.0000
  18.000   1.6858   0.07067   0.02625  -0.0309   0.1620   1.0000  97.2508 300.0000
  18.000   1.6858   0.07067   0.02625  -0.0309   0.1620   1.0000  97.2508 300.0000
  18.000   1.6858   0.07067   0.02625  -0.0309   0.1620   1.0000  97.2508 300.0000
  19.000   1.6944   0.08101   0.03289  -0.0300   0.1510   1.0000  98.7632 300.0000
  19.000   1.6944   0.08101   0.03289  -0.0300   0.1510   1.0000  98.7631 300.0000
  19.000   1.6944   0.08101   0.03289  -0.0300   0.1510   1.0000  98.7631 300.0000
  19.000   1.6944   0.08101   0.03289  -0.0300   0.1510   1.0000  98.7631 300.0000
  19.000   1.6944   0.08101   0.03289  -0.0300   0.1510   1.0000  98.7631 300.0000
