  
       XFOIL         Version 6.99
  
 Calculated polar for: HAM-STD HS1-620 AIRFOIL                         
  
 1 1 Reynolds number fixed          Mach number fixed         
  
 xtrf =   1.000 (top)        1.000 (bottom)  
 Mach =   0.000     Re =     0.350 e 6     Ncrit =   9.000  9.000
  
   alpha    CL        CD       CDp       CM     Top_Xtr  Bot_Xtr  Top_Itr  Bot_Itr
  ------ -------- --------- --------- -------- -------- -------- -------- --------
   0.000   0.5901   0.01222   0.00259  -0.1291   0.7287   0.3730  47.5399 234.1823
   0.000   0.5901   0.01222   0.00259  -0.1291   0.7287   0.3730  47.5400 234.1835
   0.000   0.5901   0.01222   0.00259  -0.1291   0.7287   0.3730  47.5400 234.1835
   0.000   0.5901   0.01222   0.00259  -0.1291   0.7287   0.3730  47.5400 234.1835
   0.000   0.5901   0.01222   0.00259  -0.1291   0.7287   0.3730  47.5400 234.1835
   1.000   0.6740   0.01120   0.00286  -0.1220   0.6884   0.8963  50.7897 273.4218
   1.000   0.6740   0.01120   0.00286  -0.1220   0.6884   0.8964  50.7896 273.4263
   1.000   0.6740   0.01120   0.00286  -0.1220   0.6884   0.8964  50.7896 273.4262
   1.000   0.6740   0.01120   0.00286  -0.1220   0.6884   0.8964  50.7896 273.4262
   1.000   0.6740   0.01120   0.00286  -0.1220   0.6884   0.8964  50.7896 273.4262
   2.000   0.8142   0.01234   0.00331  -0.1274   0.6386   0.9885  54.7378 294.6784
   2.000   0.8142   0.01234   0.00331  -0.1274   0.6386   0.9885  54.7378 294.6783
   2.000   0.8142   0.01234   0.00331  -0.1274   0.6386   0.9885  54.7378 294.6783
   2.000   0.8142   0.01234   0.00331  -0.1274   0.6386   0.9885  54.7378 294.6783
   2.000   0.8142   0.01234   0.00331  -0.1274   0.6386   0.9885  54.7378 294.6783
   3.000   0.9101   0.01324   0.00307  -0.1245   0.5702   1.0000  60.2139 300.0000
   3.000   0.9101   0.01324   0.00307  -0.1245   0.5702   1.0000  60.2129 300.0000
   3.000   0.9101   0.01324   0.00307  -0.1245   0.5702   1.0000  60.2129 300.0000
   3.000   0.9101   0.01324   0.00307  -0.1245   0.5702   1.0000  60.2129 300.0000
   3.000   0.9101   0.01324   0.00307  -0.1245   0.5702   1.0000  60.2129 300.0000
   4.000   0.9156   0.01442   0.00252  -0.1020   0.4727   1.0000  68.1991 300.0000
   4.000   0.9156   0.01442   0.00252  -0.1020   0.4727   1.0000  68.1987 300.0000
   4.000   0.9156   0.01442   0.00252  -0.1020   0.4727   1.0000  68.1987 300.0000
   4.000   0.9156   0.01442   0.00252  -0.1020   0.4727   1.0000  68.1987 300.0000
   4.000   0.9156   0.01442   0.00252  -0.1020   0.4727   1.0000  68.1987 300.0000
   5.000   0.9585   0.01666   0.00292  -0.0890   0.3822   1.0000  75.6808 300.0000
   5.000   0.9585   0.01666   0.00292  -0.0890   0.3822   1.0000  75.6807 300.0000
   5.000   0.9585   0.01666   0.00292  -0.0890   0.3822   1.0000  75.6807 300.0000
   5.000   0.9585   0.01666   0.00292  -0.0890   0.3822   1.0000  75.6807 300.0000
   5.000   0.9585   0.01666   0.00292  -0.0890   0.3822   1.0000  75.6807 300.0000
   6.000   1.0258   0.01874   0.00347  -0.0815   0.3404   1.0000  79.1898 300.0000
   6.000   1.0258   0.01874   0.00347  -0.0815   0.3404   1.0000  79.1899 300.0000
   6.000   1.0258   0.01874   0.00347  -0.0815   0.3404   1.0000  79.1899 300.0000
   6.000   1.0258   0.01874   0.00347  -0.0815   0.3404   1.0000  79.1899 300.0000
   6.000   1.0258   0.01874   0.00347  -0.0815   0.3404   1.0000  79.1899 300.0000
   7.000   1.1012   0.02074   0.00405  -0.0761   0.3145   1.0000  81.4032 300.0000
   7.000   1.1012   0.02074   0.00405  -0.0761   0.3145   1.0000  81.4032 300.0000
   7.000   1.1012   0.02074   0.00405  -0.0761   0.3145   1.0000  81.4031 300.0000
   7.000   1.1012   0.02074   0.00405  -0.0761   0.3145   1.0000  81.4031 300.0000
   7.000   1.1012   0.02074   0.00405  -0.0761   0.3145   1.0000  81.4031 300.0000
   8.000   1.1771   0.02287   0.00465  -0.0711   0.2948   1.0000  83.1239 300.0000
   8.000   1.1771   0.02287   0.00465  -0.0711   0.2948   1.0000  83.1245 300.0000
   8.000   1.1771   0.02287   0.00465  -0.0711   0.2948   1.0000  83.1245 300.0000
   8.000   1.1771   0.02287   0.00465  -0.0711   0.2948   1.0000  83.1245 300.0000
   8.000   1.1771   0.02287   0.00465  -0.0711   0.2948   1.0000  83.1245 300.0000
   9.000   1.2524   0.02508   0.00532  -0.0666   0.2774   1.0000  84.6824 300.0000
   9.000   1.2524   0.02508   0.00532  -0.0666   0.2774   1.0000  84.6823 300.0000
   9.000   1.2524   0.02508   0.00532  -0.0666   0.2774   1.0000  84.6823 300.0000
   9.000   1.2524   0.02508   0.00532  -0.0666   0.2774   1.0000  84.6823 300.0000
   9.000   1.2524   0.02508   0.00532  -0.0666   0.2774   1.0000  84.6823 300.0000
  10.000   1.3245   0.02759   0.00605  -0.0620   0.2621   1.0000  86.1007 300.0000
  10.000   1.3245   0.02759   0.00605  -0.0620   0.2621   1.0000  86.1010 300.0000
  10.000   1.3245   0.02759   0.00605  -0.0620   0.2621   1.0000  86.1010 300.0000
  10.000   1.3245   0.02759   0.00605  -0.0620   0.2621   1.0000  86.1010 300.0000
  10.000   1.3245   0.02759   0.00605  -0.0620   0.2621   1.0000  86.1010 300.0000
  11.000   1.3917   0.03044   0.00705  -0.0573   0.2472   1.0000  87.5335 300.0000
  11.000   1.3917   0.03044   0.00705  -0.0573   0.2472   1.0000  87.5336 300.0000
  11.000   1.3917   0.03044   0.00705  -0.0573   0.2472   1.0000  87.5336 300.0000
  11.000   1.3917   0.03044   0.00705  -0.0573   0.2472   1.0000  87.5336 300.0000
  11.000   1.3917   0.03044   0.00705  -0.0573   0.2472   1.0000  87.5336 300.0000
  12.000   1.4544   0.03375   0.00818  -0.0527   0.2337   1.0000  88.8899 300.0000
  12.000   1.4544   0.03375   0.00818  -0.0527   0.2337   1.0000  88.8900 300.0000
  12.000   1.4544   0.03375   0.00818  -0.0527   0.2337   1.0000  88.8900 300.0000
  12.000   1.4544   0.03375   0.00818  -0.0527   0.2337   1.0000  88.8900 300.0000
  12.000   1.4544   0.03375   0.00818  -0.0527   0.2337   1.0000  88.8900 300.0000
  13.000   1.5113   0.03766   0.00973  -0.0481   0.2203   1.0000  90.2840 300.0000
  13.000   1.5113   0.03766   0.00973  -0.0481   0.2203   1.0000  90.2839 300.0000
  13.000   1.5113   0.03766   0.00973  -0.0481   0.2203   1.0000  90.2839 300.0000
  13.000   1.5113   0.03766   0.00973  -0.0481   0.2203   1.0000  90.2839 300.0000
  13.000   1.5113   0.03766   0.00973  -0.0481   0.2203   1.0000  90.2839 300.0000
  14.000   1.5612   0.04234   0.01173  -0.0438   0.2072   1.0000  91.7132 300.0000
  14.000   1.5612   0.04234   0.01173  -0.0438   0.2072   1.0000  91.7132 300.0000
  14.000   1.5612   0.04234   0.01173  -0.0438   0.2072   1.0000  91.7132 300.0000
  14.000   1.5612   0.04234   0.01173  -0.0438   0.2072   1.0000  91.7132 300.0000
  14.000   1.5612   0.04234   0.01173  -0.0438   0.2072   1.0000  91.7132 300.0000
  15.000   1.6054   0.04776   0.01412  -0.0399   0.1949   1.0000  93.1265 300.0000
  15.000   1.6054   0.04776   0.01412  -0.0399   0.1949   1.0000  93.1266 300.0000
  15.000   1.6054   0.04776   0.01412  -0.0399   0.1949   1.0000  93.1266 300.0000
  15.000   1.6054   0.04776   0.01412  -0.0399   0.1949   1.0000  93.1267 300.0000
  15.000   1.6054   0.04776   0.01412  -0.0399   0.1949   1.0000  93.1267 300.0000
  16.000   1.6405   0.05438   0.01747  -0.0365   0.1824   1.0000  94.6238 300.0000
  16.000   1.6405   0.05438   0.01747  -0.0365   0.1824   1.0000  94.6241 300.0000
  16.000   1.6405   0.05438   0.01747  -0.0365   0.1824   1.0000  94.6241 300.0000
  16.000   1.6405   0.05438   0.01747  -0.0365   0.1824   1.0000  94.6241 300.0000
  16.000   1.6405   0.05438   0.01747  -0.0365   0.1824   1.0000  94.6241 300.0000
  17.000   1.6694   0.06180   0.02125  -0.0337   0.1710   1.0000  96.0639 300.0000
  17.000   1.6694   0.06179   0.02125  -0.0337   0.1710   1.0000  96.0638 300.0000
  17.000   1.6694   0.06179   0.02125  -0.0337   0.1710   1.0000  96.0638 300.0000
  17.000   1.6694   0.06179   0.02125  -0.0337   0.1710   1.0000  96.0638 300.0000
  17.000   1.6694   0.06179   0.02125  -0.0337   0.1710   1.0000  96.0638 300.0000
  18.000   1.6863   0.07097   0.02671  -0.0317   0.1594   1.0000  97.6031 300.0000
  18.000   1.6863   0.07097   0.02671  -0.0317   0.1594   1.0000  97.6035 300.0000
  18.000   1.6863   0.07097   0.02671  -0.0317   0.1594   1.0000  97.6035 300.0000
  18.000   1.6863   0.07097   0.02671  -0.0317   0.1594   1.0000  97.6036 300.0000
  18.000   1.6863   0.07097   0.02671  -0.0317   0.1594   1.0000  97.6036 300.0000
  19.000   1.6979   0.08091   0.03285  -0.0308   0.1489   1.0000  99.0678 300.0000
  19.000   1.6979   0.08091   0.03285  -0.0308   0.1489   1.0000  99.0677 300.0000
  19.000   1.6979   0.08091   0.03285  -0.0308   0.1489   1.0000  99.0677 300.0000
  19.000   1.6979   0.08091   0.03285  -0.0308   0.1489   1.0000  99.0677 300.0000
  19.000   1.6979   0.08091   0.03285  -0.0308   0.1489   1.0000  99.0677 300.0000
