  
       XFOIL         Version 6.99
  
 Calculated polar for: WORTMANN FX 3 AIRFOIL                           
  
 1 1 Reynolds number fixed          Mach number fixed         
  
 xtrf =   1.000 (top)        1.000 (bottom)  
 Mach =   0.000     Re =     0.400 e 6     Ncrit =   9.000  9.000
  
   alpha    CL        CD       CDp       CM     Top_Xtr  Bot_Xtr  Top_Itr  Bot_Itr
  ------ -------- --------- --------- -------- -------- -------- -------- --------
   0.000  -0.0410   0.04168   0.02822  -0.0355   0.7708   0.7381  38.6106 257.9264
   0.000  -0.0410   0.04168   0.02822  -0.0355   0.7708   0.7381  38.6107 257.9260
   0.000  -0.0410   0.04168   0.02822  -0.0355   0.7708   0.7381  38.6107 257.9260
   0.000  -0.0410   0.04168   0.02822  -0.0355   0.7708   0.7381  38.6107 257.9260
   0.000  -0.0410   0.04168   0.02822  -0.0355   0.7708   0.7381  38.6107 257.9260
   1.000   0.0055   0.04252   0.02761  -0.0145   0.7611   0.7923  39.9869 264.1107
   1.000   0.0055   0.04252   0.02761  -0.0145   0.7611   0.7923  39.9868 264.1110
   1.000   0.0055   0.04252   0.02761  -0.0145   0.7611   0.7923  39.9868 264.1109
   1.000   0.0055   0.04252   0.02761  -0.0145   0.7611   0.7923  39.9868 264.1109
   3.000   0.1869   0.03944   0.02308  -0.0101   0.7354   0.8294  43.7161 268.3411
   3.000   0.1869   0.03944   0.02308  -0.0101   0.7354   0.8294  43.7160 268.3409
   3.000   0.1869   0.03944   0.02308  -0.0101   0.7354   0.8294  43.7160 268.3409
   3.000   0.1869   0.03944   0.02308  -0.0101   0.7354   0.8294  43.7160 268.3409
   3.000   0.1869   0.03944   0.02308  -0.0101   0.7354   0.8294  43.7160 268.3409
   4.000   0.2937   0.03762   0.02037  -0.0106   0.7269   0.8528  44.9208 271.1104
   4.000   0.2937   0.03762   0.02037  -0.0106   0.7269   0.8528  44.9206 271.1114
   4.000   0.2937   0.03762   0.02037  -0.0106   0.7269   0.8528  44.9206 271.1113
   6.000   0.6843   0.03478   0.01782  -0.0616   0.7059   0.7814  47.7450 262.8868
   6.000   0.6843   0.03478   0.01782  -0.0616   0.7059   0.7814  47.7450 262.8868
   6.000   0.6843   0.03478   0.01782  -0.0616   0.7059   0.7814  47.7450 262.8869
   6.000   0.6843   0.03478   0.01782  -0.0616   0.7059   0.7814  47.7450 262.8869
   6.000   0.6843   0.03478   0.01782  -0.0616   0.7059   0.7814  47.7450 262.8869
   8.000   1.0191   0.02647   0.00876  -0.0850   0.6090   0.7696  59.1226 261.5538
   8.000   1.0191   0.02647   0.00876  -0.0850   0.6090   0.7696  59.1199 261.5545
   8.000   1.0191   0.02647   0.00876  -0.0850   0.6090   0.7696  59.1198 261.5545
   8.000   1.0191   0.02647   0.00876  -0.0850   0.6090   0.7696  59.1198 261.5545
   8.000   1.0191   0.02647   0.00876  -0.0850   0.6090   0.7696  59.1198 261.5545
   9.000   1.0633   0.03058   0.00953  -0.0801   0.3892   0.7634  83.3995 260.8425
   9.000   1.0633   0.03058   0.00953  -0.0801   0.3892   0.7634  83.3999 260.8425
   9.000   1.0633   0.03058   0.00953  -0.0801   0.3892   0.7634  83.3998 260.8425
   9.000   1.0633   0.03058   0.00953  -0.0801   0.3892   0.7634  83.3998 260.8425
   9.000   1.0633   0.03058   0.00953  -0.0801   0.3892   0.7634  83.3998 260.8425
  10.000   1.0781   0.03690   0.01259  -0.0712   0.1608   0.7604 109.2924 260.5057
  10.000   1.0781   0.03690   0.01259  -0.0712   0.1608   0.7604 109.2922 260.5058
  10.000   1.0781   0.03690   0.01259  -0.0712   0.1608   0.7604 109.2922 260.5058
  10.000   1.0781   0.03690   0.01259  -0.0712   0.1608   0.7604 109.2922 260.5058
  10.000   1.0781   0.03690   0.01259  -0.0712   0.1608   0.7604 109.2922 260.5058
  11.000   1.1374   0.04158   0.01484  -0.0696   0.0754   0.7579 120.0227 260.2114
  11.000   1.1374   0.04159   0.01484  -0.0696   0.0754   0.7579 120.0235 260.2113
  11.000   1.1374   0.04159   0.01484  -0.0696   0.0754   0.7579 120.0236 260.2113
  11.000   1.1374   0.04159   0.01484  -0.0696   0.0754   0.7579 120.0236 260.2113
  11.000   1.1374   0.04159   0.01484  -0.0696   0.0754   0.7579 120.0236 260.2113
  12.000   1.1872   0.04737   0.01788  -0.0668   0.0288   0.7556 128.7598 259.9510
  12.000   1.1872   0.04737   0.01788  -0.0668   0.0288   0.7556 128.7598 259.9511
  12.000   1.1872   0.04737   0.01788  -0.0668   0.0288   0.7556 128.7598 259.9510
  12.000   1.1872   0.04737   0.01788  -0.0668   0.0288   0.7556 128.7598 259.9510
  12.000   1.1872   0.04737   0.01788  -0.0668   0.0288   0.7556 128.7598 259.9510
  13.000   1.2266   0.05378   0.02202  -0.0628   0.0226   0.7544 130.7595 259.8121
  13.000   1.2266   0.05378   0.02202  -0.0628   0.0226   0.7544 130.7594 259.8120
  13.000   1.2266   0.05378   0.02202  -0.0628   0.0226   0.7544 130.7594 259.8121
  13.000   1.2266   0.05378   0.02202  -0.0628   0.0226   0.7544 130.7594 259.8121
  13.000   1.2266   0.05378   0.02202  -0.0628   0.0226   0.7544 130.7594 259.8121
  14.000   1.2556   0.06167   0.02751  -0.0590   0.0193   0.7534 131.9814 259.7040
  14.000   1.2556   0.06167   0.02751  -0.0590   0.0193   0.7534 131.9813 259.7038
  14.000   1.2556   0.06167   0.02751  -0.0590   0.0193   0.7534 131.9813 259.7038
  14.000   1.2556   0.06167   0.02751  -0.0590   0.0193   0.7534 131.9813 259.7039
  14.000   1.2556   0.06167   0.02751  -0.0590   0.0193   0.7534 131.9813 259.7039
  15.000   1.2904   0.06939   0.03286  -0.0565   0.0170   0.7525 132.9605 259.5961
  15.000   1.2904   0.06939   0.03286  -0.0565   0.0170   0.7525 132.9605 259.5962
  15.000   1.2904   0.06939   0.03286  -0.0565   0.0170   0.7525 132.9605 259.5961
  15.000   1.2904   0.06939   0.03286  -0.0565   0.0170   0.7525 132.9605 259.5961
  15.000   1.2904   0.06939   0.03286  -0.0565   0.0170   0.7525 132.9605 259.5961
  16.000   1.3272   0.07728   0.03857  -0.0550   0.0153   0.7515 133.7740 259.4865
  16.000   1.3272   0.07728   0.03857  -0.0550   0.0153   0.7515 133.7738 259.4866
  16.000   1.3272   0.07728   0.03857  -0.0550   0.0153   0.7515 133.7738 259.4865
  16.000   1.3272   0.07728   0.03857  -0.0550   0.0153   0.7515 133.7738 259.4866
  16.000   1.3272   0.07728   0.03857  -0.0550   0.0153   0.7515 133.7738 259.4866
  17.000   1.3584   0.08601   0.04551  -0.0540   0.0139   0.7508 134.4560 259.3974
  17.000   1.3584   0.08602   0.04551  -0.0540   0.0139   0.7508 134.4561 259.3974
  17.000   1.3584   0.08602   0.04551  -0.0540   0.0139   0.7508 134.4561 259.3974
  17.000   1.3584   0.08602   0.04551  -0.0540   0.0139   0.7508 134.4561 259.3973
  17.000   1.3584   0.08602   0.04551  -0.0540   0.0139   0.7508 134.4561 259.3973
  18.000   1.3941   0.09414   0.05232  -0.0539   0.0129   0.7502 135.0137 259.3300
  18.000   1.3941   0.09414   0.05232  -0.0539   0.0129   0.7502 135.0137 259.3301
  18.000   1.3941   0.09414   0.05232  -0.0539   0.0129   0.7502 135.0137 259.3301
  18.000   1.3941   0.09414   0.05232  -0.0539   0.0129   0.7502 135.0137 259.3301
  18.000   1.3941   0.09414   0.05232  -0.0539   0.0129   0.7502 135.0137 259.3301
  19.000   1.3725   0.11090   0.07157  -0.0569   0.0124   0.7495 135.2891 259.2552
  19.000   1.3725   0.11090   0.07157  -0.0569   0.0124   0.7495 135.2892 259.2550
  19.000   1.3725   0.11090   0.07157  -0.0569   0.0124   0.7495 135.2892 259.2550
  19.000   1.3725   0.11090   0.07157  -0.0569   0.0124   0.7495 135.2892 259.2550
  19.000   1.3725   0.11090   0.07157  -0.0569   0.0124   0.7495 135.2892 259.2550
