  
       XFOIL         Version 6.99
  
 Calculated polar for: WORTMANN FX 3 AIRFOIL                           
  
 1 1 Reynolds number fixed          Mach number fixed         
  
 xtrf =   1.000 (top)        1.000 (bottom)  
 Mach =   0.000     Re =     0.550 e 6     Ncrit =   9.000  9.000
  
   alpha    CL        CD       CDp       CM     Top_Xtr  Bot_Xtr  Top_Itr  Bot_Itr
  ------ -------- --------- --------- -------- -------- -------- -------- --------
   0.000   0.0525   0.03695   0.02472  -0.0554   0.7690   0.7162  38.8555 255.3067
   0.000   0.0525   0.03695   0.02472  -0.0554   0.7690   0.7162  38.8557 255.3062
   0.000   0.0525   0.03695   0.02472  -0.0554   0.7690   0.7162  38.8557 255.3062
   0.000   0.0525   0.03695   0.02472  -0.0554   0.7690   0.7162  38.8557 255.3062
   0.000   0.0525   0.03695   0.02472  -0.0554   0.7690   0.7162  38.8557 255.3062
   1.000   0.1761   0.03664   0.02375  -0.0602   0.7616   0.7306  39.9045 257.0350
   1.000   0.1761   0.03664   0.02375  -0.0602   0.7616   0.7306  39.9044 257.0350
   1.000   0.1761   0.03664   0.02375  -0.0602   0.7616   0.7306  39.9044 257.0350
   1.000   0.1761   0.03664   0.02375  -0.0602   0.7616   0.7306  39.9044 257.0350
   1.000   0.1761   0.03664   0.02375  -0.0602   0.7616   0.7306  39.9044 257.0350
   2.000   0.2156   0.03697   0.02316  -0.0410   0.7489   0.7661  41.7629 261.1493
   2.000   0.2156   0.03697   0.02316  -0.0410   0.7489   0.7661  41.7627 261.1494
   2.000   0.2156   0.03697   0.02316  -0.0410   0.7489   0.7661  41.7627 261.1494
   2.000   0.2156   0.03697   0.02316  -0.0410   0.7489   0.7661  41.7627 261.1494
   2.000   0.2156   0.03697   0.02316  -0.0410   0.7489   0.7661  41.7627 261.1494
   5.000   0.6574   0.03222   0.01717  -0.0760   0.7270   0.7553  44.9093 259.9214
   5.000   0.6574   0.03222   0.01717  -0.0760   0.7270   0.7553  44.9094 259.9212
   5.000   0.6574   0.03222   0.01717  -0.0760   0.7270   0.7553  44.9094 259.9212
   5.000   0.6574   0.03222   0.01717  -0.0760   0.7270   0.7553  44.9094 259.9212
   5.000   0.6574   0.03222   0.01717  -0.0760   0.7270   0.7553  44.9094 259.9212
   6.000   0.7795   0.02994   0.01448  -0.0804   0.7053   0.7528  47.8247 259.6313
   6.000   0.7795   0.02994   0.01448  -0.0804   0.7053   0.7528  47.8246 259.6315
   6.000   0.7795   0.02994   0.01448  -0.0804   0.7053   0.7528  47.8246 259.6315
   6.000   0.7795   0.02994   0.01448  -0.0804   0.7053   0.7528  47.8246 259.6315
   6.000   0.7795   0.02994   0.01448  -0.0804   0.7053   0.7528  47.8246 259.6315
   7.000   0.9408   0.02740   0.01144  -0.0934   0.6693   0.7447  52.2586 258.6960
   7.000   0.9408   0.02740   0.01144  -0.0934   0.6693   0.7447  52.2583 258.6961
   7.000   0.9408   0.02740   0.01144  -0.0934   0.6693   0.7447  52.2583 258.6961
   7.000   0.9408   0.02740   0.01144  -0.0934   0.6693   0.7447  52.2583 258.6961
   7.000   0.9408   0.02740   0.01144  -0.0934   0.6693   0.7447  52.2583 258.6961
   8.000   1.0609   0.02588   0.00806  -0.0973   0.4928   0.7410  71.9764 258.2577
   8.000   1.0609   0.02588   0.00806  -0.0973   0.4928   0.7410  71.9767 258.2575
   8.000   1.0609   0.02588   0.00806  -0.0973   0.4928   0.7410  71.9767 258.2575
   8.000   1.0609   0.02588   0.00806  -0.0973   0.4928   0.7410  71.9767 258.2575
   8.000   1.0609   0.02588   0.00806  -0.0973   0.4928   0.7410  71.9767 258.2575
   9.000   1.0756   0.03185   0.01041  -0.0878   0.2527   0.7378  98.6628 257.8914
   9.000   1.0756   0.03185   0.01041  -0.0878   0.2527   0.7378  98.6649 257.8911
   9.000   1.0756   0.03185   0.01041  -0.0878   0.2527   0.7378  98.6653 257.8911
   9.000   1.0756   0.03185   0.01041  -0.0878   0.2527   0.7378  98.6653 257.8911
   9.000   1.0756   0.03185   0.01041  -0.0878   0.2527   0.7378  98.6653 257.8911
  10.000   1.1191   0.03640   0.01235  -0.0820   0.1048   0.7368 116.1118 257.7700
  10.000   1.1191   0.03640   0.01235  -0.0820   0.1048   0.7368 116.1117 257.7700
  10.000   1.1191   0.03640   0.01235  -0.0820   0.1048   0.7368 116.1118 257.7700
  10.000   1.1191   0.03640   0.01235  -0.0820   0.1048   0.7368 116.1118 257.7700
  10.000   1.1191   0.03640   0.01235  -0.0820   0.1048   0.7368 116.1118 257.7700
  11.000   1.1764   0.04063   0.01423  -0.0787   0.0375   0.7354 126.5408 257.6052
  11.000   1.1764   0.04063   0.01423  -0.0787   0.0375   0.7354 126.5410 257.6052
  11.000   1.1764   0.04063   0.01423  -0.0787   0.0375   0.7354 126.5410 257.6051
  11.000   1.1764   0.04063   0.01423  -0.0787   0.0375   0.7354 126.5410 257.6051
  11.000   1.1764   0.04063   0.01423  -0.0787   0.0375   0.7354 126.5410 257.6051
  12.000   1.2268   0.04580   0.01706  -0.0749   0.0219   0.7341 130.9947 257.4556
  12.000   1.2268   0.04580   0.01706  -0.0749   0.0219   0.7341 130.9947 257.4555
  12.000   1.2268   0.04580   0.01706  -0.0749   0.0219   0.7341 130.9947 257.4555
  12.000   1.2268   0.04580   0.01706  -0.0749   0.0219   0.7341 130.9947 257.4555
  12.000   1.2268   0.04580   0.01706  -0.0749   0.0219   0.7341 130.9947 257.4555
  13.000   1.2738   0.05155   0.02061  -0.0713   0.0178   0.7334 132.6431 257.3644
  13.000   1.2738   0.05155   0.02061  -0.0713   0.0178   0.7334 132.6431 257.3644
  13.000   1.2738   0.05155   0.02061  -0.0713   0.0178   0.7334 132.6431 257.3645
  13.000   1.2738   0.05155   0.02061  -0.0713   0.0178   0.7334 132.6431 257.3645
  13.000   1.2738   0.05155   0.02061  -0.0713   0.0178   0.7334 132.6431 257.3645
  14.000   1.3097   0.05868   0.02541  -0.0677   0.0154   0.7325 133.7458 257.2678
  14.000   1.3097   0.05868   0.02541  -0.0677   0.0154   0.7325 133.7457 257.2678
  14.000   1.3097   0.05868   0.02541  -0.0677   0.0154   0.7325 133.7457 257.2678
  14.000   1.3097   0.05868   0.02541  -0.0677   0.0154   0.7325 133.7457 257.2678
  14.000   1.3097   0.05868   0.02541  -0.0677   0.0154   0.7325 133.7457 257.2678
  15.000   1.3395   0.06686   0.03122  -0.0646   0.0137   0.7318 134.6107 257.1769
  15.000   1.3395   0.06686   0.03122  -0.0646   0.0137   0.7318 134.6107 257.1769
  15.000   1.3395   0.06686   0.03122  -0.0646   0.0137   0.7318 134.6107 257.1769
  15.000   1.3395   0.06686   0.03122  -0.0646   0.0137   0.7318 134.6107 257.1769
  15.000   1.3395   0.06686   0.03122  -0.0646   0.0137   0.7318 134.6107 257.1769
  16.000   1.3640   0.07594   0.03800  -0.0623   0.0124   0.7312 135.2957 257.1094
  16.000   1.3640   0.07594   0.03800  -0.0623   0.0124   0.7312 135.2956 257.1094
  16.000   1.3640   0.07594   0.03800  -0.0623   0.0124   0.7312 135.2956 257.1094
  16.000   1.3640   0.07594   0.03800  -0.0623   0.0124   0.7312 135.2956 257.1095
  16.000   1.3640   0.07594   0.03800  -0.0623   0.0124   0.7312 135.2956 257.1095
  17.000   1.3865   0.08552   0.04562  -0.0612   0.0113   0.7308 135.9150 257.0592
  17.000   1.3865   0.08552   0.04562  -0.0612   0.0113   0.7308 135.9150 257.0592
  17.000   1.3865   0.08552   0.04562  -0.0612   0.0113   0.7308 135.9150 257.0592
  17.000   1.3865   0.08552   0.04562  -0.0612   0.0113   0.7308 135.9150 257.0592
  17.000   1.3865   0.08552   0.04562  -0.0612   0.0113   0.7308 135.9150 257.0592
  18.000   1.3991   0.09673   0.05576  -0.0611   0.0106   0.7305 136.3951 257.0263
  18.000   1.3991   0.09673   0.05576  -0.0611   0.0106   0.7305 136.3950 257.0263
  18.000   1.3991   0.09672   0.05576  -0.0611   0.0106   0.7305 136.3950 257.0264
  18.000   1.3991   0.09672   0.05576  -0.0611   0.0106   0.7305 136.3950 257.0264
  18.000   1.3991   0.09672   0.05576  -0.0611   0.0106   0.7305 136.3950 257.0264
  19.000   1.4079   0.10888   0.06820  -0.0632   0.0099   0.7305 136.8152 257.0247
  19.000   1.4079   0.10888   0.06820  -0.0632   0.0099   0.7305 136.8150 257.0248
  19.000   1.4079   0.10888   0.06820  -0.0632   0.0099   0.7305 136.8150 257.0248
  19.000   1.4079   0.10888   0.06820  -0.0632   0.0099   0.7305 136.8150 257.0249
  19.000   1.4079   0.10888   0.06820  -0.0632   0.0099   0.7305 136.8150 257.0249
