  
       XFOIL         Version 6.99
  
 Calculated polar for: NACA 0024                                       
  
 1 1 Reynolds number fixed          Mach number fixed         
  
 xtrf =   1.000 (top)        1.000 (bottom)  
 Mach =   0.000     Re =     0.550 e 6     Ncrit =   9.000  9.000
  
   alpha    CL        CD       CDp       CM     Top_Xtr  Bot_Xtr  Top_Itr  Bot_Itr
  ------ -------- --------- --------- -------- -------- -------- -------- --------
   0.000   0.0000   0.01022   0.00179  -0.0000   0.5336   0.5336  54.8484 246.1514
   0.000   0.0000   0.01022   0.00179  -0.0000   0.5336   0.5336  54.8484 246.1516
   0.000  -0.0000   0.01022   0.00179  -0.0000   0.5336   0.5336  54.8484 246.1516
   0.000  -0.0000   0.01022   0.00179  -0.0000   0.5336   0.5336  54.8484 246.1516
   0.000  -0.0000   0.01022   0.00179  -0.0000   0.5336   0.5336  54.8484 246.1516
   1.000   0.0994   0.01025   0.00180   0.0028   0.4938   0.5757  57.8076 249.2344
   1.000   0.0994   0.01025   0.00180   0.0028   0.4938   0.5757  57.8076 249.2346
   1.000   0.0994   0.01025   0.00180   0.0028   0.4938   0.5757  57.8076 249.2347
   1.000   0.0994   0.01025   0.00180   0.0028   0.4938   0.5757  57.8076 249.2347
   1.000   0.0994   0.01025   0.00180   0.0028   0.4938   0.5757  57.8076 249.2347
   2.000   0.1984   0.01035   0.00184   0.0056   0.4560   0.6204  60.6836 252.4581
   2.000   0.1984   0.01035   0.00184   0.0056   0.4560   0.6204  60.6837 252.4578
   2.000   0.1984   0.01035   0.00184   0.0056   0.4560   0.6204  60.6837 252.4578
   2.000   0.1984   0.01035   0.00184   0.0056   0.4560   0.6204  60.6837 252.4578
   2.000   0.1984   0.01035   0.00184   0.0056   0.4560   0.6204  60.6837 252.4578
   3.000   0.2964   0.01055   0.00190   0.0086   0.4201   0.6676  63.4851 255.8431
   3.000   0.2964   0.01055   0.00190   0.0086   0.4201   0.6677  63.4851 255.8438
   3.000   0.2964   0.01055   0.00190   0.0086   0.4201   0.6677  63.4851 255.8438
   3.000   0.2964   0.01055   0.00190   0.0086   0.4201   0.6677  63.4851 255.8438
   3.000   0.2964   0.01055   0.00190   0.0086   0.4201   0.6677  63.4851 255.8438
   4.000   0.3923   0.01084   0.00201   0.0120   0.3861   0.7165  66.2177 259.3462
   4.000   0.3923   0.01084   0.00201   0.0120   0.3861   0.7165  66.2177 259.3462
   4.000   0.3923   0.01084   0.00201   0.0120   0.3861   0.7165  66.2177 259.3462
   4.000   0.3923   0.01084   0.00201   0.0120   0.3861   0.7165  66.2177 259.3462
   4.000   0.3923   0.01084   0.00201   0.0120   0.3861   0.7165  66.2177 259.3462
   5.000   0.4851   0.01127   0.00214   0.0158   0.3532   0.7676  68.9450 263.0810
   5.000   0.4851   0.01127   0.00214   0.0158   0.3532   0.7676  68.9450 263.0810
   5.000   0.4851   0.01127   0.00214   0.0158   0.3532   0.7676  68.9450 263.0810
   5.000   0.4851   0.01127   0.00214   0.0158   0.3532   0.7676  68.9450 263.0810
   5.000   0.4851   0.01127   0.00214   0.0158   0.3532   0.7676  68.9450 263.0810
   6.000   0.5711   0.01178   0.00231   0.0209   0.3223   0.8192  71.6066 267.0890
   6.000   0.5711   0.01178   0.00231   0.0209   0.3223   0.8192  71.6065 267.0891
   6.000   0.5711   0.01178   0.00231   0.0209   0.3223   0.8192  71.6065 267.0891
   6.000   0.5711   0.01178   0.00231   0.0209   0.3223   0.8192  71.6065 267.0891
   6.000   0.5711   0.01178   0.00231   0.0209   0.3223   0.8192  71.6065 267.0891
   7.000   0.6545   0.01262   0.00264   0.0262   0.2938   0.8693  74.1759 271.6377
   7.000   0.6545   0.01262   0.00264   0.0262   0.2938   0.8693  74.1762 271.6384
   7.000   0.6545   0.01262   0.00264   0.0262   0.2938   0.8693  74.1762 271.6384
   7.000   0.6545   0.01262   0.00264   0.0262   0.2938   0.8693  74.1762 271.6384
   7.000   0.6545   0.01262   0.00264   0.0262   0.2938   0.8693  74.1762 271.6384
   8.000   0.7345   0.01375   0.00310   0.0318   0.2668   0.9168  76.7225 277.4478
   8.000   0.7345   0.01375   0.00310   0.0318   0.2668   0.9168  76.7227 277.4511
   8.000   0.7345   0.01375   0.00310   0.0318   0.2668   0.9168  76.7227 277.4511
   8.000   0.7345   0.01375   0.00310   0.0318   0.2668   0.9168  76.7227 277.4511
   8.000   0.7345   0.01375   0.00310   0.0318   0.2668   0.9168  76.7227 277.4511
   9.000   0.8102   0.01529   0.00371   0.0377   0.2423   0.9595  79.1636 285.7485
   9.000   0.8102   0.01529   0.00371   0.0377   0.2423   0.9595  79.1636 285.7490
   9.000   0.8102   0.01529   0.00371   0.0377   0.2423   0.9595  79.1636 285.7490
   9.000   0.8102   0.01529   0.00371   0.0377   0.2423   0.9595  79.1636 285.7490
   9.000   0.8102   0.01529   0.00371   0.0377   0.2423   0.9595  79.1636 285.7490
  10.000   0.9218   0.01746   0.00470   0.0348   0.2167   0.9821  81.8809 292.5166
  10.000   0.9218   0.01746   0.00470   0.0348   0.2167   0.9821  81.8809 292.5166
  10.000   0.9218   0.01746   0.00470   0.0348   0.2167   0.9821  81.8809 292.5166
  10.000   0.9218   0.01746   0.00470   0.0348   0.2167   0.9821  81.8809 292.5166
  10.000   0.9218   0.01746   0.00470   0.0348   0.2167   0.9821  81.8809 292.5166
  11.000   1.0480   0.02009   0.00599   0.0276   0.1923   0.9932  84.6833 296.8145
  11.000   1.0480   0.02009   0.00599   0.0276   0.1923   0.9932  84.6831 296.8198
  11.000   1.0480   0.02009   0.00599   0.0276   0.1923   0.9932  84.6831 296.8199
  11.000   1.0480   0.02009   0.00599   0.0276   0.1923   0.9932  84.6831 296.8199
  11.000   1.0480   0.02009   0.00599   0.0276   0.1923   0.9932  84.6831 296.8199
  12.000   1.1263   0.02310   0.00727   0.0275   0.1733   1.0000  87.0459 300.0000
  12.000   1.1263   0.02310   0.00727   0.0275   0.1733   1.0000  87.0461 300.0000
  12.000   1.1263   0.02310   0.00727   0.0275   0.1733   1.0000  87.0461 300.0000
  12.000   1.1263   0.02310   0.00727   0.0275   0.1733   1.0000  87.0461 300.0000
  12.000   1.1263   0.02310   0.00727   0.0275   0.1733   1.0000  87.0461 300.0000
  13.000   1.1285   0.02622   0.00825   0.0403   0.1600   1.0000  88.8186 300.0000
  13.000   1.1285   0.02622   0.00825   0.0403   0.1600   1.0000  88.8187 300.0000
  13.000   1.1285   0.02622   0.00825   0.0403   0.1600   1.0000  88.8187 300.0000
  13.000   1.1285   0.02622   0.00825   0.0403   0.1600   1.0000  88.8187 300.0000
  13.000   1.1285   0.02622   0.00825   0.0403   0.1600   1.0000  88.8187 300.0000
  14.000   1.1561   0.03089   0.01045   0.0461   0.1466   1.0000  90.7271 300.0000
  14.000   1.1561   0.03089   0.01045   0.0461   0.1466   1.0000  90.7270 300.0000
  14.000   1.1561   0.03089   0.01045   0.0461   0.1466   1.0000  90.7270 300.0000
  14.000   1.1561   0.03089   0.01045   0.0461   0.1466   1.0000  90.7270 300.0000
  14.000   1.1561   0.03089   0.01045   0.0461   0.1466   1.0000  90.7270 300.0000
  15.000   1.1855   0.03706   0.01379   0.0488   0.1345   1.0000  92.5813 300.0000
  15.000   1.1855   0.03706   0.01379   0.0488   0.1345   1.0000  92.5813 300.0000
  15.000   1.1855   0.03706   0.01379   0.0488   0.1345   1.0000  92.5812 300.0000
  15.000   1.1855   0.03706   0.01379   0.0488   0.1345   1.0000  92.5812 300.0000
  15.000   1.1855   0.03706   0.01379   0.0488   0.1345   1.0000  92.5812 300.0000
  16.000   1.2067   0.04484   0.01835   0.0498   0.1240   1.0000  94.2882 300.0000
  16.000   1.2067   0.04484   0.01835   0.0498   0.1240   1.0000  94.2879 300.0000
  16.000   1.2067   0.04484   0.01835   0.0498   0.1240   1.0000  94.2878 300.0000
  16.000   1.2067   0.04484   0.01835   0.0498   0.1240   1.0000  94.2878 300.0000
  16.000   1.2067   0.04484   0.01835   0.0498   0.1240   1.0000  94.2878 300.0000
  17.000   1.2190   0.05417   0.02418   0.0495   0.1149   1.0000  95.8806 300.0000
  17.000   1.2189   0.05417   0.02418   0.0495   0.1149   1.0000  95.8805 300.0000
  17.000   1.2189   0.05417   0.02418   0.0495   0.1149   1.0000  95.8805 300.0000
  17.000   1.2189   0.05417   0.02418   0.0495   0.1149   1.0000  95.8805 300.0000
  17.000   1.2189   0.05417   0.02418   0.0495   0.1149   1.0000  95.8805 300.0000
  18.000   1.2256   0.06466   0.03107   0.0481   0.1068   1.0000  97.3964 300.0000
  18.000   1.2256   0.06466   0.03107   0.0481   0.1068   1.0000  97.3962 300.0000
  18.000   1.2256   0.06466   0.03107   0.0481   0.1068   1.0000  97.3962 300.0000
  18.000   1.2256   0.06466   0.03107   0.0481   0.1068   1.0000  97.3962 300.0000
  18.000   1.2256   0.06466   0.03107   0.0481   0.1068   1.0000  97.3962 300.0000
  19.000   1.2249   0.07643   0.03922   0.0455   0.0995   1.0000  98.8194 300.0000
  19.000   1.2249   0.07643   0.03922   0.0455   0.0995   1.0000  98.8193 300.0000
  19.000   1.2249   0.07643   0.03922   0.0455   0.0995   1.0000  98.8193 300.0000
  19.000   1.2249   0.07643   0.03922   0.0455   0.0995   1.0000  98.8193 300.0000
  19.000   1.2249   0.07643   0.03922   0.0455   0.0995   1.0000  98.8193 300.0000
