  
       XFOIL         Version 6.99
  
 Calculated polar for: NACA 0024                                       
  
 1 1 Reynolds number fixed          Mach number fixed         
  
 xtrf =   1.000 (top)        1.000 (bottom)  
 Mach =   0.000     Re =     0.325 e 6     Ncrit =   9.000  9.000
  
   alpha    CL        CD       CDp       CM     Top_Xtr  Bot_Xtr  Top_Itr  Bot_Itr
  ------ -------- --------- --------- -------- -------- -------- -------- --------
   0.000  -0.0000   0.01212   0.00278   0.0000   0.5764   0.5764  51.7160 249.2839
   0.000   0.0000   0.01212   0.00278  -0.0000   0.5764   0.5764  51.7160 249.2840
   0.000   0.0000   0.01212   0.00278  -0.0000   0.5764   0.5764  51.7160 249.2840
   0.000  -0.0000   0.01212   0.00278  -0.0000   0.5764   0.5764  51.7160 249.2840
   0.000  -0.0000   0.01212   0.00278  -0.0000   0.5764   0.5764  51.7160 249.2840
   1.000   0.0981   0.01217   0.00280   0.0031   0.5345   0.6206  54.7771 252.4742
   1.000   0.0981   0.01217   0.00280   0.0031   0.5345   0.6206  54.7771 252.4735
   1.000   0.0981   0.01217   0.00280   0.0031   0.5345   0.6206  54.7771 252.4735
   1.000   0.0981   0.01217   0.00280   0.0031   0.5345   0.6206  54.7771 252.4735
   1.000   0.0981   0.01217   0.00280   0.0031   0.5345   0.6206  54.7771 252.4735
   2.000   0.1957   0.01232   0.00286   0.0064   0.4948   0.6675  57.7356 255.8291
   2.000   0.1957   0.01232   0.00286   0.0064   0.4948   0.6675  57.7356 255.8292
   2.000   0.1957   0.01232   0.00286   0.0064   0.4948   0.6675  57.7356 255.8292
   2.000   0.1957   0.01232   0.00286   0.0064   0.4948   0.6675  57.7356 255.8292
   2.000   0.1957   0.01232   0.00286   0.0064   0.4948   0.6675  57.7356 255.8292
   3.000   0.2924   0.01256   0.00298   0.0098   0.4568   0.7156  60.6207 259.2802
   3.000   0.2924   0.01256   0.00298   0.0098   0.4568   0.7156  60.6208 259.2799
   3.000   0.2924   0.01256   0.00298   0.0098   0.4568   0.7156  60.6208 259.2799
   3.000   0.2924   0.01256   0.00298   0.0098   0.4568   0.7156  60.6208 259.2799
   3.000   0.2924   0.01256   0.00298   0.0098   0.4568   0.7156  60.6208 259.2799
   4.000   0.3869   0.01295   0.00313   0.0135   0.4209   0.7663  63.4213 262.9802
   4.000   0.3869   0.01295   0.00313   0.0135   0.4209   0.7663  63.4213 262.9803
   4.000   0.3869   0.01295   0.00313   0.0135   0.4209   0.7663  63.4213 262.9803
   4.000   0.3869   0.01295   0.00313   0.0135   0.4209   0.7663  63.4213 262.9803
   4.000   0.3869   0.01295   0.00313   0.0135   0.4209   0.7663  63.4213 262.9803
   5.000   0.4785   0.01352   0.00337   0.0178   0.3869   0.8162  66.1469 266.8475
   5.000   0.4785   0.01352   0.00337   0.0178   0.3869   0.8162  66.1469 266.8474
   5.000   0.4785   0.01352   0.00337   0.0178   0.3869   0.8162  66.1469 266.8474
   5.000   0.4785   0.01352   0.00337   0.0178   0.3869   0.8162  66.1469 266.8474
   5.000   0.4785   0.01352   0.00337   0.0178   0.3869   0.8162  66.1469 266.8474
   6.000   0.5643   0.01428   0.00369   0.0232   0.3543   0.8647  68.8565 271.1658
   6.000   0.5643   0.01428   0.00369   0.0232   0.3543   0.8647  68.8565 271.1659
   6.000   0.5643   0.01428   0.00369   0.0232   0.3543   0.8647  68.8565 271.1659
   6.000   0.5643   0.01428   0.00369   0.0232   0.3543   0.8647  68.8565 271.1659
   6.000   0.5643   0.01428   0.00369   0.0232   0.3543   0.8647  68.8565 271.1659
   7.000   0.6392   0.01530   0.00410   0.0306   0.3241   0.9107  71.4506 276.5636
   7.000   0.6392   0.01530   0.00410   0.0306   0.3241   0.9108  71.4504 276.5657
   7.000   0.6392   0.01530   0.00410   0.0306   0.3241   0.9108  71.4504 276.5657
   7.000   0.6392   0.01530   0.00410   0.0306   0.3241   0.9108  71.4504 276.5657
   7.000   0.6392   0.01530   0.00410   0.0306   0.3241   0.9108  71.4504 276.5657
   8.000   0.7253   0.01692   0.00479   0.0350   0.2953   0.9498  74.0290 283.4477
   8.000   0.7253   0.01692   0.00479   0.0350   0.2953   0.9498  74.0290 283.4477
   8.000   0.7253   0.01692   0.00479   0.0350   0.2953   0.9498  74.0290 283.4478
   8.000   0.7253   0.01692   0.00479   0.0350   0.2953   0.9498  74.0290 283.4478
   8.000   0.7253   0.01692   0.00479   0.0350   0.2953   0.9498  74.0290 283.4478
   9.000   0.8515   0.01905   0.00583   0.0299   0.2647   0.9720  76.9215 289.2155
   9.000   0.8515   0.01905   0.00583   0.0299   0.2647   0.9720  76.9216 289.2189
   9.000   0.8515   0.01905   0.00583   0.0299   0.2647   0.9720  76.9216 289.2189
   9.000   0.8515   0.01905   0.00583   0.0299   0.2647   0.9720  76.9216 289.2189
   9.000   0.8515   0.01905   0.00583   0.0299   0.2647   0.9720  76.9216 289.2189
  10.000   0.9847   0.02146   0.00700   0.0219   0.2358   0.9879  79.8382 294.6681
  10.000   0.9847   0.02146   0.00700   0.0219   0.2358   0.9879  79.8382 294.6684
  10.000   0.9847   0.02146   0.00700   0.0219   0.2358   0.9879  79.8382 294.6684
  10.000   0.9847   0.02146   0.00700   0.0219   0.2358   0.9879  79.8382 294.6684
  10.000   0.9847   0.02146   0.00700   0.0219   0.2358   0.9879  79.8382 294.6684
  11.000   1.0938   0.02415   0.00822   0.0169   0.2108   1.0000  82.5375 300.0000
  11.000   1.0938   0.02415   0.00822   0.0169   0.2108   1.0000  82.5374 300.0000
  11.000   1.0938   0.02415   0.00822   0.0169   0.2108   1.0000  82.5374 300.0000
  11.000   1.0938   0.02415   0.00822   0.0169   0.2108   1.0000  82.5374 300.0000
  11.000   1.0938   0.02415   0.00822   0.0169   0.2108   1.0000  82.5374 300.0000
  12.000   1.0729   0.02642   0.00851   0.0346   0.1969   1.0000  84.1268 300.0000
  12.000   1.0729   0.02642   0.00851   0.0346   0.1969   1.0000  84.1267 300.0000
  12.000   1.0729   0.02642   0.00851   0.0346   0.1969   1.0000  84.1267 300.0000
  12.000   1.0729   0.02642   0.00851   0.0346   0.1969   1.0000  84.1267 300.0000
  12.000   1.0729   0.02642   0.00851   0.0346   0.1969   1.0000  84.1267 300.0000
  13.000   1.0845   0.02993   0.00978   0.0449   0.1818   1.0000  85.9632 300.0000
  13.000   1.0845   0.02993   0.00978   0.0449   0.1818   1.0000  85.9631 300.0000
  13.000   1.0845   0.02993   0.00978   0.0449   0.1818   1.0000  85.9631 300.0000
  13.000   1.0845   0.02993   0.00978   0.0449   0.1818   1.0000  85.9631 300.0000
  13.000   1.0845   0.02993   0.00978   0.0449   0.1818   1.0000  85.9631 300.0000
  14.000   1.1114   0.03476   0.01212   0.0501   0.1669   1.0000  87.8850 300.0000
  14.000   1.1114   0.03476   0.01212   0.0501   0.1669   1.0000  87.8850 300.0000
  14.000   1.1114   0.03476   0.01212   0.0501   0.1669   1.0000  87.8850 300.0000
  14.000   1.1114   0.03476   0.01212   0.0501   0.1669   1.0000  87.8850 300.0000
  14.000   1.1114   0.03476   0.01212   0.0501   0.1669   1.0000  87.8850 300.0000
  15.000   1.1394   0.04086   0.01545   0.0528   0.1533   1.0000  89.7537 300.0000
  15.000   1.1394   0.04086   0.01545   0.0528   0.1533   1.0000  89.7538 300.0000
  15.000   1.1394   0.04086   0.01545   0.0528   0.1533   1.0000  89.7538 300.0000
  15.000   1.1394   0.04086   0.01545   0.0528   0.1533   1.0000  89.7538 300.0000
  15.000   1.1394   0.04086   0.01545   0.0528   0.1533   1.0000  89.7538 300.0000
  16.000   1.1635   0.04814   0.01969   0.0538   0.1413   1.0000  91.5163 300.0000
  16.000   1.1635   0.04814   0.01969   0.0538   0.1413   1.0000  91.5162 300.0000
  16.000   1.1635   0.04814   0.01969   0.0538   0.1413   1.0000  91.5162 300.0000
  16.000   1.1635   0.04814   0.01969   0.0538   0.1413   1.0000  91.5162 300.0000
  16.000   1.1635   0.04814   0.01969   0.0538   0.1413   1.0000  91.5162 300.0000
  17.000   1.1844   0.05632   0.02458   0.0537   0.1310   1.0000  93.1424 300.0000
  17.000   1.1843   0.05632   0.02458   0.0537   0.1310   1.0000  93.1422 300.0000
  17.000   1.1843   0.05632   0.02458   0.0537   0.1310   1.0000  93.1421 300.0000
  17.000   1.1843   0.05632   0.02458   0.0537   0.1310   1.0000  93.1421 300.0000
  17.000   1.1843   0.05632   0.02458   0.0537   0.1310   1.0000  93.1421 300.0000
  18.000   1.1984   0.06582   0.03072   0.0523   0.1214   1.0000  94.7435 300.0000
  18.000   1.1984   0.06582   0.03072   0.0523   0.1214   1.0000  94.7434 300.0000
  18.000   1.1984   0.06582   0.03072   0.0523   0.1214   1.0000  94.7434 300.0000
  18.000   1.1984   0.06582   0.03072   0.0523   0.1214   1.0000  94.7434 300.0000
  18.000   1.1984   0.06582   0.03072   0.0523   0.1214   1.0000  94.7434 300.0000
  19.000   1.2107   0.07585   0.03737   0.0501   0.1130   1.0000  96.2262 300.0000
  19.000   1.2107   0.07585   0.03737   0.0501   0.1130   1.0000  96.2260 300.0000
  19.000   1.2107   0.07585   0.03737   0.0501   0.1130   1.0000  96.2260 300.0000
  19.000   1.2107   0.07585   0.03737   0.0501   0.1130   1.0000  96.2260 300.0000
  19.000   1.2107   0.07585   0.03737   0.0501   0.1130   1.0000  96.2260 300.0000
