  
       XFOIL         Version 6.99
  
 Calculated polar for: NACA 0024                                       
  
 1 1 Reynolds number fixed          Mach number fixed         
  
 xtrf =   1.000 (top)        1.000 (bottom)  
 Mach =   0.000     Re =     0.475 e 6     Ncrit =   9.000  9.000
  
   alpha    CL        CD       CDp       CM     Top_Xtr  Bot_Xtr  Top_Itr  Bot_Itr
  ------ -------- --------- --------- -------- -------- -------- -------- --------
   1.000   0.0986   0.01072   0.00200   0.0030   0.5050   0.5879  56.9720 250.1154
   1.000   0.0986   0.01072   0.00200   0.0030   0.5050   0.5879  56.9720 250.1158
   1.000   0.0986   0.01072   0.00200   0.0030   0.5050   0.5879  56.9720 250.1158
   1.000   0.0986   0.01072   0.00200   0.0030   0.5050   0.5879  56.9720 250.1158
   1.000   0.0986   0.01072   0.00200   0.0030   0.5050   0.5879  56.9720 250.1158
   2.000   0.1968   0.01082   0.00205   0.0060   0.4665   0.6329  59.8765 253.3546
   2.000   0.1968   0.01082   0.00205   0.0060   0.4665   0.6329  59.8765 253.3548
   2.000   0.1968   0.01082   0.00205   0.0060   0.4665   0.6329  59.8765 253.3548
   2.000   0.1968   0.01082   0.00205   0.0060   0.4665   0.6329  59.8765 253.3548
   2.000   0.1968   0.01082   0.00205   0.0060   0.4665   0.6329  59.8765 253.3548
   3.000   0.2941   0.01102   0.00212   0.0091   0.4300   0.6807  62.7089 256.7745
   3.000   0.2941   0.01102   0.00212   0.0091   0.4300   0.6807  62.7089 256.7745
   3.000   0.2941   0.01102   0.00212   0.0091   0.4300   0.6807  62.7089 256.7745
   3.000   0.2941   0.01102   0.00212   0.0091   0.4300   0.6807  62.7089 256.7745
   3.000   0.2941   0.01102   0.00212   0.0091   0.4300   0.6807  62.7089 256.7745
   4.000   0.3896   0.01133   0.00224   0.0126   0.3954   0.7300  65.4645 260.3161
   4.000   0.3896   0.01133   0.00224   0.0126   0.3954   0.7300  65.4645 260.3160
   4.000   0.3896   0.01133   0.00224   0.0126   0.3954   0.7300  65.4645 260.3160
   4.000   0.3896   0.01133   0.00224   0.0126   0.3954   0.7300  65.4645 260.3160
   4.000   0.3896   0.01133   0.00224   0.0126   0.3954   0.7300  65.4645 260.3160
   5.000   0.4815   0.01178   0.00239   0.0166   0.3624   0.7812  68.1713 264.1007
   5.000   0.4815   0.01178   0.00239   0.0166   0.3624   0.7812  68.1713 264.1008
   5.000   0.4815   0.01178   0.00239   0.0166   0.3624   0.7812  68.1713 264.1008
   5.000   0.4815   0.01178   0.00239   0.0166   0.3624   0.7812  68.1713 264.1008
   5.000   0.4815   0.01178   0.00239   0.0166   0.3624   0.7812  68.1713 264.1008
   6.000   0.5660   0.01236   0.00259   0.0221   0.3311   0.8323  70.8388 268.1907
   6.000   0.5660   0.01236   0.00259   0.0221   0.3311   0.8323  70.8387 268.1906
   6.000   0.5660   0.01236   0.00259   0.0221   0.3311   0.8323  70.8387 268.1906
   6.000   0.5660   0.01236   0.00259   0.0221   0.3311   0.8323  70.8387 268.1906
   6.000   0.5660   0.01236   0.00259   0.0221   0.3311   0.8323  70.8387 268.1906
   7.000   0.6474   0.01322   0.00294   0.0278   0.3020   0.8824  73.4259 273.0254
   7.000   0.6474   0.01322   0.00294   0.0278   0.3020   0.8824  73.4259 273.0254
   7.000   0.6474   0.01322   0.00294   0.0278   0.3020   0.8824  73.4259 273.0254
   7.000   0.6474   0.01322   0.00294   0.0278   0.3020   0.8824  73.4259 273.0254
   7.000   0.6474   0.01322   0.00294   0.0278   0.3020   0.8824  73.4259 273.0254
   8.000   0.7236   0.01449   0.00345   0.0342   0.2750   0.9287  75.9278 279.3387
   8.000   0.7236   0.01449   0.00345   0.0342   0.2750   0.9287  75.9278 279.3386
   8.000   0.7236   0.01449   0.00345   0.0342   0.2750   0.9287  75.9278 279.3386
   8.000   0.7236   0.01449   0.00345   0.0342   0.2750   0.9287  75.9278 279.3386
   8.000   0.7236   0.01449   0.00345   0.0342   0.2750   0.9287  75.9278 279.3386
   9.000   0.8100   0.01617   0.00417   0.0378   0.2489   0.9662  78.4899 287.5352
   9.000   0.8100   0.01617   0.00417   0.0378   0.2489   0.9662  78.4899 287.5355
   9.000   0.8100   0.01617   0.00417   0.0378   0.2489   0.9662  78.4899 287.5355
   9.000   0.8100   0.01617   0.00417   0.0378   0.2489   0.9662  78.4899 287.5355
   9.000   0.8100   0.01617   0.00417   0.0378   0.2489   0.9662  78.4899 287.5355
  10.000   0.9344   0.01849   0.00529   0.0320   0.2221   0.9836  81.2887 293.0682
  10.000   0.9344   0.01849   0.00529   0.0320   0.2221   0.9836  81.2887 293.0683
  10.000   0.9344   0.01849   0.00529   0.0320   0.2221   0.9836  81.2887 293.0683
  10.000   0.9344   0.01849   0.00529   0.0320   0.2221   0.9836  81.2887 293.0683
  10.000   0.9344   0.01849   0.00529   0.0320   0.2221   0.9836  81.2887 293.0683
  12.000   1.1060   0.02403   0.00763   0.0302   0.1798   1.0000  86.2167 300.0000
  12.000   1.1060   0.02403   0.00763   0.0302   0.1798   1.0000  86.2164 300.0000
  12.000   1.1060   0.02403   0.00763   0.0302   0.1798   1.0000  86.2164 300.0000
  12.000   1.1060   0.02403   0.00763   0.0302   0.1798   1.0000  86.2164 300.0000
  12.000   1.1060   0.02403   0.00763   0.0302   0.1798   1.0000  86.2164 300.0000
  13.000   1.1100   0.02749   0.00884   0.0421   0.1661   1.0000  87.9810 300.0000
  13.000   1.1100   0.02749   0.00884   0.0421   0.1661   1.0000  87.9810 300.0000
  13.000   1.1100   0.02749   0.00884   0.0421   0.1661   1.0000  87.9810 300.0000
  13.000   1.1100   0.02749   0.00884   0.0421   0.1661   1.0000  87.9810 300.0000
  13.000   1.1100   0.02749   0.00884   0.0421   0.1661   1.0000  87.9810 300.0000
  14.000   1.1379   0.03234   0.01120   0.0474   0.1523   1.0000  89.9035 300.0000
  14.000   1.1379   0.03234   0.01120   0.0474   0.1523   1.0000  89.9035 300.0000
  14.000   1.1379   0.03234   0.01120   0.0474   0.1523   1.0000  89.9035 300.0000
  14.000   1.1379   0.03234   0.01120   0.0474   0.1523   1.0000  89.9035 300.0000
  14.000   1.1379   0.03234   0.01120   0.0474   0.1523   1.0000  89.9035 300.0000
  15.000   1.1668   0.03861   0.01465   0.0499   0.1397   1.0000  91.7728 300.0000
  15.000   1.1668   0.03861   0.01465   0.0499   0.1397   1.0000  91.7728 300.0000
  15.000   1.1668   0.03861   0.01465   0.0499   0.1397   1.0000  91.7728 300.0000
  15.000   1.1668   0.03861   0.01465   0.0499   0.1397   1.0000  91.7728 300.0000
  15.000   1.1668   0.03861   0.01465   0.0499   0.1397   1.0000  91.7728 300.0000
  16.000   1.1891   0.04632   0.01921   0.0508   0.1287   1.0000  93.5183 300.0000
  16.000   1.1891   0.04632   0.01921   0.0508   0.1287   1.0000  93.5184 300.0000
  16.000   1.1891   0.04632   0.01921   0.0508   0.1287   1.0000  93.5184 300.0000
  16.000   1.1891   0.04632   0.01921   0.0508   0.1287   1.0000  93.5184 300.0000
  16.000   1.1891   0.04632   0.01921   0.0508   0.1287   1.0000  93.5184 300.0000
  17.000   1.2019   0.05557   0.02499   0.0504   0.1193   1.0000  95.0967 300.0000
  17.000   1.2019   0.05557   0.02499   0.0504   0.1193   1.0000  95.0969 300.0000
  17.000   1.2019   0.05558   0.02499   0.0504   0.1193   1.0000  95.0969 300.0000
  17.000   1.2019   0.05558   0.02499   0.0504   0.1193   1.0000  95.0969 300.0000
  17.000   1.2019   0.05558   0.02499   0.0504   0.1193   1.0000  95.0969 300.0000
  18.000   1.2111   0.06584   0.03176   0.0488   0.1106   1.0000  96.6630 300.0000
  18.000   1.2111   0.06584   0.03176   0.0488   0.1106   1.0000  96.6627 300.0000
  18.000   1.2111   0.06584   0.03176   0.0488   0.1106   1.0000  96.6626 300.0000
  18.000   1.2111   0.06584   0.03176   0.0488   0.1106   1.0000  96.6626 300.0000
  18.000   1.2111   0.06584   0.03176   0.0488   0.1106   1.0000  96.6626 300.0000
  19.000   1.2145   0.07707   0.03944   0.0464   0.1032   1.0000  98.0804 300.0000
  19.000   1.2145   0.07707   0.03944   0.0464   0.1032   1.0000  98.0802 300.0000
  19.000   1.2145   0.07707   0.03944   0.0464   0.1032   1.0000  98.0802 300.0000
  19.000   1.2145   0.07707   0.03944   0.0464   0.1032   1.0000  98.0802 300.0000
  19.000   1.2145   0.07707   0.03944   0.0464   0.1032   1.0000  98.0802 300.0000
