  
       XFOIL         Version 6.99
  
 Calculated polar for: NACA 0024                                       
  
 1 1 Reynolds number fixed          Mach number fixed         
  
 xtrf =   1.000 (top)        1.000 (bottom)  
 Mach =   0.000     Re =     0.425 e 6     Ncrit =   9.000  9.000
  
   alpha    CL        CD       CDp       CM     Top_Xtr  Bot_Xtr  Top_Itr  Bot_Itr
  ------ -------- --------- --------- -------- -------- -------- -------- --------
   0.000  -0.0000   0.01104   0.00218   0.0000   0.5540   0.5540  53.3477 247.6523
   0.000   0.0000   0.01104   0.00218  -0.0000   0.5540   0.5540  53.3477 247.6523
   0.000   0.0000   0.01104   0.00218  -0.0000   0.5540   0.5540  53.3477 247.6523
   0.000   0.0000   0.01104   0.00218  -0.0000   0.5540   0.5540  53.3477 247.6523
   0.000   0.0000   0.01104   0.00218  -0.0000   0.5540   0.5540  53.3477 247.6523
   1.000   0.0984   0.01108   0.00220   0.0030   0.5132   0.5974  56.3553 250.8023
   1.000   0.0984   0.01108   0.00220   0.0030   0.5132   0.5974  56.3553 250.8024
   1.000   0.0984   0.01108   0.00220   0.0030   0.5132   0.5974  56.3553 250.8024
   1.000   0.0984   0.01108   0.00220   0.0030   0.5132   0.5974  56.3553 250.8024
   1.000   0.0984   0.01108   0.00220   0.0030   0.5132   0.5974  56.3553 250.8024
   2.000   0.1963   0.01121   0.00224   0.0061   0.4747   0.6429  59.2557 254.0765
   2.000   0.1963   0.01121   0.00224   0.0061   0.4747   0.6429  59.2557 254.0765
   2.000   0.1963   0.01121   0.00224   0.0061   0.4747   0.6429  59.2557 254.0765
   2.000   0.1963   0.01121   0.00224   0.0061   0.4747   0.6429  59.2557 254.0765
   2.000   0.1963   0.01121   0.00224   0.0061   0.4747   0.6429  59.2557 254.0765
   3.000   0.2928   0.01143   0.00232   0.0095   0.4380   0.6905  62.0799 257.4779
   3.000   0.2928   0.01143   0.00232   0.0095   0.4380   0.6905  62.0799 257.4778
   3.000   0.2928   0.01143   0.00232   0.0095   0.4380   0.6905  62.0799 257.4778
   3.000   0.2928   0.01143   0.00232   0.0095   0.4380   0.6905  62.0799 257.4778
   3.000   0.2928   0.01143   0.00232   0.0095   0.4380   0.6905  62.0799 257.4778
   4.000   0.3877   0.01176   0.00244   0.0131   0.4028   0.7406  64.8667 261.0870
   4.000   0.3877   0.01176   0.00244   0.0131   0.4028   0.7406  64.8666 261.0871
   4.000   0.3877   0.01176   0.00244   0.0131   0.4028   0.7406  64.8666 261.0871
   4.000   0.3877   0.01176   0.00244   0.0131   0.4028   0.7406  64.8666 261.0871
   4.000   0.3877   0.01176   0.00244   0.0131   0.4028   0.7406  64.8666 261.0871
   5.000   0.4797   0.01221   0.00263   0.0171   0.3692   0.7917  67.6099 264.9024
   5.000   0.4797   0.01221   0.00263   0.0171   0.3692   0.7917  67.6094 264.9028
   5.000   0.4797   0.01221   0.00263   0.0171   0.3692   0.7917  67.6094 264.9028
   5.000   0.4797   0.01221   0.00263   0.0171   0.3692   0.7917  67.6094 264.9028
   5.000   0.4797   0.01221   0.00263   0.0171   0.3692   0.7917  67.6094 264.9028
   6.000   0.5639   0.01283   0.00284   0.0226   0.3379   0.8424  70.2535 269.0734
   6.000   0.5639   0.01283   0.00284   0.0226   0.3379   0.8424  70.2535 269.0734
   6.000   0.5639   0.01283   0.00284   0.0226   0.3379   0.8424  70.2535 269.0734
   6.000   0.5639   0.01283   0.00284   0.0226   0.3379   0.8424  70.2535 269.0734
   6.000   0.5639   0.01283   0.00284   0.0226   0.3379   0.8424  70.2535 269.0734
   7.000   0.6423   0.01376   0.00321   0.0291   0.3085   0.8916  72.8372 274.0793
   7.000   0.6423   0.01376   0.00321   0.0291   0.3085   0.8916  72.8372 274.0792
   7.000   0.6423   0.01376   0.00321   0.0291   0.3085   0.8916  72.8372 274.0792
   7.000   0.6423   0.01376   0.00321   0.0291   0.3085   0.8916  72.8372 274.0792
   7.000   0.6423   0.01376   0.00321   0.0291   0.3085   0.8916  72.8372 274.0792
   8.000   0.7188   0.01507   0.00376   0.0355   0.2811   0.9367  75.3568 280.7771
   8.000   0.7188   0.01507   0.00376   0.0355   0.2811   0.9367  75.3568 280.7776
   8.000   0.7188   0.01507   0.00376   0.0355   0.2811   0.9367  75.3568 280.7776
   8.000   0.7188   0.01507   0.00376   0.0355   0.2811   0.9367  75.3568 280.7776
   8.000   0.7188   0.01507   0.00376   0.0355   0.2811   0.9367  75.3568 280.7776
   9.000   0.8149   0.01697   0.00460   0.0368   0.2541   0.9695  77.9701 288.4746
   9.000   0.8149   0.01697   0.00460   0.0368   0.2541   0.9695  77.9701 288.4746
   9.000   0.8149   0.01697   0.00460   0.0368   0.2541   0.9695  77.9701 288.4746
   9.000   0.8149   0.01697   0.00460   0.0368   0.2541   0.9695  77.9701 288.4746
   9.000   0.8149   0.01697   0.00460   0.0368   0.2541   0.9695  77.9701 288.4746
  10.000   0.9461   0.01935   0.00577   0.0295   0.2261   0.9845  80.8550 293.3776
  10.000   0.9461   0.01935   0.00577   0.0295   0.2261   0.9845  80.8548 293.3859
  10.000   0.9461   0.01935   0.00577   0.0295   0.2261   0.9845  80.8548 293.3859
  10.000   0.9461   0.01935   0.00577   0.0295   0.2261   0.9845  80.8548 293.3859
  10.000   0.9461   0.01935   0.00577   0.0295   0.2261   0.9845  80.8548 293.3859
  11.000   1.0720   0.02214   0.00716   0.0218   0.2009   0.9967  83.6693 298.3591
  11.000   1.0720   0.02214   0.00716   0.0218   0.2009   0.9967  83.6694 298.3652
  11.000   1.0720   0.02214   0.00716   0.0218   0.2009   0.9967  83.6694 298.3653
  11.000   1.0720   0.02214   0.00716   0.0218   0.2009   0.9967  83.6694 298.3653
  11.000   1.0720   0.02214   0.00716   0.0218   0.2009   0.9967  83.6694 298.3653
  12.000   1.0934   0.02473   0.00791   0.0318   0.1846   1.0000  85.6161 300.0000
  12.000   1.0934   0.02473   0.00791   0.0318   0.1846   1.0000  85.6160 300.0000
  12.000   1.0934   0.02473   0.00791   0.0318   0.1846   1.0000  85.6160 300.0000
  12.000   1.0934   0.02473   0.00791   0.0318   0.1846   1.0000  85.6160 300.0000
  12.000   1.0934   0.02473   0.00791   0.0318   0.1846   1.0000  85.6160 300.0000
  13.000   1.1014   0.02821   0.00917   0.0430   0.1704   1.0000  87.4218 300.0000
  13.000   1.1014   0.02821   0.00917   0.0430   0.1704   1.0000  87.4217 300.0000
  13.000   1.1014   0.02821   0.00917   0.0430   0.1704   1.0000  87.4217 300.0000
  13.000   1.1014   0.02821   0.00917   0.0430   0.1704   1.0000  87.4217 300.0000
  13.000   1.1014   0.02821   0.00917   0.0430   0.1704   1.0000  87.4217 300.0000
  14.000   1.1280   0.03317   0.01160   0.0482   0.1564   1.0000  89.3185 300.0000
  14.000   1.1280   0.03317   0.01160   0.0482   0.1564   1.0000  89.3185 300.0000
  14.000   1.1280   0.03317   0.01160   0.0482   0.1564   1.0000  89.3185 300.0000
  14.000   1.1280   0.03317   0.01160   0.0482   0.1564   1.0000  89.3185 300.0000
  14.000   1.1280   0.03317   0.01160   0.0482   0.1564   1.0000  89.3185 300.0000
  15.000   1.1547   0.03957   0.01512   0.0507   0.1438   1.0000  91.1460 300.0000
  15.000   1.1547   0.03958   0.01512   0.0507   0.1438   1.0000  91.1462 300.0000
  15.000   1.1547   0.03958   0.01512   0.0507   0.1438   1.0000  91.1462 300.0000
  15.000   1.1547   0.03958   0.01512   0.0507   0.1438   1.0000  91.1462 300.0000
  15.000   1.1547   0.03958   0.01512   0.0507   0.1438   1.0000  91.1462 300.0000
  16.000   1.1770   0.04727   0.01967   0.0516   0.1325   1.0000  92.8957 300.0000
  16.000   1.1770   0.04727   0.01967   0.0516   0.1325   1.0000  92.8956 300.0000
  16.000   1.1770   0.04727   0.01967   0.0516   0.1325   1.0000  92.8956 300.0000
  16.000   1.1770   0.04727   0.01967   0.0516   0.1325   1.0000  92.8956 300.0000
  16.000   1.1770   0.04727   0.01967   0.0516   0.1325   1.0000  92.8956 300.0000
  17.000   1.1936   0.05619   0.02527   0.0512   0.1224   1.0000  94.5627 300.0000
  17.000   1.1936   0.05619   0.02527   0.0512   0.1224   1.0000  94.5625 300.0000
  17.000   1.1936   0.05619   0.02527   0.0512   0.1224   1.0000  94.5625 300.0000
  17.000   1.1936   0.05619   0.02527   0.0512   0.1224   1.0000  94.5625 300.0000
  17.000   1.1936   0.05619   0.02527   0.0512   0.1224   1.0000  94.5625 300.0000
  18.000   1.2040   0.06615   0.03170   0.0497   0.1139   1.0000  96.0619 300.0000
  18.000   1.2040   0.06615   0.03170   0.0497   0.1139   1.0000  96.0618 300.0000
  18.000   1.2040   0.06615   0.03170   0.0497   0.1139   1.0000  96.0618 300.0000
  18.000   1.2040   0.06615   0.03170   0.0497   0.1139   1.0000  96.0618 300.0000
  18.000   1.2040   0.06615   0.03170   0.0497   0.1139   1.0000  96.0618 300.0000
