  
       XFOIL         Version 6.99
  
 Calculated polar for: NACA 0024                                       
  
 1 1 Reynolds number fixed          Mach number fixed         
  
 xtrf =   1.000 (top)        1.000 (bottom)  
 Mach =   0.000     Re =     0.400 e 6     Ncrit =   9.000  9.000
  
   alpha    CL        CD       CDp       CM     Top_Xtr  Bot_Xtr  Top_Itr  Bot_Itr
  ------ -------- --------- --------- -------- -------- -------- -------- --------
   0.000  -0.0000   0.01129   0.00228   0.0000   0.5592   0.5592  52.9661 248.0338
   0.000  -0.0000   0.01129   0.00228   0.0000   0.5592   0.5592  52.9661 248.0339
   0.000  -0.0000   0.01129   0.00228  -0.0000   0.5592   0.5592  52.9661 248.0339
   0.000  -0.0000   0.01129   0.00228  -0.0000   0.5592   0.5592  52.9661 248.0339
   0.000  -0.0000   0.01129   0.00228  -0.0000   0.5592   0.5592  52.9661 248.0339
   1.000   0.0981   0.01133   0.00230   0.0031   0.5182   0.6024  55.9822 251.1656
   1.000   0.0981   0.01133   0.00230   0.0031   0.5182   0.6024  55.9822 251.1660
   1.000   0.0981   0.01133   0.00230   0.0031   0.5182   0.6024  55.9822 251.1660
   1.000   0.0981   0.01133   0.00230   0.0031   0.5182   0.6024  55.9822 251.1660
   1.000   0.0981   0.01133   0.00230   0.0031   0.5182   0.6024  55.9822 251.1660
   2.000   0.1958   0.01144   0.00236   0.0062   0.4792   0.6480  58.9124 254.4414
   2.000   0.1958   0.01144   0.00236   0.0062   0.4792   0.6480  58.9124 254.4417
   2.000   0.1958   0.01144   0.00236   0.0062   0.4792   0.6480  58.9124 254.4417
   2.000   0.1958   0.01144   0.00236   0.0062   0.4792   0.6480  58.9124 254.4417
   2.000   0.1958   0.01144   0.00236   0.0062   0.4792   0.6480  58.9124 254.4417
   3.000   0.2925   0.01166   0.00244   0.0096   0.4419   0.6965  61.7742 257.9069
   3.000   0.2925   0.01166   0.00244   0.0096   0.4419   0.6965  61.7737 257.9084
   3.000   0.2925   0.01166   0.00244   0.0096   0.4419   0.6965  61.7737 257.9084
   3.000   0.2925   0.01166   0.00244   0.0096   0.4419   0.6965  61.7737 257.9084
   3.000   0.2925   0.01166   0.00244   0.0096   0.4419   0.6965  61.7737 257.9084
   4.000   0.3875   0.01199   0.00259   0.0132   0.4066   0.7459  64.5563 261.4773
   4.000   0.3875   0.01199   0.00259   0.0132   0.4066   0.7459  64.5563 261.4791
   4.000   0.3875   0.01199   0.00259   0.0132   0.4066   0.7459  64.5563 261.4791
   4.000   0.3875   0.01199   0.00259   0.0132   0.4066   0.7459  64.5563 261.4791
   4.000   0.3875   0.01199   0.00259   0.0132   0.4066   0.7459  64.5563 261.4791
   5.000   0.4791   0.01248   0.00278   0.0174   0.3732   0.7968  67.2721 265.3026
   5.000   0.4791   0.01248   0.00278   0.0174   0.3732   0.7968  67.2721 265.3026
   5.000   0.4791   0.01248   0.00278   0.0174   0.3732   0.7968  67.2721 265.3026
   5.000   0.4791   0.01248   0.00278   0.0174   0.3732   0.7968  67.2721 265.3026
   5.000   0.4791   0.01248   0.00278   0.0174   0.3732   0.7968  67.2721 265.3026
   6.000   0.5631   0.01314   0.00301   0.0229   0.3416   0.8472  69.9313 269.5092
   6.000   0.5631   0.01314   0.00301   0.0229   0.3416   0.8472  69.9313 269.5092
   6.000   0.5631   0.01314   0.00301   0.0229   0.3416   0.8472  69.9313 269.5092
   6.000   0.5631   0.01314   0.00301   0.0229   0.3416   0.8472  69.9313 269.5092
   6.000   0.5631   0.01314   0.00301   0.0229   0.3416   0.8472  69.9313 269.5092
   7.000   0.6409   0.01406   0.00338   0.0295   0.3119   0.8960  72.5305 274.6164
   7.000   0.6409   0.01406   0.00338   0.0295   0.3119   0.8960  72.5305 274.6164
   7.000   0.6409   0.01406   0.00338   0.0295   0.3119   0.8960  72.5305 274.6164
   7.000   0.6409   0.01406   0.00338   0.0295   0.3119   0.8960  72.5305 274.6164
   7.000   0.6409   0.01406   0.00338   0.0295   0.3119   0.8960  72.5305 274.6164
   8.000   0.7165   0.01547   0.00396   0.0360   0.2847   0.9405  75.0171 281.5040
   8.000   0.7165   0.01547   0.00396   0.0360   0.2847   0.9405  75.0171 281.5043
   8.000   0.7165   0.01547   0.00396   0.0360   0.2847   0.9405  75.0171 281.5043
   8.000   0.7165   0.01547   0.00396   0.0360   0.2847   0.9405  75.0171 281.5043
   8.000   0.7165   0.01547   0.00396   0.0360   0.2847   0.9405  75.0171 281.5043
   9.000   0.8206   0.01737   0.00484   0.0357   0.2564   0.9709  77.7427 288.8825
   9.000   0.8206   0.01737   0.00484   0.0357   0.2564   0.9710  77.7427 288.8904
   9.000   0.8206   0.01737   0.00484   0.0357   0.2564   0.9710  77.7426 288.8904
   9.000   0.8206   0.01737   0.00484   0.0357   0.2564   0.9710  77.7426 288.8905
   9.000   0.8206   0.01737   0.00484   0.0357   0.2564   0.9710  77.7426 288.8905
  10.000   0.9538   0.01978   0.00603   0.0280   0.2282   0.9851  80.6354 293.6231
  10.000   0.9538   0.01978   0.00603   0.0280   0.2282   0.9851  80.6353 293.6281
  10.000   0.9538   0.01978   0.00603   0.0280   0.2282   0.9851  80.6353 293.6281
  10.000   0.9538   0.01978   0.00603   0.0280   0.2282   0.9851  80.6353 293.6281
  10.000   0.9538   0.01978   0.00603   0.0280   0.2282   0.9851  80.6353 293.6281
  12.000   1.0866   0.02515   0.00806   0.0327   0.1875   1.0000  85.2580 300.0000
  12.000   1.0866   0.02515   0.00806   0.0327   0.1875   1.0000  85.2581 300.0000
  12.000   1.0866   0.02515   0.00806   0.0327   0.1875   1.0000  85.2581 300.0000
  12.000   1.0866   0.02515   0.00806   0.0327   0.1875   1.0000  85.2581 300.0000
  12.000   1.0866   0.02515   0.00806   0.0327   0.1875   1.0000  85.2581 300.0000
  13.000   1.0946   0.02873   0.00937   0.0436   0.1732   1.0000  87.0520 300.0000
  13.000   1.0946   0.02873   0.00937   0.0436   0.1732   1.0000  87.0520 300.0000
  13.000   1.0946   0.02873   0.00937   0.0436   0.1732   1.0000  87.0520 300.0000
  13.000   1.0946   0.02873   0.00937   0.0436   0.1732   1.0000  87.0520 300.0000
  13.000   1.0946   0.02873   0.00937   0.0436   0.1732   1.0000  87.0520 300.0000
  14.000   1.1216   0.03369   0.01181   0.0488   0.1589   1.0000  88.9627 300.0000
  14.000   1.1216   0.03369   0.01181   0.0488   0.1589   1.0000  88.9627 300.0000
  14.000   1.1216   0.03369   0.01181   0.0488   0.1589   1.0000  88.9627 300.0000
  14.000   1.1216   0.03369   0.01181   0.0488   0.1589   1.0000  88.9627 300.0000
  14.000   1.1216   0.03369   0.01181   0.0488   0.1589   1.0000  88.9627 300.0000
  15.000   1.1501   0.03996   0.01528   0.0512   0.1458   1.0000  90.8378 300.0000
  15.000   1.1501   0.03996   0.01528   0.0512   0.1458   1.0000  90.8377 300.0000
  15.000   1.1501   0.03996   0.01528   0.0512   0.1458   1.0000  90.8377 300.0000
  15.000   1.1501   0.03996   0.01528   0.0512   0.1458   1.0000  90.8377 300.0000
  15.000   1.1501   0.03996   0.01528   0.0512   0.1458   1.0000  90.8377 300.0000
  16.000   1.1731   0.04756   0.01979   0.0520   0.1343   1.0000  92.6062 300.0000
  16.000   1.1731   0.04756   0.01979   0.0520   0.1343   1.0000  92.6059 300.0000
  16.000   1.1731   0.04756   0.01979   0.0520   0.1343   1.0000  92.6059 300.0000
  16.000   1.1731   0.04756   0.01979   0.0520   0.1343   1.0000  92.6059 300.0000
  16.000   1.1731   0.04756   0.01979   0.0520   0.1343   1.0000  92.6059 300.0000
  17.000   1.1895   0.05640   0.02526   0.0517   0.1244   1.0000  94.2222 300.0000
  17.000   1.1895   0.05640   0.02526   0.0517   0.1244   1.0000  94.2222 300.0000
  17.000   1.1895   0.05640   0.02526   0.0517   0.1244   1.0000  94.2222 300.0000
  17.000   1.1895   0.05640   0.02526   0.0517   0.1244   1.0000  94.2222 300.0000
  17.000   1.1895   0.05640   0.02526   0.0517   0.1244   1.0000  94.2222 300.0000
  18.000   1.2010   0.06633   0.03174   0.0502   0.1154   1.0000  95.7889 300.0000
  18.000   1.2010   0.06633   0.03174   0.0502   0.1154   1.0000  95.7887 300.0000
  18.000   1.2010   0.06633   0.03174   0.0502   0.1154   1.0000  95.7887 300.0000
  18.000   1.2010   0.06633   0.03174   0.0502   0.1154   1.0000  95.7886 300.0000
  18.000   1.2010   0.06633   0.03174   0.0502   0.1154   1.0000  95.7886 300.0000
  19.000   1.2090   0.07702   0.03900   0.0478   0.1075   1.0000  97.2618 300.0000
  19.000   1.2090   0.07701   0.03900   0.0478   0.1075   1.0000  97.2616 300.0000
  19.000   1.2090   0.07701   0.03900   0.0478   0.1075   1.0000  97.2616 300.0000
  19.000   1.2090   0.07701   0.03900   0.0478   0.1075   1.0000  97.2616 300.0000
  19.000   1.2090   0.07701   0.03900   0.0478   0.1075   1.0000  97.2616 300.0000
