xflr5 v6.61

 Calculated polar for: S8036 (16%)

 1 1 Reynolds number fixed          Mach number fixed         

 xtrf =   1.000 (top)        1.000 (bottom)
 Mach =   0.000     Re =     0.060 e 6     Ncrit =   9.000

  alpha     CL        CD       CDp       Cm    Top Xtr Bot Xtr   Cpmin    Chinge    XCp    
 ------- -------- --------- --------- -------- ------- ------- -------- --------- ---------
   0.000   0.2972   0.03774   0.02872  -0.0654  0.8651  1.0000  -0.6362   0.0000   0.0000   0.0000   0.4695
   0.100   0.3140   0.03772   0.02869  -0.0670  0.8628  1.0000  -0.6485   0.0000   0.0000   0.0000   0.4626
   0.200   0.3355   0.03766   0.02861  -0.0693  0.8607  1.0000  -0.6639   0.0000   0.0000   0.0000   0.4556
   0.300   0.3125   0.03825   0.02920  -0.0645  0.8555  1.0000  -0.6505   0.0000   0.0000   0.0000   0.4554
   0.400   0.2970   0.03864   0.02960  -0.0610  0.8503  1.0000  -0.6419   0.0000   0.0000   0.0000   0.4541
   0.500   0.2953   0.03883   0.02978  -0.0596  0.8458  1.0000  -0.6428   0.0000   0.0000   0.0000   0.4503
   0.600   0.3016   0.03892   0.02985  -0.0594  0.8419  1.0000  -0.6494   0.0000   0.0000   0.0000   0.4453
   0.700   0.3145   0.03893   0.02985  -0.0602  0.8384  1.0000  -0.6604   0.0000   0.0000   0.0000   0.4396
   0.800   0.3321   0.03890   0.02980  -0.0618  0.8354  1.0000  -0.6747   0.0000   0.0000   0.0000   0.4338
   0.900   0.3551   0.03884   0.02972  -0.0641  0.8329  1.0000  -0.6939   0.0000   0.0000   0.0000   0.4281
   1.000   0.3830   0.03877   0.02963  -0.0672  0.8309  1.0000  -0.7170   0.0000   0.0000   0.0000   0.4229
   1.100   0.3297   0.03969   0.03057  -0.0580  0.8242  1.0000  -0.6816   0.0000   0.0000   0.0000   0.4230
   1.200   0.3132   0.04007   0.03095  -0.0544  0.8197  1.0000  -0.6726   0.0000   0.0000   0.0000   0.4207
   1.300   0.3076   0.04031   0.03118  -0.0525  0.8156  1.0000  -0.6715   0.0000   0.0000   0.0000   0.4173
   1.400   0.3096   0.04046   0.03132  -0.0516  0.8118  1.0000  -0.6758   0.0000   0.0000   0.0000   0.4131
   1.500   0.3189   0.04054   0.03139  -0.0517  0.8083  1.0000  -0.6867   0.0000   0.0000   0.0000   0.4086
   1.600   0.3362   0.04057   0.03140  -0.0530  0.8050  1.0000  -0.7040   0.0000   0.0000   0.0000   0.4039
   1.700   0.3607   0.04055   0.03137  -0.0553  0.8022  1.0000  -0.7270   0.0000   0.0000   0.0000   0.3994
   1.800   0.3949   0.04050   0.03132  -0.0590  0.7998  1.0000  -0.7603   0.0000   0.0000   0.0000   0.3955
   1.900   0.3365   0.04126   0.03206  -0.0493  0.7935  1.0000  -0.7162   0.0000   0.0000   0.0000   0.3923
   2.000   0.3117   0.04156   0.03235  -0.0446  0.7884  1.0000  -0.7004   0.0000   0.0000   0.0000   0.3883
   2.100   0.3015   0.04174   0.03252  -0.0419  0.7840  1.0000  -0.6967   0.0000   0.0000   0.0000   0.3840
   2.200   0.2991   0.04189   0.03265  -0.0403  0.7801  1.0000  -0.6994   0.0000   0.0000   0.0000   0.3795
   2.300   0.3036   0.04201   0.03276  -0.0396  0.7766  1.0000  -0.7080   0.0000   0.0000   0.0000   0.3751
   2.400   0.3172   0.04211   0.03285  -0.0402  0.7732  1.0000  -0.7242   0.0000   0.0000   0.0000   0.3711
   2.500   0.3419   0.04219   0.03292  -0.0422  0.7701  1.0000  -0.7500   0.0000   0.0000   0.0000   0.3680
   2.600   0.3792   0.04227   0.03300  -0.0461  0.7673  1.0000  -0.7868   0.0000   0.0000   0.0000   0.3660
   2.700   0.3365   0.04278   0.03346  -0.0387  0.7623  1.0000  -0.7551   0.0000   0.0000   0.0000   0.3591
   2.800   0.3046   0.04311   0.03374  -0.0330  0.7570  1.0000  -0.7323   0.0000   0.0000   0.0000   0.3518
   2.900   0.2959   0.04337   0.03397  -0.0305  0.7520  1.0000  -0.7292   0.0000   0.0000   0.0000   0.3463
   3.000   0.2984   0.04359   0.03416  -0.0295  0.7473  1.0000  -0.7358   0.0000   0.0000   0.0000   0.3418
   3.100   0.3089   0.04377   0.03432  -0.0295  0.7430  1.0000  -0.7494   0.0000   0.0000   0.0000   0.3385
   3.200   0.3269   0.04391   0.03445  -0.0305  0.7393  1.0000  -0.7697   0.0000   0.0000   0.0000   0.3362
   3.300   0.3530   0.04401   0.03456  -0.0325  0.7360  1.0000  -0.8001   0.0000   0.0000   0.0000   0.3351
   3.400   0.3876   0.04407   0.03466  -0.0356  0.7332  1.0000  -0.8393   0.0000   0.0000   0.0000   0.3350
   3.500   0.3605   0.04481   0.03532  -0.0308  0.7276  1.0000  -0.8182   0.0000   0.0000   0.0000   0.3282
   3.600   0.3384   0.04539   0.03586  -0.0269  0.7216  1.0000  -0.8016   0.0000   0.0000   0.0000   0.3215
   3.700   0.3358   0.04576   0.03620  -0.0253  0.7161  1.0000  -0.8042   0.0000   0.0000   0.0000   0.3172
   3.800   0.3435   0.04599   0.03642  -0.0249  0.7110  1.0000  -0.8169   0.0000   0.0000   0.0000   0.3143
   3.900   0.3597   0.04609   0.03652  -0.0255  0.7064  1.0000  -0.8385   0.0000   0.0000   0.0000   0.3127
   4.000   0.3843   0.04607   0.03652  -0.0270  0.7026  1.0000  -0.8696   0.0000   0.0000   0.0000   0.3122
   4.100   0.4161   0.04596   0.03644  -0.0294  0.6993  1.0000  -0.9120   0.0000   0.0000   0.0000   0.3126
   4.200   0.4571   0.04576   0.03636  -0.0328  0.6968  1.0000  -0.9648   0.0000   0.0000   0.0000   0.3141
   4.300   0.3930   0.04740   0.03782  -0.0243  0.6879  1.0000  -0.8984   0.0000   0.0000   0.0000   0.3033
   4.400   0.3861   0.04795   0.03834  -0.0224  0.6816  1.0000  -0.8966   0.0000   0.0000   0.0000   0.2991
   4.500   0.3925   0.04821   0.03860  -0.0218  0.6761  1.0000  -0.9102   0.0000   0.0000   0.0000   0.2967
   4.600   0.4088   0.04823   0.03863  -0.0223  0.6711  1.0000  -0.9355   0.0000   0.0000   0.0000   0.2956
   4.700   0.4345   0.04802   0.03852  -0.0236  0.6671  1.0000  -0.9723   0.0000   0.0000   0.0000   0.2956
   4.800   0.4674   0.04761   0.03813  -0.0256  0.6636  1.0000  -1.0211   0.0000   0.0000   0.0000   0.2962
   4.900   0.5111   0.04691   0.03750  -0.0288  0.6611  1.0000  -1.0868   0.0000   0.0000   0.0000   0.2979
   5.000   0.4460   0.04929   0.03977  -0.0212  0.6505  1.0000  -1.0082   0.0000   0.0000   0.0000   0.2882
   5.100   0.4414   0.04989   0.04035  -0.0196  0.6437  1.0000  -1.0095   0.0000   0.0000   0.0000   0.2850
   5.200   0.4515   0.05002   0.04049  -0.0194  0.6381  1.0000  -1.0307   0.0000   0.0000   0.0000   0.2834
   5.300   0.4723   0.04978   0.04027  -0.0200  0.6333  1.0000  -1.0669   0.0000   0.0000   0.0000   0.2829
   5.400   0.5004   0.04923   0.03976  -0.0212  0.6295  1.0000  -1.1137   0.0000   0.0000   0.0000   0.2830
   5.500   0.5384   0.04827   0.03886  -0.0232  0.6265  1.0000  -1.1749   0.0000   0.0000   0.0000   0.2839
   5.600   0.5844   0.04694   0.03760  -0.0260  0.6242  1.0000  -1.2479   0.0000   0.0000   0.0000   0.2854
   5.800   0.5043   0.05123   0.04175  -0.0170  0.6034  1.0000  -1.1493   0.0000   0.0000   0.0000   0.2737
   5.900   0.5220   0.05094   0.04148  -0.0172  0.5982  1.0000  -1.1825   0.0000   0.0000   0.0000   0.2729
   6.000   0.5484   0.05019   0.04077  -0.0179  0.5942  1.0000  -1.2290   0.0000   0.0000   0.0000   0.2726
   6.100   0.5842   0.04891   0.03956  -0.0193  0.5912  1.0000  -1.2901   0.0000   0.0000   0.0000   0.2730
   6.200   0.6276   0.04710   0.03782  -0.0211  0.5888  1.0000  -1.3632   0.0000   0.0000   0.0000   0.2738
   6.300   0.6782   0.04491   0.03574  -0.0238  0.5869  1.0000  -1.4471   0.0000   0.0000   0.0000   0.2754
   6.500   0.5795   0.05128   0.04193  -0.0144  0.5622  1.0000  -1.3135   0.0000   0.0000   0.0000   0.2642
   6.600   0.6073   0.05014   0.04084  -0.0149  0.5583  1.0000  -1.3645   0.0000   0.0000   0.0000   0.2639
   6.700   0.6449   0.04829   0.03906  -0.0158  0.5555  1.0000  -1.4315   0.0000   0.0000   0.0000   0.2640
   6.800   0.6855   0.04606   0.03691  -0.0169  0.5534  1.0000  -1.5065   0.0000   0.0000   0.0000   0.2641
   6.900   0.7435   0.04300   0.03414  -0.0198  0.5514  1.0000  -1.6168   0.0000   0.0000   0.0000   0.2664
   7.200   0.6780   0.04860   0.03962  -0.0116  0.5227  1.0000  -1.5344   0.0000   0.0000   0.0000   0.2559
   7.300   0.7163   0.04611   0.03722  -0.0120  0.5203  1.0000  -1.6151   0.0000   0.0000   0.0000   0.2557
   7.400   0.7749   0.04239   0.03362  -0.0142  0.5181  1.0000  -1.7316   0.0000   0.0000   0.0000   0.2574
   7.500   0.8881   0.03627   0.02764  -0.0230  0.5133  1.0000  -1.9412   0.0000   0.0000   0.0000   0.2652
   7.600   0.7207   0.04739   0.03854  -0.0086  0.4983  1.0000  -1.6540   0.0000   0.0000   0.0000   0.2504
   7.700   0.7442   0.04583   0.03703  -0.0082  0.4930  1.0000  -1.7092   0.0000   0.0000   0.0000   0.2494
   7.800   0.7908   0.04257   0.03386  -0.0092  0.4889  1.0000  -1.8076   0.0000   0.0000   0.0000   0.2500
   7.900   0.9211   0.03501   0.02642  -0.0189  0.4803  1.0000  -2.0581   0.0000   0.0000   0.0000   0.2592
   8.000   0.9342   0.03460   0.02600  -0.0185  0.4715  1.0000  -2.1000   0.0000   0.0000   0.0000   0.2583
   8.100   0.9117   0.03600   0.02743  -0.0144  0.4643  1.0000  -2.0711   0.0000   0.0000   0.0000   0.2541
   8.200   0.9226   0.03550   0.02694  -0.0136  0.4547  1.0000  -2.1093   0.0000   0.0000   0.0000   0.2529
   8.300   0.9931   0.03228   0.02351  -0.0192  0.4386  1.0000  -2.2669   0.0000   0.0000   0.0000   0.2575
   8.400   0.9773   0.03323   0.02455  -0.0156  0.4320  1.0000  -2.2510   0.0000   0.0000   0.0000   0.2540
   8.500   0.9742   0.03361   0.02494  -0.0135  0.4230  1.0000  -2.2605   0.0000   0.0000   0.0000   0.2517
   8.600   1.0043   0.03241   0.02359  -0.0149  0.4093  1.0000  -2.3380   0.0000   0.0000   0.0000   0.2526
   8.700   1.0137   0.03246   0.02369  -0.0143  0.3989  1.0000  -2.3722   0.0000   0.0000   0.0000   0.2516
   8.800   1.0079   0.03299   0.02427  -0.0119  0.3909  1.0000  -2.3759   0.0000   0.0000   0.0000   0.2491
   8.900   1.0168   0.03287   0.02408  -0.0111  0.3800  1.0000  -2.4102   0.0000   0.0000   0.0000   0.2481
   9.000   1.0407   0.03252   0.02346  -0.0123  0.3666  1.0000  -2.4743   0.0000   0.0000   0.0000   0.2489
   9.100   1.0335   0.03314   0.02418  -0.0097  0.3601  1.0000  -2.4743   0.0000   0.0000   0.0000   0.2463
   9.200   1.0331   0.03354   0.02458  -0.0080  0.3519  1.0000  -2.4905   0.0000   0.0000   0.0000   0.2445
   9.300   1.0444   0.03355   0.02446  -0.0077  0.3419  1.0000  -2.5360   0.0000   0.0000   0.0000   0.2439
   9.400   1.0614   0.03388   0.02461  -0.0083  0.3314  1.0000  -2.5915   0.0000   0.0000   0.0000   0.2443
   9.500   1.0565   0.03451   0.02534  -0.0062  0.3259  1.0000  -2.5974   0.0000   0.0000   0.0000   0.2421
   9.600   1.0563   0.03504   0.02590  -0.0046  0.3193  1.0000  -2.6140   0.0000   0.0000   0.0000   0.2405
   9.700   1.0635   0.03536   0.02617  -0.0039  0.3116  1.0000  -2.6482   0.0000   0.0000   0.0000   0.2397
   9.800   1.0927   0.03579   0.02628  -0.0063  0.2999  1.0000  -2.7308   0.0000   0.0000   0.0000   0.2417
   9.900   1.0872   0.03642   0.02705  -0.0041  0.2963  1.0000  -2.7345   0.0000   0.0000   0.0000   0.2396
  10.000   1.0838   0.03707   0.02779  -0.0022  0.2919  1.0000  -2.7428   0.0000   0.0000   0.0000   0.2377
  10.100   1.0835   0.03767   0.02844  -0.0008  0.2868  1.0000  -2.7584   0.0000   0.0000   0.0000   0.2362
  10.200   1.0881   0.03811   0.02888   0.0001  0.2809  1.0000  -2.7863   0.0000   0.0000   0.0000   0.2352
  10.300   1.1024   0.03838   0.02900  -0.0002  0.2736  1.0000  -2.8381   0.0000   0.0000   0.0000   0.2353
  10.400   1.1200   0.03925   0.02972  -0.0013  0.2657  1.0000  -2.8936   0.0000   0.0000   0.0000   0.2362
  10.500   1.1147   0.03988   0.03048   0.0008  0.2628  1.0000  -2.8976   0.0000   0.0000   0.0000   0.2342
  10.600   1.1105   0.04053   0.03122   0.0027  0.2594  1.0000  -2.9041   0.0000   0.0000   0.0000   0.2323
  10.700   1.1078   0.04115   0.03190   0.0044  0.2557  1.0000  -2.9146   0.0000   0.0000   0.0000   0.2306
  10.800   1.1083   0.04171   0.03249   0.0057  0.2515  1.0000  -2.9328   0.0000   0.0000   0.0000   0.2292
  10.900   1.1148   0.04214   0.03289   0.0063  0.2466  1.0000  -2.9658   0.0000   0.0000   0.0000   0.2286
  11.000   1.1374   0.04260   0.03320   0.0047  0.2400  1.0000  -3.0355   0.0000   0.0000   0.0000   0.2300
  11.100   1.1522   0.04405   0.03458   0.0037  0.2349  1.0000  -3.0793   0.0000   0.0000   0.0000   0.2308
  11.200   1.1471   0.04479   0.03545   0.0056  0.2332  1.0000  -3.0817   0.0000   0.0000   0.0000   0.2289
  11.300   1.1417   0.04558   0.03635   0.0076  0.2315  1.0000  -3.0833   0.0000   0.0000   0.0000   0.2271
  11.400   1.1365   0.04643   0.03730   0.0094  0.2296  1.0000  -3.0849   0.0000   0.0000   0.0000   0.2253
  11.500   1.1315   0.04734   0.03829   0.0110  0.2277  1.0000  -3.0868   0.0000   0.0000   0.0000   0.2236
  11.600   1.1264   0.04829   0.03934   0.0126  0.2258  1.0000  -3.0879   0.0000   0.0000   0.0000   0.2220
  11.700   1.1216   0.04928   0.04041   0.0140  0.2239  1.0000  -3.0896   0.0000   0.0000   0.0000   0.2205
  11.800   1.1175   0.05030   0.04150   0.0153  0.2219  1.0000  -3.0925   0.0000   0.0000   0.0000   0.2191
  11.900   1.1143   0.05131   0.04258   0.0164  0.2199  1.0000  -3.0976   0.0000   0.0000   0.0000   0.2179
  12.000   1.1129   0.05227   0.04359   0.0174  0.2177  1.0000  -3.1072   0.0000   0.0000   0.0000   0.2169
  12.100   1.1165   0.05303   0.04436   0.0179  0.2150  1.0000  -3.1303   0.0000   0.0000   0.0000   0.2163
  12.300   1.1582   0.05503   0.04626   0.0157  0.2050  1.0000  -3.2563   0.0000   0.0000   0.0000   0.2186
  12.400   1.1470   0.05611   0.04745   0.0176  0.2043  1.0000  -3.2424   0.0000   0.0000   0.0000   0.2166
  12.500   1.1351   0.05735   0.04879   0.0193  0.2037  1.0000  -3.2256   0.0000   0.0000   0.0000   0.2148
  12.600   1.1223   0.05874   0.05028   0.0208  0.2031  1.0000  -3.2055   0.0000   0.0000   0.0000   0.2130
  12.700   1.1083   0.06033   0.05185   0.0221  0.2026  1.0000  -3.1816   0.0000   0.0000   0.0000   0.2114
  12.800   1.0928   0.06217   0.05378   0.0232  0.2023  1.0000  -3.1522   0.0000   0.0000   0.0000   0.2098
  12.900   1.0754   0.06429   0.05600   0.0242  0.2021  1.0000  -3.1165   0.0000   0.0000   0.0000   0.2083
  13.000   1.0558   0.06678   0.05858   0.0248  0.2021  1.0000  -3.0726   0.0000   0.0000   0.0000   0.2070
  13.100   1.0332   0.06978   0.06167   0.0251  0.2024  1.0000  -3.0184   0.0000   0.0000   0.0000   0.2060
  13.200   1.0072   0.07344   0.06541   0.0250  0.2030  1.0000  -2.9510   0.0000   0.0000   0.0000   0.2052
  13.300   0.9773   0.07794   0.06997   0.0244  0.2038  1.0000  -2.8679   0.0000   0.0000   0.0000   0.2048
  13.400   0.9438   0.08346   0.07553   0.0230  0.2047  1.0000  -2.7673   0.0000   0.0000   0.0000   0.2050
  13.500   0.9085   0.09002   0.08211   0.0210  0.2055  1.0000  -2.6526   0.0000   0.0000   0.0000   0.2061
  14.400   0.6987   0.15070   0.14270  -0.0068  0.2345  1.0000  -1.6986   0.0000   0.0000   0.0000   0.2385
  14.500   0.7074   0.15318   0.14521  -0.0068  0.2351  1.0000  -1.7158   0.0000   0.0000   0.0000   0.2385
  14.600   0.6715   0.17160   0.16354  -0.0173  0.2992  1.0000  -1.4654   0.0000   0.0000   0.0000   0.2550
  14.700   0.6566   0.17098   0.16289  -0.0180  0.2984  1.0000  -1.4243   0.0000   0.0000   0.0000   0.2565
  14.800   0.6287   0.16753   0.15938  -0.0189  0.2953  1.0000  -1.3554   0.0000   0.0000   0.0000   0.2584
  14.900   0.6189   0.16681   0.15863  -0.0196  0.2899  1.0000  -1.3278   0.0000   0.0000   0.0000   0.2598
  15.000   0.6191   0.16763   0.15946  -0.0201  0.2861  1.0000  -1.3238   0.0000   0.0000   0.0000   0.2603
  15.100   0.6216   0.16872   0.16056  -0.0204  0.2829  1.0000  -1.3258   0.0000   0.0000   0.0000   0.2605
  15.200   0.6256   0.16995   0.16181  -0.0206  0.2800  1.0000  -1.3316   0.0000   0.0000   0.0000   0.2606
  15.300   0.6311   0.17134   0.16322  -0.0208  0.2775  1.0000  -1.3412   0.0000   0.0000   0.0000   0.2604
  15.400   0.6385   0.17295   0.16497  -0.0208  0.2751  1.0000  -1.3558   0.0000   0.0000   0.0000   0.2600
  15.500   0.6482   0.17501   0.16706  -0.0207  0.2730  1.0000  -1.3758   0.0000   0.0000   0.0000   0.2594
  15.600   0.6614   0.17788   0.16998  -0.0206  0.2711  1.0000  -1.4031   0.0000   0.0000   0.0000   0.2586
  15.700   0.6813   0.18261   0.17477  -0.0205  0.2694  1.0000  -1.4435   0.0000   0.0000   0.0000   0.2576
  15.800   0.7108   0.19117   0.18343  -0.0202  0.2677  1.0000  -1.5013   0.0000   0.0000   0.0000   0.2563
  15.900   0.7110   0.19421   0.18645  -0.0209  0.2671  1.0000  -1.4930   0.0000   0.0000   0.0000   0.2571
  16.000   0.7003   0.19373   0.18594  -0.0219  0.2667  1.0000  -1.4593   0.0000   0.0000   0.0000   0.2587
  16.100   0.6844   0.19165   0.18383  -0.0229  0.2659  1.0000  -1.4132   0.0000   0.0000   0.0000   0.2605
  16.200   0.6625   0.18750   0.17961  -0.0241  0.2639  1.0000  -1.3510   0.0000   0.0000   0.0000   0.2628
  16.300   0.6510   0.18543   0.17751  -0.0253  0.2592  1.0000  -1.3154   0.0000   0.0000   0.0000   0.2649
  16.400   0.6505   0.18579   0.17787  -0.0259  0.2551  1.0000  -1.3117   0.0000   0.0000   0.0000   0.2657
  16.500   0.6530   0.18665   0.17874  -0.0263  0.2512  1.0000  -1.3179   0.0000   0.0000   0.0000   0.2660
  16.600   0.6578   0.18778   0.17989  -0.0265  0.2475  1.0000  -1.3325   0.0000   0.0000   0.0000   0.2658
  16.700   0.6661   0.18936   0.18150  -0.0263  0.2438  1.0000  -1.3595   0.0000   0.0000   0.0000   0.2649
  16.800   0.6831   0.19268   0.18488  -0.0254  0.2399  1.0000  -1.4158   0.0000   0.0000   0.0000   0.2627
  16.900   0.7331   0.20672   0.19909  -0.0234  0.2360  1.0000  -1.5610   0.0000   0.0000   0.0000   0.2581
  17.000   0.7321   0.20931   0.20165  -0.0243  0.2355  1.0000  -1.5500   0.0000   0.0000   0.0000   0.2591
  17.100   0.7233   0.20866   0.20098  -0.0254  0.2351  1.0000  -1.5179   0.0000   0.0000   0.0000   0.2608
  17.200   0.7105   0.20657   0.19885  -0.0266  0.2345  1.0000  -1.4761   0.0000   0.0000   0.0000   0.2627
  17.300   0.6941   0.20258   0.19480  -0.0280  0.2332  1.0000  -1.4235   0.0000   0.0000   0.0000   0.2652
  17.400   0.6814   0.19914   0.19132  -0.0297  0.2296  1.0000  -1.3788   0.0000   0.0000   0.0000   0.2679
  17.500   0.6796   0.19914   0.19132  -0.0306  0.2257  1.0000  -1.3678   0.0000   0.0000   0.0000   0.2691
  17.600   0.6810   0.19998   0.19216  -0.0312  0.2225  1.0000  -1.3677   0.0000   0.0000   0.0000   0.2697
  17.700   0.6839   0.20108   0.19327  -0.0316  0.2197  1.0000  -1.3726   0.0000   0.0000   0.0000   0.2700
  17.800   0.6877   0.20234   0.19455  -0.0319  0.2171  1.0000  -1.3812   0.0000   0.0000   0.0000   0.2700
  17.900   0.6926   0.20377   0.19600  -0.0321  0.2148  1.0000  -1.3935   0.0000   0.0000   0.0000   0.2699
  18.000   0.6986   0.20546   0.19772  -0.0322  0.2127  1.0000  -1.4099   0.0000   0.0000   0.0000   0.2695
  18.100   0.7061   0.20760   0.19989  -0.0321  0.2109  1.0000  -1.4314   0.0000   0.0000   0.0000   0.2688
  18.200   0.7158   0.21058   0.20291  -0.0319  0.2092  1.0000  -1.4595   0.0000   0.0000   0.0000   0.2678
  18.300   0.7293   0.21535   0.20774  -0.0315  0.2078  1.0000  -1.4980   0.0000   0.0000   0.0000   0.2664
  18.400   0.7530   0.22568   0.21816  -0.0307  0.2063  1.0000  -1.5631   0.0000   0.0000   0.0000   0.2643
  18.500   0.7631   0.23324   0.22573  -0.0309  0.2054  1.0000  -1.6087   0.0000   0.0000   0.0000   0.2641
  18.600   0.7570   0.23232   0.22479  -0.0321  0.2051  1.0000  -1.5839   0.0000   0.0000   0.0000   0.2657
  18.700   0.7487   0.23006   0.22250  -0.0333  0.2048  1.0000  -1.5502   0.0000   0.0000   0.0000   0.2675
  18.800   0.7379   0.22655   0.21895  -0.0347  0.2042  1.0000  -1.5057   0.0000   0.0000   0.0000   0.2696
  18.900   0.7258   0.22246   0.21482  -0.0365  0.2027  1.0000  -1.4517   0.0000   0.0000   0.0000   0.2724
  19.000   0.7184   0.22036   0.21269  -0.0381  0.1998  1.0000  -1.4173   0.0000   0.0000   0.0000   0.2748
  19.100   0.7176   0.22067   0.21300  -0.0391  0.1968  1.0000  -1.4157   0.0000   0.0000   0.0000   0.2760
  19.200   0.7190   0.22164   0.21398  -0.0399  0.1942  1.0000  -1.4256   0.0000   0.0000   0.0000   0.2767
  19.300   0.7212   0.22282   0.21517  -0.0404  0.1918  1.0000  -1.4409   0.0000   0.0000   0.0000   0.2772
  19.400   0.7241   0.22412   0.21649  -0.0409  0.1897  1.0000  -1.4599   0.0000   0.0000   0.0000   0.2774
  19.500   0.7276   0.22551   0.21789  -0.0413  0.1877  1.0000  -1.4821   0.0000   0.0000   0.0000   0.2776
  19.600   0.7315   0.22701   0.21941  -0.0417  0.1860  1.0000  -1.5074   0.0000   0.0000   0.0000   0.2775
  19.700   0.7361   0.22866   0.22108  -0.0419  0.1843  1.0000  -1.5371   0.0000   0.0000   0.0000   0.2773
  19.800   0.7422   0.23064   0.22309  -0.0419  0.1825  1.0000  -1.5758   0.0000   0.0000   0.0000   0.2768
  19.900   0.7514   0.23359   0.22608  -0.0415  0.1806  1.0000  -1.6323   0.0000   0.0000   0.0000   0.2755


