xflr5 v6.61

 Calculated polar for: S8036 (16%)

 1 1 Reynolds number fixed          Mach number fixed         

 xtrf =   1.000 (top)        1.000 (bottom)
 Mach =   0.000     Re =     0.100 e 6     Ncrit =   9.000

  alpha     CL        CD       CDp       Cm    Top Xtr Bot Xtr   Cpmin    Chinge    XCp    
 ------- -------- --------- --------- -------- ------- ------- -------- --------- ---------
   0.000   0.2307   0.02571   0.01836  -0.0398  0.7867  0.9023  -0.6304   0.0000   0.0000   0.0000   0.4220
   0.100   0.2234   0.02580   0.01846  -0.0368  0.7827  0.9085  -0.6281   0.0000   0.0000   0.0000   0.4139
   0.200   0.2482   0.02578   0.01841  -0.0394  0.7807  0.9098  -0.6441   0.0000   0.0000   0.0000   0.4077
   0.300   0.2725   0.02573   0.01835  -0.0419  0.7786  0.9114  -0.6611   0.0000   0.0000   0.0000   0.4023
   0.400   0.2965   0.02565   0.01825  -0.0443  0.7765  0.9131  -0.6782   0.0000   0.0000   0.0000   0.3976
   0.500   0.3201   0.02554   0.01812  -0.0465  0.7744  0.9151  -0.6952   0.0000   0.0000   0.0000   0.3934
   0.600   0.3424   0.02542   0.01797  -0.0485  0.7723  0.9172  -0.7117   0.0000   0.0000   0.0000   0.3896
   0.700   0.3627   0.02530   0.01783  -0.0502  0.7703  0.9195  -0.7282   0.0000   0.0000   0.0000   0.3859
   0.800   0.3806   0.02523   0.01772  -0.0513  0.7682  0.9221  -0.7434   0.0000   0.0000   0.0000   0.3823
   0.900   0.3949   0.02526   0.01772  -0.0519  0.7661  0.9250  -0.7569   0.0000   0.0000   0.0000   0.3788
   1.000   0.3819   0.02568   0.01820  -0.0485  0.7607  0.9315  -0.7512   0.0000   0.0000   0.0000   0.3740
   1.100   0.3963   0.02585   0.01839  -0.0496  0.7568  0.9338  -0.7644   0.0000   0.0000   0.0000   0.3722
   1.200   0.4119   0.02593   0.01848  -0.0508  0.7533  0.9361  -0.7801   0.0000   0.0000   0.0000   0.3703
   1.300   0.4283   0.02594   0.01848  -0.0521  0.7500  0.9387  -0.7971   0.0000   0.0000   0.0000   0.3682
   1.400   0.4449   0.02589   0.01843  -0.0532  0.7469  0.9416  -0.8161   0.0000   0.0000   0.0000   0.3661
   1.500   0.4601   0.02582   0.01835  -0.0540  0.7439  0.9449  -0.8344   0.0000   0.0000   0.0000   0.3638
   1.600   0.4722   0.02574   0.01826  -0.0541  0.7412  0.9488  -0.8506   0.0000   0.0000   0.0000   0.3609
   1.700   0.4900   0.02560   0.01810  -0.0553  0.7387  0.9514  -0.8713   0.0000   0.0000   0.0000   0.3590
   1.800   0.5127   0.02542   0.01790  -0.0573  0.7365  0.9530  -0.8962   0.0000   0.0000   0.0000   0.3579
   1.900   0.5338   0.02528   0.01775  -0.0591  0.7342  0.9549  -0.9200   0.0000   0.0000   0.0000   0.3567
   2.000   0.5535   0.02527   0.01771  -0.0606  0.7319  0.9568  -0.9451   0.0000   0.0000   0.0000   0.3554
   2.100   0.5585   0.02557   0.01808  -0.0604  0.7269  0.9614  -0.9556   0.0000   0.0000   0.0000   0.3539
   2.200   0.5624   0.02583   0.01837  -0.0597  0.7221  0.9662  -0.9658   0.0000   0.0000   0.0000   0.3518
   2.300   0.5771   0.02583   0.01839  -0.0608  0.7177  0.9688  -0.9862   0.0000   0.0000   0.0000   0.3508
   2.400   0.5946   0.02573   0.01830  -0.0621  0.7138  0.9710  -1.0095   0.0000   0.0000   0.0000   0.3498
   2.500   0.6118   0.02558   0.01821  -0.0633  0.7103  0.9735  -1.0351   0.0000   0.0000   0.0000   0.3488
   2.600   0.6290   0.02541   0.01803  -0.0644  0.7071  0.9763  -1.0618   0.0000   0.0000   0.0000   0.3476
   2.700   0.6458   0.02523   0.01784  -0.0654  0.7042  0.9793  -1.0885   0.0000   0.0000   0.0000   0.3463
   2.800   0.6655   0.02498   0.01756  -0.0668  0.7014  0.9816  -1.1185   0.0000   0.0000   0.0000   0.3453
   2.900   0.6869   0.02474   0.01729  -0.0685  0.6986  0.9836  -1.1524   0.0000   0.0000   0.0000   0.3446
   3.000   0.7038   0.02474   0.01729  -0.0698  0.6950  0.9865  -1.1829   0.0000   0.0000   0.0000   0.3439
   3.100   0.7141   0.02491   0.01754  -0.0704  0.6895  0.9909  -1.2045   0.0000   0.0000   0.0000   0.3433
   3.200   0.7300   0.02486   0.01752  -0.0718  0.6840  0.9940  -1.2335   0.0000   0.0000   0.0000   0.3428
   3.300   0.7465   0.02471   0.01738  -0.0730  0.6790  0.9970  -1.2640   0.0000   0.0000   0.0000   0.3422
   3.400   0.7648   0.02442   0.01709  -0.0743  0.6745  0.9994  -1.2973   0.0000   0.0000   0.0000   0.3415
   3.500   0.7758   0.02419   0.01685  -0.0742  0.6707  1.0000  -1.3224   0.0000   0.0000   0.0000   0.3399
   3.600   0.7854   0.02397   0.01660  -0.0738  0.6674  1.0000  -1.3459   0.0000   0.0000   0.0000   0.3380
   3.700   0.7964   0.02373   0.01633  -0.0735  0.6642  1.0000  -1.3716   0.0000   0.0000   0.0000   0.3363
   3.800   0.8079   0.02360   0.01614  -0.0734  0.6609  1.0000  -1.3979   0.0000   0.0000   0.0000   0.3347
   3.900   0.8065   0.02382   0.01642  -0.0716  0.6562  1.0000  -1.4067   0.0000   0.0000   0.0000   0.3326
   4.000   0.8047   0.02401   0.01667  -0.0699  0.6508  1.0000  -1.4151   0.0000   0.0000   0.0000   0.3304
   4.100   0.8059   0.02408   0.01676  -0.0684  0.6456  1.0000  -1.4278   0.0000   0.0000   0.0000   0.3284
   4.200   0.8104   0.02400   0.01669  -0.0673  0.6409  1.0000  -1.4450   0.0000   0.0000   0.0000   0.3264
   4.300   0.8174   0.02382   0.01650  -0.0665  0.6367  1.0000  -1.4658   0.0000   0.0000   0.0000   0.3246
   4.400   0.8268   0.02356   0.01622  -0.0660  0.6330  1.0000  -1.4900   0.0000   0.0000   0.0000   0.3229
   4.500   0.8382   0.02327   0.01589  -0.0657  0.6295  1.0000  -1.5169   0.0000   0.0000   0.0000   0.3214
   4.600   0.8507   0.02302   0.01560  -0.0657  0.6262  1.0000  -1.5452   0.0000   0.0000   0.0000   0.3201
   4.700   0.8580   0.02301   0.01557  -0.0650  0.6224  1.0000  -1.5665   0.0000   0.0000   0.0000   0.3185
   4.800   0.8518   0.02327   0.01591  -0.0624  0.6172  1.0000  -1.5693   0.0000   0.0000   0.0000   0.3160
   4.900   0.8492   0.02342   0.01610  -0.0603  0.6118  1.0000  -1.5773   0.0000   0.0000   0.0000   0.3136
   5.000   0.8508   0.02342   0.01612  -0.0587  0.6068  1.0000  -1.5911   0.0000   0.0000   0.0000   0.3114
   5.100   0.8563   0.02329   0.01599  -0.0577  0.6022  1.0000  -1.6104   0.0000   0.0000   0.0000   0.3096
   5.200   0.8656   0.02305   0.01586  -0.0571  0.5980  1.0000  -1.6349   0.0000   0.0000   0.0000   0.3081
   5.300   0.8777   0.02273   0.01551  -0.0569  0.5940  1.0000  -1.6651   0.0000   0.0000   0.0000   0.3069
   5.400   0.8916   0.02242   0.01514  -0.0570  0.5900  1.0000  -1.7008   0.0000   0.0000   0.0000   0.3058
   5.500   0.9011   0.02233   0.01502  -0.0565  0.5857  1.0000  -1.7296   0.0000   0.0000   0.0000   0.3045
   5.600   0.8945   0.02257   0.01534  -0.0537  0.5804  1.0000  -1.7335   0.0000   0.0000   0.0000   0.3017
   5.700   0.8930   0.02268   0.01548  -0.0516  0.5746  1.0000  -1.7452   0.0000   0.0000   0.0000   0.2993
   5.800   0.8968   0.02262   0.01543  -0.0502  0.5690  1.0000  -1.7656   0.0000   0.0000   0.0000   0.2974
   5.900   0.9054   0.02240   0.01520  -0.0495  0.5635  1.0000  -1.7936   0.0000   0.0000   0.0000   0.2959
   6.000   0.9174   0.02210   0.01485  -0.0493  0.5584  1.0000  -1.8273   0.0000   0.0000   0.0000   0.2948
   6.100   0.9315   0.02178   0.01448  -0.0494  0.5535  1.0000  -1.8643   0.0000   0.0000   0.0000   0.2940
   6.200   0.9418   0.02168   0.01433  -0.0490  0.5481  1.0000  -1.8952   0.0000   0.0000   0.0000   0.2929
   6.300   0.9381   0.02186   0.01459  -0.0465  0.5420  1.0000  -1.9038   0.0000   0.0000   0.0000   0.2903
   6.400   0.9397   0.02190   0.01465  -0.0448  0.5352  1.0000  -1.9210   0.0000   0.0000   0.0000   0.2882
   6.500   0.9463   0.02177   0.01452  -0.0437  0.5285  1.0000  -1.9465   0.0000   0.0000   0.0000   0.2867
   6.600   0.9565   0.02153   0.01424  -0.0432  0.5220  1.0000  -1.9779   0.0000   0.0000   0.0000   0.2855
   6.700   0.9710   0.02124   0.01384  -0.0434  0.5155  1.0000  -2.0166   0.0000   0.0000   0.0000   0.2849
   6.800   0.9751   0.02128   0.01389  -0.0420  0.5087  1.0000  -2.0379   0.0000   0.0000   0.0000   0.2832
   6.900   0.9748   0.02139   0.01406  -0.0400  0.5012  1.0000  -2.0522   0.0000   0.0000   0.0000   0.2810
   7.000   0.9789   0.02137   0.01404  -0.0386  0.4932  1.0000  -2.0740   0.0000   0.0000   0.0000   0.2792
   7.100   0.9870   0.02122   0.01385  -0.0378  0.4854  1.0000  -2.1024   0.0000   0.0000   0.0000   0.2779
   7.200   1.0009   0.02101   0.01348  -0.0379  0.4770  1.0000  -2.1433   0.0000   0.0000   0.0000   0.2774
   7.300   1.0001   0.02117   0.01370  -0.0358  0.4689  1.0000  -2.1597   0.0000   0.0000   0.0000   0.2752
   7.400   1.0014   0.02125   0.01381  -0.0340  0.4598  1.0000  -2.1801   0.0000   0.0000   0.0000   0.2732
   7.500   1.0068   0.02121   0.01372  -0.0328  0.4504  1.0000  -2.2086   0.0000   0.0000   0.0000   0.2716
   7.600   1.0176   0.02113   0.01346  -0.0324  0.4404  1.0000  -2.2477   0.0000   0.0000   0.0000   0.2708
   7.700   1.0165   0.02132   0.01371  -0.0303  0.4311  1.0000  -2.2633   0.0000   0.0000   0.0000   0.2685
   7.800   1.0178   0.02143   0.01384  -0.0285  0.4208  1.0000  -2.2839   0.0000   0.0000   0.0000   0.2666
   7.900   1.0225   0.02149   0.01378  -0.0272  0.4105  1.0000  -2.3115   0.0000   0.0000   0.0000   0.2651
   8.000   1.0269   0.02164   0.01382  -0.0259  0.4002  1.0000  -2.3380   0.0000   0.0000   0.0000   0.2635
   8.100   1.0269   0.02184   0.01406  -0.0240  0.3899  1.0000  -2.3555   0.0000   0.0000   0.0000   0.2615
   8.200   1.0292   0.02201   0.01414  -0.0224  0.3795  1.0000  -2.3782   0.0000   0.0000   0.0000   0.2598
   8.300   1.0347   0.02222   0.01426  -0.0213  0.3688  1.0000  -2.4068   0.0000   0.0000   0.0000   0.2584
   8.400   1.0339   0.02248   0.01457  -0.0193  0.3593  1.0000  -2.4224   0.0000   0.0000   0.0000   0.2564
   8.500   1.0345   0.02272   0.01479  -0.0175  0.3494  1.0000  -2.4413   0.0000   0.0000   0.0000   0.2545
   8.600   1.0371   0.02299   0.01491  -0.0160  0.3396  1.0000  -2.4644   0.0000   0.0000   0.0000   0.2529
   8.700   1.0397   0.02333   0.01515  -0.0146  0.3300  1.0000  -2.4864   0.0000   0.0000   0.0000   0.2513
   8.800   1.0397   0.02363   0.01548  -0.0128  0.3212  1.0000  -2.5031   0.0000   0.0000   0.0000   0.2494
   8.900   1.0404   0.02393   0.01572  -0.0111  0.3127  1.0000  -2.5228   0.0000   0.0000   0.0000   0.2476
   9.000   1.0434   0.02430   0.01592  -0.0098  0.3040  1.0000  -2.5509   0.0000   0.0000   0.0000   0.2462
   9.100   1.0457   0.02468   0.01625  -0.0085  0.2958  1.0000  -2.5760   0.0000   0.0000   0.0000   0.2447
   9.200   1.0453   0.02499   0.01659  -0.0066  0.2888  1.0000  -2.5953   0.0000   0.0000   0.0000   0.2428
   9.300   1.0458   0.02531   0.01688  -0.0050  0.2818  1.0000  -2.6174   0.0000   0.0000   0.0000   0.2411
   9.400   1.0484   0.02567   0.01714  -0.0037  0.2747  1.0000  -2.6443   0.0000   0.0000   0.0000   0.2397
   9.500   1.0555   0.02621   0.01750  -0.0032  0.2659  1.0000  -2.6797   0.0000   0.0000   0.0000   0.2391
   9.600   1.0551   0.02653   0.01789  -0.0015  0.2607  1.0000  -2.6988   0.0000   0.0000   0.0000   0.2373
   9.700   1.0561   0.02687   0.01825  -0.0001  0.2549  1.0000  -2.7212   0.0000   0.0000   0.0000   0.2357
   9.800   1.0578   0.02722   0.01859   0.0013  0.2491  1.0000  -2.7458   0.0000   0.0000   0.0000   0.2343
   9.900   1.0609   0.02762   0.01891   0.0023  0.2434  1.0000  -2.7739   0.0000   0.0000   0.0000   0.2332
  10.000   1.0722   0.02827   0.01935   0.0021  0.2350  1.0000  -2.8180   0.0000   0.0000   0.0000   0.2333
  10.100   1.0724   0.02861   0.01978   0.0036  0.2314  1.0000  -2.8379   0.0000   0.0000   0.0000   0.2317
  10.200   1.0741   0.02899   0.02020   0.0048  0.2269  1.0000  -2.8612   0.0000   0.0000   0.0000   0.2304
  10.300   1.0768   0.02938   0.02061   0.0059  0.2224  1.0000  -2.8870   0.0000   0.0000   0.0000   0.2293
  10.400   1.0803   0.02978   0.02101   0.0068  0.2181  1.0000  -2.9148   0.0000   0.0000   0.0000   0.2283
  10.500   1.0848   0.03021   0.02139   0.0075  0.2139  1.0000  -2.9454   0.0000   0.0000   0.0000   0.2275
  10.600   1.0968   0.03083   0.02186   0.0073  0.2080  1.0000  -2.9915   0.0000   0.0000   0.0000   0.2277
  10.700   1.1060   0.03147   0.02250   0.0073  0.2036  1.0000  -3.0286   0.0000   0.0000   0.0000   0.2276
  10.800   1.1078   0.03189   0.02300   0.0085  0.2009  1.0000  -3.0512   0.0000   0.0000   0.0000   0.2264
  10.900   1.1108   0.03233   0.02350   0.0094  0.1978  1.0000  -3.0762   0.0000   0.0000   0.0000   0.2254
  11.000   1.1146   0.03278   0.02400   0.0102  0.1946  1.0000  -3.1033   0.0000   0.0000   0.0000   0.2245
  11.100   1.1189   0.03322   0.02446   0.0110  0.1914  1.0000  -3.1323   0.0000   0.0000   0.0000   0.2238
  11.200   1.1238   0.03365   0.02488   0.0116  0.1881  1.0000  -3.1632   0.0000   0.0000   0.0000   0.2231
  11.300   1.1289   0.03410   0.02530   0.0122  0.1851  1.0000  -3.1953   0.0000   0.0000   0.0000   0.2224
  11.400   1.1373   0.03465   0.02578   0.0124  0.1814  1.0000  -3.2350   0.0000   0.0000   0.0000   0.2222
  11.500   1.1551   0.03571   0.02675   0.0112  0.1760  1.0000  -3.2901   0.0000   0.0000   0.0000   0.2233
  11.600   1.1548   0.03612   0.02725   0.0125  0.1744  1.0000  -3.3082   0.0000   0.0000   0.0000   0.2220
  11.700   1.1550   0.03658   0.02780   0.0137  0.1724  1.0000  -3.3273   0.0000   0.0000   0.0000   0.2208
  11.800   1.1560   0.03707   0.02836   0.0147  0.1702  1.0000  -3.3480   0.0000   0.0000   0.0000   0.2198
  11.900   1.1578   0.03757   0.02892   0.0156  0.1679  1.0000  -3.3709   0.0000   0.0000   0.0000   0.2188
  12.000   1.1603   0.03809   0.02958   0.0164  0.1654  1.0000  -3.3950   0.0000   0.0000   0.0000   0.2180
  12.100   1.1635   0.03860   0.03012   0.0171  0.1631  1.0000  -3.4211   0.0000   0.0000   0.0000   0.2173
  12.200   1.1677   0.03911   0.03065   0.0177  0.1609  1.0000  -3.4497   0.0000   0.0000   0.0000   0.2166
  12.300   1.1729   0.03962   0.03116   0.0182  0.1587  1.0000  -3.4812   0.0000   0.0000   0.0000   0.2161
  12.400   1.1797   0.04016   0.03168   0.0185  0.1564  1.0000  -3.5164   0.0000   0.0000   0.0000   0.2158
  12.500   1.1892   0.04086   0.03234   0.0185  0.1538  1.0000  -3.5570   0.0000   0.0000   0.0000   0.2158
  12.600   1.2063   0.04264   0.03411   0.0173  0.1498  1.0000  -3.6031   0.0000   0.0000   0.0000   0.2169
  12.700   1.2051   0.04320   0.03476   0.0185  0.1489  1.0000  -3.6168   0.0000   0.0000   0.0000   0.2158
  12.800   1.2038   0.04380   0.03546   0.0196  0.1480  1.0000  -3.6299   0.0000   0.0000   0.0000   0.2146
  12.900   1.2026   0.04446   0.03621   0.0206  0.1468  1.0000  -3.6427   0.0000   0.0000   0.0000   0.2136
  13.000   1.2015   0.04515   0.03700   0.0216  0.1456  1.0000  -3.6553   0.0000   0.0000   0.0000   0.2126
  13.100   1.2004   0.04588   0.03781   0.0225  0.1442  1.0000  -3.6680   0.0000   0.0000   0.0000   0.2116
  13.200   1.1994   0.04663   0.03864   0.0233  0.1428  1.0000  -3.6807   0.0000   0.0000   0.0000   0.2107
  13.300   1.1979   0.04741   0.03950   0.0242  0.1413  1.0000  -3.6924   0.0000   0.0000   0.0000   0.2098
  13.400   1.1967   0.04819   0.04034   0.0249  0.1398  1.0000  -3.7051   0.0000   0.0000   0.0000   0.2089
  13.500   1.1961   0.04894   0.04115   0.0256  0.1383  1.0000  -3.7251   0.0000   0.0000   0.0000   0.2081
  13.600   1.1960   0.04966   0.04191   0.0263  0.1367  1.0000  -3.7477   0.0000   0.0000   0.0000   0.2074
  13.700   1.1970   0.05033   0.04261   0.0268  0.1350  1.0000  -3.7742   0.0000   0.0000   0.0000   0.2067
  13.800   1.1995   0.05092   0.04320   0.0273  0.1333  1.0000  -3.8171   0.0000   0.0000   0.0000   0.2062
  13.900   1.2042   0.05143   0.04370   0.0276  0.1314  1.0000  -3.8790   0.0000   0.0000   0.0000   0.2058
  14.000   1.2115   0.05199   0.04421   0.0278  0.1293  1.0000  -3.9527   0.0000   0.0000   0.0000   0.2057
  14.100   1.2175   0.05308   0.04529   0.0279  0.1272  1.0000  -4.0156   0.0000   0.0000   0.0000   0.2056
  14.200   1.2160   0.05526   0.04755   0.0282  0.1253  1.0000  -4.0358   0.0000   0.0000   0.0000   0.2051
  14.300   1.2098   0.05672   0.04909   0.0289  0.1246  1.0000  -4.0405   0.0000   0.0000   0.0000   0.2042
  14.400   1.2038   0.05781   0.05028   0.0296  0.1242  1.0000  -4.0491   0.0000   0.0000   0.0000   0.2033
  14.500   1.1974   0.05899   0.05157   0.0302  0.1237  1.0000  -4.0547   0.0000   0.0000   0.0000   0.2024
  14.600   1.1905   0.06027   0.05295   0.0308  0.1233  1.0000  -4.0576   0.0000   0.0000   0.0000   0.2015
  14.700   1.1829   0.06166   0.05444   0.0313  0.1228  1.0000  -4.0561   0.0000   0.0000   0.0000   0.2007
  14.800   1.1747   0.06314   0.05602   0.0317  0.1223  1.0000  -4.0513   0.0000   0.0000   0.0000   0.1999
  14.900   1.1657   0.06475   0.05773   0.0321  0.1219  1.0000  -4.0413   0.0000   0.0000   0.0000   0.1992
  15.000   1.1559   0.06650   0.05958   0.0323  0.1215  1.0000  -4.0270   0.0000   0.0000   0.0000   0.1985
  15.100   1.1453   0.06840   0.06158   0.0324  0.1211  1.0000  -4.0073   0.0000   0.0000   0.0000   0.1979
  15.200   1.1333   0.07049   0.06377   0.0324  0.1208  1.0000  -3.9802   0.0000   0.0000   0.0000   0.1973
  15.300   1.1204   0.07277   0.06615   0.0323  0.1205  1.0000  -3.9464   0.0000   0.0000   0.0000   0.1969
  15.400   1.1053   0.07536   0.06884   0.0319  0.1204  1.0000  -3.9006   0.0000   0.0000   0.0000   0.1965
  15.500   1.0885   0.07826   0.07184   0.0313  0.1203  1.0000  -3.8436   0.0000   0.0000   0.0000   0.1963
  15.600   1.0682   0.08168   0.07536   0.0304  0.1204  1.0000  -3.7665   0.0000   0.0000   0.0000   0.1963
  15.700   1.0436   0.08584   0.07963   0.0290  0.1207  1.0000  -3.6627   0.0000   0.0000   0.0000   0.1967
  15.800   1.0115   0.09127   0.08517   0.0268  0.1213  1.0000  -3.5129   0.0000   0.0000   0.0000   0.1976
  15.900   0.9623   0.09999   0.09399   0.0228  0.1224  1.0000  -3.2569   0.0000   0.0000   0.0000   0.2002
  16.000   0.8690   0.11928   0.11333   0.0130  0.1244  1.0000  -2.8068   0.0000   0.0000   0.0000   0.2088
  16.300   0.7898   0.14521   0.13917   0.0011  0.1249  1.0000  -2.3181   0.0000   0.0000   0.0000   0.2227
  16.500   0.7783   0.15256   0.14654  -0.0024  0.1255  1.0000  -2.2200   0.0000   0.0000   0.0000   0.2271
  16.900   0.6884   0.18422   0.17813  -0.0211  0.1713  1.0000  -1.5115   0.0000   0.0000   0.0000   0.2554
  17.000   0.6849   0.18483   0.17874  -0.0224  0.1677  1.0000  -1.4904   0.0000   0.0000   0.0000   0.2572
  17.100   0.6858   0.18588   0.17979  -0.0231  0.1652  1.0000  -1.4875   0.0000   0.0000   0.0000   0.2581
  17.200   0.6879   0.18699   0.18091  -0.0236  0.1630  1.0000  -1.4906   0.0000   0.0000   0.0000   0.2586
  17.300   0.6910   0.18811   0.18204  -0.0240  0.1611  1.0000  -1.4978   0.0000   0.0000   0.0000   0.2588
  17.400   0.6949   0.18925   0.18319  -0.0243  0.1593  1.0000  -1.5089   0.0000   0.0000   0.0000   0.2589
  17.500   0.6995   0.19042   0.18437  -0.0245  0.1578  1.0000  -1.5237   0.0000   0.0000   0.0000   0.2587
  17.600   0.7051   0.19166   0.18563  -0.0245  0.1564  1.0000  -1.5425   0.0000   0.0000   0.0000   0.2584
  17.700   0.7115   0.19303   0.18702  -0.0245  0.1552  1.0000  -1.5654   0.0000   0.0000   0.0000   0.2578
  17.800   0.7192   0.19463   0.18864  -0.0243  0.1541  1.0000  -1.5929   0.0000   0.0000   0.0000   0.2571
  17.900   0.7283   0.19660   0.19064  -0.0239  0.1532  1.0000  -1.6258   0.0000   0.0000   0.0000   0.2561
  18.000   0.7390   0.19913   0.19320  -0.0234  0.1523  1.0000  -1.6643   0.0000   0.0000   0.0000   0.2549
  18.100   0.7499   0.20219   0.19630  -0.0228  0.1515  1.0000  -1.7039   0.0000   0.0000   0.0000   0.2535
  18.200   0.7627   0.20806   0.20223  -0.0219  0.1504  1.0000  -1.7695   0.0000   0.0000   0.0000   0.2518
  18.300   0.7629   0.21274   0.20689  -0.0227  0.1499  1.0000  -1.7671   0.0000   0.0000   0.0000   0.2528
  18.400   0.7618   0.21401   0.20815  -0.0237  0.1497  1.0000  -1.7604   0.0000   0.0000   0.0000   0.2541
  18.500   0.7586   0.21479   0.20893  -0.0251  0.1495  1.0000  -1.7417   0.0000   0.0000   0.0000   0.2557
  18.600   0.7544   0.21506   0.20918  -0.0266  0.1493  1.0000  -1.7164   0.0000   0.0000   0.0000   0.2577
  18.700   0.7469   0.21433   0.20842  -0.0285  0.1487  1.0000  -1.6723   0.0000   0.0000   0.0000   0.2603
  18.800   0.7299   0.21125   0.20529  -0.0315  0.1468  1.0000  -1.5732   0.0000   0.0000   0.0000   0.2649
  18.900   0.7226   0.21076   0.20478  -0.0337  0.1429  1.0000  -1.5271   0.0000   0.0000   0.0000   0.2681
  19.000   0.7234   0.21172   0.20575  -0.0346  0.1398  1.0000  -1.5335   0.0000   0.0000   0.0000   0.2691
  19.100   0.7259   0.21278   0.20682  -0.0352  0.1372  1.0000  -1.5535   0.0000   0.0000   0.0000   0.2695
  19.200   0.7295   0.21384   0.20789  -0.0355  0.1348  1.0000  -1.5826   0.0000   0.0000   0.0000   0.2695
  19.300   0.7342   0.21491   0.20898  -0.0357  0.1328  1.0000  -1.6197   0.0000   0.0000   0.0000   0.2693
  19.400   0.7396   0.21608   0.21016  -0.0357  0.1312  1.0000  -1.6617   0.0000   0.0000   0.0000   0.2688
  19.500   0.7450   0.21743   0.21154  -0.0358  0.1300  1.0000  -1.7031   0.0000   0.0000   0.0000   0.2683
  19.600   0.7511   0.21896   0.21309  -0.0357  0.1290  1.0000  -1.7489   0.0000   0.0000   0.0000   0.2677
  19.700   0.7585   0.22080   0.21495  -0.0355  0.1281  1.0000  -1.8028   0.0000   0.0000   0.0000   0.2668
  19.800   0.7680   0.22328   0.21755  -0.0350  0.1272  1.0000  -1.8727   0.0000   0.0000   0.0000   0.2654
  19.900   0.7812   0.22723   0.22154  -0.0340  0.1263  1.0000  -1.9637   0.0000   0.0000   0.0000   0.2634
  20.000   0.7943   0.23731   0.23165  -0.0328  0.1249  1.0000  -2.0475   0.0000   0.0000   0.0000   0.2613


