xflr5 v6.61

 Calculated polar for: S8036 (16%)

 1 1 Reynolds number fixed          Mach number fixed         

 xtrf =   1.000 (top)        1.000 (bottom)
 Mach =   0.000     Re =     0.090 e 6     Ncrit =   9.000

  alpha     CL        CD       CDp       Cm    Top Xtr Bot Xtr   Cpmin    Chinge    XCp    
 ------- -------- --------- --------- -------- ------- ------- -------- --------- ---------
   0.000   0.2833   0.02770   0.02001  -0.0502  0.8033  0.9151  -0.6559   0.0000   0.0000   0.0000   0.4267
   0.100   0.3060   0.02759   0.01989  -0.0524  0.8018  0.9174  -0.6719   0.0000   0.0000   0.0000   0.4203
   0.200   0.3272   0.02752   0.01979  -0.0543  0.8002  0.9200  -0.6875   0.0000   0.0000   0.0000   0.4147
   0.300   0.3261   0.02787   0.02016  -0.0527  0.7960  0.9254  -0.6886   0.0000   0.0000   0.0000   0.4103
   0.400   0.3128   0.02838   0.02070  -0.0492  0.7899  0.9320  -0.6819   0.0000   0.0000   0.0000   0.4058
   0.500   0.3328   0.02840   0.02071  -0.0512  0.7864  0.9343  -0.6961   0.0000   0.0000   0.0000   0.4021
   0.600   0.3532   0.02834   0.02064  -0.0531  0.7832  0.9367  -0.7116   0.0000   0.0000   0.0000   0.3984
   0.700   0.3729   0.02823   0.02052  -0.0548  0.7803  0.9393  -0.7276   0.0000   0.0000   0.0000   0.3948
   0.800   0.3910   0.02811   0.02039  -0.0562  0.7776  0.9420  -0.7429   0.0000   0.0000   0.0000   0.3913
   0.900   0.4068   0.02801   0.02027  -0.0572  0.7751  0.9449  -0.7579   0.0000   0.0000   0.0000   0.3879
   1.000   0.4204   0.02792   0.02016  -0.0577  0.7727  0.9480  -0.7719   0.0000   0.0000   0.0000   0.3844
   1.100   0.4345   0.02784   0.02007  -0.0583  0.7706  0.9508  -0.7875   0.0000   0.0000   0.0000   0.3812
   1.200   0.4579   0.02767   0.01988  -0.0605  0.7688  0.9523  -0.8105   0.0000   0.0000   0.0000   0.3791
   1.300   0.4808   0.02754   0.01973  -0.0626  0.7668  0.9541  -0.8351   0.0000   0.0000   0.0000   0.3770
   1.400   0.4884   0.02789   0.02011  -0.0629  0.7621  0.9582  -0.8459   0.0000   0.0000   0.0000   0.3755
   1.500   0.4929   0.02823   0.02049  -0.0626  0.7567  0.9631  -0.8544   0.0000   0.0000   0.0000   0.3735
   1.600   0.5008   0.02840   0.02067  -0.0625  0.7523  0.9675  -0.8664   0.0000   0.0000   0.0000   0.3711
   1.700   0.5211   0.02828   0.02056  -0.0644  0.7488  0.9698  -0.8887   0.0000   0.0000   0.0000   0.3699
   1.800   0.5411   0.02810   0.02038  -0.0661  0.7456  0.9723  -0.9112   0.0000   0.0000   0.0000   0.3684
   1.900   0.5594   0.02794   0.02022  -0.0675  0.7426  0.9750  -0.9343   0.0000   0.0000   0.0000   0.3667
   2.000   0.5770   0.02775   0.02002  -0.0687  0.7399  0.9777  -0.9578   0.0000   0.0000   0.0000   0.3649
   2.100   0.5936   0.02757   0.01983  -0.0696  0.7373  0.9802  -0.9808   0.0000   0.0000   0.0000   0.3630
   2.200   0.6147   0.02730   0.01955  -0.0712  0.7349  0.9819  -1.0079   0.0000   0.0000   0.0000   0.3616
   2.300   0.6349   0.02713   0.01942  -0.0727  0.7324  0.9837  -1.0359   0.0000   0.0000   0.0000   0.3602
   2.400   0.6420   0.02747   0.01981  -0.0731  0.7270  0.9879  -1.0504   0.0000   0.0000   0.0000   0.3594
   2.500   0.6519   0.02768   0.02007  -0.0737  0.7214  0.9916  -1.0682   0.0000   0.0000   0.0000   0.3585
   2.600   0.6681   0.02764   0.02004  -0.0751  0.7168  0.9946  -1.0933   0.0000   0.0000   0.0000   0.3577
   2.700   0.6866   0.02745   0.01987  -0.0766  0.7128  0.9975  -1.1214   0.0000   0.0000   0.0000   0.3567
   2.800   0.7065   0.02716   0.01957  -0.0782  0.7089  1.0000  -1.1532   0.0000   0.0000   0.0000   0.3558
   2.900   0.7155   0.02699   0.01940  -0.0778  0.7056  1.0000  -1.1751   0.0000   0.0000   0.0000   0.3536
   3.000   0.7257   0.02679   0.01918  -0.0774  0.7026  1.0000  -1.1987   0.0000   0.0000   0.0000   0.3515
   3.100   0.7367   0.02660   0.01896  -0.0772  0.6998  1.0000  -1.2234   0.0000   0.0000   0.0000   0.3495
   3.200   0.7484   0.02649   0.01882  -0.0770  0.6970  1.0000  -1.2491   0.0000   0.0000   0.0000   0.3475
   3.300   0.7406   0.02701   0.01940  -0.0746  0.6915  1.0000  -1.2492   0.0000   0.0000   0.0000   0.3453
   3.400   0.7346   0.02743   0.01986  -0.0724  0.6856  1.0000  -1.2517   0.0000   0.0000   0.0000   0.3430
   3.500   0.7354   0.02755   0.02000  -0.0710  0.6805  1.0000  -1.2632   0.0000   0.0000   0.0000   0.3407
   3.600   0.7404   0.02749   0.01994  -0.0699  0.6761  1.0000  -1.2805   0.0000   0.0000   0.0000   0.3386
   3.700   0.7489   0.02728   0.01972  -0.0693  0.6722  1.0000  -1.3024   0.0000   0.0000   0.0000   0.3366
   3.800   0.7599   0.02697   0.01940  -0.0690  0.6688  1.0000  -1.3279   0.0000   0.0000   0.0000   0.3347
   3.900   0.7726   0.02662   0.01902  -0.0688  0.6657  1.0000  -1.3557   0.0000   0.0000   0.0000   0.3329
   4.000   0.7866   0.02628   0.01864  -0.0689  0.6627  1.0000  -1.3855   0.0000   0.0000   0.0000   0.3312
   4.100   0.7943   0.02626   0.01861  -0.0682  0.6590  1.0000  -1.4067   0.0000   0.0000   0.0000   0.3294
   4.200   0.7798   0.02688   0.01931  -0.0648  0.6528  1.0000  -1.3980   0.0000   0.0000   0.0000   0.3265
   4.300   0.7740   0.02717   0.01963  -0.0624  0.6471  1.0000  -1.4013   0.0000   0.0000   0.0000   0.3238
   4.400   0.7748   0.02721   0.01968  -0.0607  0.6421  1.0000  -1.4136   0.0000   0.0000   0.0000   0.3215
   4.500   0.7818   0.02700   0.01947  -0.0598  0.6378  1.0000  -1.4343   0.0000   0.0000   0.0000   0.3195
   4.600   0.7933   0.02664   0.01909  -0.0594  0.6340  1.0000  -1.4612   0.0000   0.0000   0.0000   0.3178
   4.700   0.8073   0.02620   0.01863  -0.0594  0.6305  1.0000  -1.4918   0.0000   0.0000   0.0000   0.3164
   4.800   0.8241   0.02575   0.01813  -0.0598  0.6273  1.0000  -1.5259   0.0000   0.0000   0.0000   0.3152
   4.900   0.8413   0.02542   0.01775  -0.0603  0.6241  1.0000  -1.5608   0.0000   0.0000   0.0000   0.3143
   5.000   0.8283   0.02593   0.01833  -0.0568  0.6187  1.0000  -1.5544   0.0000   0.0000   0.0000   0.3110
   5.100   0.8172   0.02636   0.01881  -0.0535  0.6128  1.0000  -1.5507   0.0000   0.0000   0.0000   0.3078
   5.200   0.8152   0.02649   0.01895  -0.0514  0.6074  1.0000  -1.5595   0.0000   0.0000   0.0000   0.3052
   5.300   0.8216   0.02632   0.01878  -0.0503  0.6026  1.0000  -1.5799   0.0000   0.0000   0.0000   0.3033
   5.400   0.8337   0.02596   0.01841  -0.0500  0.5983  1.0000  -1.6083   0.0000   0.0000   0.0000   0.3019
   5.500   0.8508   0.02546   0.01802  -0.0504  0.5943  1.0000  -1.6450   0.0000   0.0000   0.0000   0.3011
   5.600   0.8709   0.02492   0.01744  -0.0513  0.5905  1.0000  -1.6902   0.0000   0.0000   0.0000   0.3006
   5.700   0.8884   0.02460   0.01706  -0.0519  0.5863  1.0000  -1.7314   0.0000   0.0000   0.0000   0.2999
   5.800   0.8751   0.02511   0.01765  -0.0481  0.5804  1.0000  -1.7245   0.0000   0.0000   0.0000   0.2964
   5.900   0.8701   0.02537   0.01795  -0.0455  0.5742  1.0000  -1.7308   0.0000   0.0000   0.0000   0.2936
   6.000   0.8743   0.02530   0.01789  -0.0441  0.5683  1.0000  -1.7517   0.0000   0.0000   0.0000   0.2916
   6.100   0.8869   0.02494   0.01751  -0.0439  0.5628  1.0000  -1.7860   0.0000   0.0000   0.0000   0.2905
   6.200   0.9048   0.02440   0.01694  -0.0444  0.5576  1.0000  -1.8290   0.0000   0.0000   0.0000   0.2900
   6.300   0.9249   0.02386   0.01633  -0.0453  0.5525  1.0000  -1.8759   0.0000   0.0000   0.0000   0.2898
   6.400   0.9312   0.02386   0.01632  -0.0443  0.5469  1.0000  -1.9001   0.0000   0.0000   0.0000   0.2882
   6.500   0.9256   0.02415   0.01667  -0.0416  0.5402  1.0000  -1.9056   0.0000   0.0000   0.0000   0.2854
   6.600   0.9284   0.02415   0.01670  -0.0400  0.5332  1.0000  -1.9245   0.0000   0.0000   0.0000   0.2834
   6.700   0.9387   0.02387   0.01640  -0.0394  0.5262  1.0000  -1.9561   0.0000   0.0000   0.0000   0.2822
   6.800   0.9542   0.02342   0.01589  -0.0396  0.5196  1.0000  -1.9964   0.0000   0.0000   0.0000   0.2816
   6.900   0.9739   0.02300   0.01534  -0.0405  0.5125  1.0000  -2.0436   0.0000   0.0000   0.0000   0.2816
   7.000   0.9683   0.02327   0.01571  -0.0377  0.5054  1.0000  -2.0488   0.0000   0.0000   0.0000   0.2788
   7.100   0.9694   0.02334   0.01581  -0.0359  0.4973  1.0000  -2.0655   0.0000   0.0000   0.0000   0.2767
   7.200   0.9769   0.02317   0.01562  -0.0349  0.4891  1.0000  -2.0928   0.0000   0.0000   0.0000   0.2753
   7.300   0.9904   0.02285   0.01520  -0.0348  0.4810  1.0000  -2.1340   0.0000   0.0000   0.0000   0.2746
   7.400   0.9984   0.02280   0.01510  -0.0341  0.4724  1.0000  -2.1668   0.0000   0.0000   0.0000   0.2734
   7.500   0.9970   0.02297   0.01533  -0.0319  0.4636  1.0000  -2.1817   0.0000   0.0000   0.0000   0.2711
   7.600   1.0007   0.02296   0.01530  -0.0304  0.4542  1.0000  -2.2069   0.0000   0.0000   0.0000   0.2693
   7.700   1.0113   0.02277   0.01498  -0.0299  0.4442  1.0000  -2.2458   0.0000   0.0000   0.0000   0.2684
   7.800   1.0156   0.02287   0.01503  -0.0286  0.4344  1.0000  -2.2716   0.0000   0.0000   0.0000   0.2668
   7.900   1.0148   0.02304   0.01524  -0.0265  0.4244  1.0000  -2.2879   0.0000   0.0000   0.0000   0.2646
   8.000   1.0188   0.02307   0.01520  -0.0251  0.4139  1.0000  -2.3140   0.0000   0.0000   0.0000   0.2630
   8.100   1.0277   0.02310   0.01503  -0.0244  0.4028  1.0000  -2.3494   0.0000   0.0000   0.0000   0.2620
   8.200   1.0255   0.02336   0.01535  -0.0222  0.3931  1.0000  -2.3625   0.0000   0.0000   0.0000   0.2597
   8.300   1.0267   0.02353   0.01549  -0.0204  0.3827  1.0000  -2.3827   0.0000   0.0000   0.0000   0.2578
   8.400   1.0329   0.02367   0.01556  -0.0194  0.3719  1.0000  -2.4128   0.0000   0.0000   0.0000   0.2565
   8.500   1.0346   0.02397   0.01582  -0.0178  0.3620  1.0000  -2.4328   0.0000   0.0000   0.0000   0.2548
   8.600   1.0343   0.02424   0.01611  -0.0159  0.3524  1.0000  -2.4493   0.0000   0.0000   0.0000   0.2528
   8.700   1.0369   0.02449   0.01625  -0.0145  0.3428  1.0000  -2.4721   0.0000   0.0000   0.0000   0.2512
   8.800   1.0436   0.02485   0.01640  -0.0137  0.3321  1.0000  -2.5018   0.0000   0.0000   0.0000   0.2503
   8.900   1.0425   0.02517   0.01678  -0.0118  0.3240  1.0000  -2.5159   0.0000   0.0000   0.0000   0.2483
   9.000   1.0431   0.02549   0.01709  -0.0101  0.3157  1.0000  -2.5375   0.0000   0.0000   0.0000   0.2465
   9.100   1.0464   0.02582   0.01729  -0.0088  0.3073  1.0000  -2.5659   0.0000   0.0000   0.0000   0.2451
   9.200   1.0538   0.02629   0.01760  -0.0083  0.2977  1.0000  -2.6017   0.0000   0.0000   0.0000   0.2444
   9.300   1.0527   0.02663   0.01799  -0.0064  0.2914  1.0000  -2.6189   0.0000   0.0000   0.0000   0.2425
   9.400   1.0530   0.02696   0.01833  -0.0047  0.2846  1.0000  -2.6399   0.0000   0.0000   0.0000   0.2407
   9.500   1.0550   0.02730   0.01861  -0.0034  0.2780  1.0000  -2.6650   0.0000   0.0000   0.0000   0.2392
   9.600   1.0658   0.02785   0.01893  -0.0035  0.2687  1.0000  -2.7089   0.0000   0.0000   0.0000   0.2392
   9.700   1.0671   0.02826   0.01937  -0.0020  0.2632  1.0000  -2.7306   0.0000   0.0000   0.0000   0.2377
   9.800   1.0670   0.02862   0.01978  -0.0004  0.2580  1.0000  -2.7501   0.0000   0.0000   0.0000   0.2360
   9.900   1.0685   0.02898   0.02015   0.0009  0.2524  1.0000  -2.7734   0.0000   0.0000   0.0000   0.2346
  10.000   1.0711   0.02934   0.02048   0.0021  0.2469  1.0000  -2.7998   0.0000   0.0000   0.0000   0.2333
  10.100   1.0773   0.02979   0.02080   0.0027  0.2409  1.0000  -2.8345   0.0000   0.0000   0.0000   0.2326
  10.200   1.0884   0.03046   0.02137   0.0025  0.2337  1.0000  -2.8770   0.0000   0.0000   0.0000   0.2327
  10.300   1.0884   0.03084   0.02183   0.0040  0.2301  1.0000  -2.8959   0.0000   0.0000   0.0000   0.2312
  10.400   1.0904   0.03126   0.02230   0.0052  0.2259  1.0000  -2.9191   0.0000   0.0000   0.0000   0.2299
  10.500   1.0939   0.03168   0.02274   0.0061  0.2216  1.0000  -2.9459   0.0000   0.0000   0.0000   0.2289
  10.600   1.0982   0.03210   0.02315   0.0069  0.2176  1.0000  -2.9751   0.0000   0.0000   0.0000   0.2281
  10.700   1.1037   0.03254   0.02355   0.0076  0.2136  1.0000  -3.0075   0.0000   0.0000   0.0000   0.2274
  10.800   1.1293   0.03364   0.02441   0.0052  0.2055  1.0000  -3.0800   0.0000   0.0000   0.0000   0.2296
  10.900   1.1290   0.03404   0.02491   0.0067  0.2036  1.0000  -3.0974   0.0000   0.0000   0.0000   0.2281
  11.000   1.1299   0.03450   0.02546   0.0079  0.2012  1.0000  -3.1170   0.0000   0.0000   0.0000   0.2268
  11.100   1.1319   0.03500   0.02604   0.0090  0.1985  1.0000  -3.1389   0.0000   0.0000   0.0000   0.2257
  11.200   1.1348   0.03550   0.02659   0.0100  0.1955  1.0000  -3.1631   0.0000   0.0000   0.0000   0.2247
  11.300   1.1384   0.03598   0.02712   0.0108  0.1925  1.0000  -3.1895   0.0000   0.0000   0.0000   0.2239
  11.400   1.1426   0.03645   0.02759   0.0115  0.1894  1.0000  -3.2184   0.0000   0.0000   0.0000   0.2231
  11.500   1.1481   0.03689   0.02801   0.0121  0.1863  1.0000  -3.2509   0.0000   0.0000   0.0000   0.2225
  11.600   1.1551   0.03737   0.02845   0.0124  0.1831  1.0000  -3.2878   0.0000   0.0000   0.0000   0.2221
  11.700   1.1780   0.03882   0.02973   0.0103  0.1767  1.0000  -3.3539   0.0000   0.0000   0.0000   0.2240
  11.800   1.1763   0.03923   0.03034   0.0119  0.1754  1.0000  -3.3681   0.0000   0.0000   0.0000   0.2225
  11.900   1.1752   0.03971   0.03092   0.0132  0.1737  1.0000  -3.3834   0.0000   0.0000   0.0000   0.2212
  12.000   1.1744   0.04024   0.03154   0.0145  0.1719  1.0000  -3.3987   0.0000   0.0000   0.0000   0.2199
  12.100   1.1740   0.04082   0.03221   0.0156  0.1699  1.0000  -3.4149   0.0000   0.0000   0.0000   0.2188
  12.200   1.1746   0.04144   0.03289   0.0166  0.1679  1.0000  -3.4330   0.0000   0.0000   0.0000   0.2178
  12.300   1.1763   0.04208   0.03360   0.0175  0.1659  1.0000  -3.4532   0.0000   0.0000   0.0000   0.2169
  12.400   1.1788   0.04271   0.03428   0.0182  0.1639  1.0000  -3.4754   0.0000   0.0000   0.0000   0.2161
  12.500   1.1818   0.04333   0.03494   0.0189  0.1619  1.0000  -3.4993   0.0000   0.0000   0.0000   0.2155
  12.600   1.1859   0.04393   0.03556   0.0194  0.1598  1.0000  -3.5263   0.0000   0.0000   0.0000   0.2149
  12.700   1.1910   0.04453   0.03616   0.0199  0.1578  1.0000  -3.5561   0.0000   0.0000   0.0000   0.2144
  12.800   1.1982   0.04516   0.03677   0.0201  0.1557  1.0000  -3.5910   0.0000   0.0000   0.0000   0.2142
  12.900   1.2083   0.04607   0.03766   0.0199  0.1531  1.0000  -3.6308   0.0000   0.0000   0.0000   0.2143
  13.000   1.2174   0.04833   0.03994   0.0194  0.1499  1.0000  -3.6546   0.0000   0.0000   0.0000   0.2148
  13.100   1.2133   0.04900   0.04072   0.0207  0.1493  1.0000  -3.6598   0.0000   0.0000   0.0000   0.2134
  13.200   1.2089   0.04975   0.04157   0.0219  0.1485  1.0000  -3.6638   0.0000   0.0000   0.0000   0.2121
  13.300   1.2044   0.05057   0.04249   0.0231  0.1477  1.0000  -3.6667   0.0000   0.0000   0.0000   0.2109
  13.400   1.1997   0.05146   0.04348   0.0242  0.1468  1.0000  -3.6726   0.0000   0.0000   0.0000   0.2097
  13.500   1.1947   0.05241   0.04454   0.0252  0.1458  1.0000  -3.6776   0.0000   0.0000   0.0000   0.2086
  13.600   1.1895   0.05342   0.04564   0.0261  0.1448  1.0000  -3.6815   0.0000   0.0000   0.0000   0.2075
  13.700   1.1842   0.05449   0.04680   0.0269  0.1437  1.0000  -3.6846   0.0000   0.0000   0.0000   0.2065
  13.800   1.1787   0.05561   0.04800   0.0277  0.1426  1.0000  -3.6870   0.0000   0.0000   0.0000   0.2055
  13.900   1.1733   0.05676   0.04924   0.0284  0.1415  1.0000  -3.6895   0.0000   0.0000   0.0000   0.2046
  14.000   1.1680   0.05795   0.05051   0.0290  0.1404  1.0000  -3.6918   0.0000   0.0000   0.0000   0.2037
  14.100   1.1630   0.05915   0.05178   0.0296  0.1392  1.0000  -3.7029   0.0000   0.0000   0.0000   0.2030
  14.200   1.1569   0.06044   0.05315   0.0301  0.1382  1.0000  -3.7098   0.0000   0.0000   0.0000   0.2022
  14.300   1.1510   0.06176   0.05454   0.0305  0.1371  1.0000  -3.7172   0.0000   0.0000   0.0000   0.2014
  14.400   1.1455   0.06306   0.05590   0.0308  0.1360  1.0000  -3.7268   0.0000   0.0000   0.0000   0.2008
  14.500   1.1405   0.06434   0.05724   0.0311  0.1349  1.0000  -3.7386   0.0000   0.0000   0.0000   0.2002
  14.600   1.1371   0.06553   0.05846   0.0314  0.1337  1.0000  -3.7583   0.0000   0.0000   0.0000   0.1996
  14.700   1.1380   0.06638   0.05933   0.0316  0.1322  1.0000  -3.7994   0.0000   0.0000   0.0000   0.1993
  14.800   1.1468   0.06667   0.05957   0.0318  0.1302  1.0000  -3.8810   0.0000   0.0000   0.0000   0.1991
  14.900   1.1539   0.06738   0.06025   0.0320  0.1285  1.0000  -3.9510   0.0000   0.0000   0.0000   0.1990
  15.000   1.1527   0.06892   0.06182   0.0321  0.1274  1.0000  -3.9772   0.0000   0.0000   0.0000   0.1987
  15.100   1.1452   0.07099   0.06395   0.0322  0.1266  1.0000  -3.9709   0.0000   0.0000   0.0000   0.1982
  15.200   1.1334   0.07337   0.06642   0.0322  0.1262  1.0000  -3.9422   0.0000   0.0000   0.0000   0.1977
  15.300   1.1190   0.07594   0.06909   0.0320  0.1259  1.0000  -3.9004   0.0000   0.0000   0.0000   0.1972
  15.400   1.1030   0.07869   0.07193   0.0317  0.1258  1.0000  -3.8489   0.0000   0.0000   0.0000   0.1968
  15.500   1.0851   0.08163   0.07497   0.0311  0.1258  1.0000  -3.7869   0.0000   0.0000   0.0000   0.1966
  15.600   1.0641   0.08491   0.07835   0.0301  0.1261  1.0000  -3.7075   0.0000   0.0000   0.0000   0.1966
  15.700   0.7498   0.14816   0.14172  -0.0020  0.1484  1.0000  -2.0264   0.0000   0.0000   0.0000   0.2284
  15.800   0.7450   0.15128   0.14484  -0.0035  0.1482  1.0000  -1.9855   0.0000   0.0000   0.0000   0.2303
  15.900   0.7406   0.15424   0.14780  -0.0048  0.1480  1.0000  -1.9469   0.0000   0.0000   0.0000   0.2321
  16.000   0.7367   0.15708   0.15064  -0.0061  0.1478  1.0000  -1.9171   0.0000   0.0000   0.0000   0.2338
  16.100   0.7341   0.15975   0.15331  -0.0073  0.1478  1.0000  -1.8934   0.0000   0.0000   0.0000   0.2352
  16.200   0.7343   0.16211   0.15568  -0.0080  0.1481  1.0000  -1.8844   0.0000   0.0000   0.0000   0.2361
  16.300   0.7407   0.16414   0.15774  -0.0078  0.1489  1.0000  -1.9061   0.0000   0.0000   0.0000   0.2357
  16.500   0.6776   0.17916   0.17272  -0.0201  0.1854  1.0000  -1.4789   0.0000   0.0000   0.0000   0.2551
  16.600   0.6839   0.18041   0.17400  -0.0201  0.1837  1.0000  -1.5013   0.0000   0.0000   0.0000   0.2546
  16.700   0.6918   0.18182   0.17543  -0.0199  0.1823  1.0000  -1.5300   0.0000   0.0000   0.0000   0.2539
  16.800   0.7020   0.18354   0.17718  -0.0195  0.1809  1.0000  -1.5669   0.0000   0.0000   0.0000   0.2528
  16.900   0.7155   0.18584   0.17952  -0.0188  0.1797  1.0000  -1.6152   0.0000   0.0000   0.0000   0.2513
  17.000   0.7307   0.18884   0.18257  -0.0179  0.1785  1.0000  -1.6701   0.0000   0.0000   0.0000   0.2495
  17.100   0.7478   0.19661   0.19037  -0.0167  0.1769  1.0000  -1.7240   0.0000   0.0000   0.0000   0.2475
  17.200   0.7459   0.19828   0.19204  -0.0178  0.1767  1.0000  -1.7060   0.0000   0.0000   0.0000   0.2488
  17.300   0.7419   0.19966   0.19341  -0.0190  0.1766  1.0000  -1.6804   0.0000   0.0000   0.0000   0.2504
  17.400   0.7370   0.20068   0.19443  -0.0203  0.1763  1.0000  -1.6515   0.0000   0.0000   0.0000   0.2522
  17.500   0.7303   0.20109   0.19482  -0.0219  0.1759  1.0000  -1.6157   0.0000   0.0000   0.0000   0.2544
  17.600   0.7142   0.19892   0.19260  -0.0243  0.1747  1.0000  -1.5462   0.0000   0.0000   0.0000   0.2581
  17.700   0.6969   0.19615   0.18977  -0.0272  0.1701  1.0000  -1.4701   0.0000   0.0000   0.0000   0.2626
  17.800   0.6963   0.19694   0.19057  -0.0282  0.1670  1.0000  -1.4596   0.0000   0.0000   0.0000   0.2638
  17.900   0.6980   0.19803   0.19166  -0.0288  0.1645  1.0000  -1.4590   0.0000   0.0000   0.0000   0.2645
  18.000   0.7006   0.19919   0.19283  -0.0293  0.1624  1.0000  -1.4629   0.0000   0.0000   0.0000   0.2649
  18.100   0.7039   0.20038   0.19404  -0.0297  0.1606  1.0000  -1.4700   0.0000   0.0000   0.0000   0.2651
  18.200   0.7078   0.20162   0.19529  -0.0300  0.1590  1.0000  -1.4799   0.0000   0.0000   0.0000   0.2651
  18.300   0.7122   0.20291   0.19660  -0.0303  0.1575  1.0000  -1.4924   0.0000   0.0000   0.0000   0.2650
  18.400   0.7171   0.20429   0.19799  -0.0304  0.1563  1.0000  -1.5075   0.0000   0.0000   0.0000   0.2648
  18.500   0.7228   0.20581   0.19952  -0.0305  0.1552  1.0000  -1.5254   0.0000   0.0000   0.0000   0.2644
  18.600   0.7292   0.20753   0.20127  -0.0304  0.1542  1.0000  -1.5563   0.0000   0.0000   0.0000   0.2638
  18.700   0.7368   0.20959   0.20335  -0.0303  0.1533  1.0000  -1.6057   0.0000   0.0000   0.0000   0.2631
  18.800   0.7479   0.21253   0.20633  -0.0297  0.1523  1.0000  -1.6759   0.0000   0.0000   0.0000   0.2617
  18.900   0.7682   0.21890   0.21278  -0.0281  0.1509  1.0000  -1.7995   0.0000   0.0000   0.0000   0.2586
  19.000   0.7746   0.22638   0.22026  -0.0281  0.1498  1.0000  -1.8350   0.0000   0.0000   0.0000   0.2583
  19.100   0.7708   0.22660   0.22047  -0.0295  0.1496  1.0000  -1.8125   0.0000   0.0000   0.0000   0.2601
  19.200   0.7660   0.22630   0.22016  -0.0310  0.1493  1.0000  -1.7837   0.0000   0.0000   0.0000   0.2620
  19.300   0.7575   0.22486   0.21869  -0.0329  0.1487  1.0000  -1.7346   0.0000   0.0000   0.0000   0.2647
  19.400   0.7430   0.22167   0.21545  -0.0356  0.1473  1.0000  -1.6507   0.0000   0.0000   0.0000   0.2687
  19.500   0.7347   0.22049   0.21424  -0.0380  0.1434  1.0000  -1.5964   0.0000   0.0000   0.0000   0.2721
  19.600   0.7352   0.22140   0.21516  -0.0389  0.1403  1.0000  -1.6002   0.0000   0.0000   0.0000   0.2732
  19.700   0.7373   0.22260   0.21637  -0.0396  0.1380  1.0000  -1.6155   0.0000   0.0000   0.0000   0.2738
  19.800   0.7401   0.22387   0.21765  -0.0401  0.1362  1.0000  -1.6348   0.0000   0.0000   0.0000   0.2741
  19.900   0.7432   0.22516   0.21896  -0.0406  0.1346  1.0000  -1.6578   0.0000   0.0000   0.0000   0.2743
  20.000   0.7469   0.22647   0.22029  -0.0409  0.1331  1.0000  -1.6845   0.0000   0.0000   0.0000   0.2743


