  
       XFOIL         Version 6.99
  
 Calculated polar for: ONERA HOR20 AIRFOIL                             
  
 1 1 Reynolds number fixed          Mach number fixed         
  
 xtrf =   1.000 (top)        1.000 (bottom)  
 Mach =   0.000     Re =     0.425 e 6     Ncrit =   9.000  9.000
  
   alpha    CL        CD       CDp       CM     Top_Xtr  Bot_Xtr  Top_Itr  Bot_Itr
  ------ -------- --------- --------- -------- -------- -------- -------- --------
   0.000   0.3653   0.01206   0.00274  -0.0858   0.4964   0.3362  57.8806 229.7573
   0.000   0.3653   0.01206   0.00274  -0.0858   0.4964   0.3362  57.8807 229.7576
   0.000   0.3653   0.01206   0.00274  -0.0858   0.4964   0.3362  57.8807 229.7576
   0.000   0.3653   0.01206   0.00274  -0.0858   0.4964   0.3362  57.8807 229.7576
   0.000   0.3653   0.01206   0.00274  -0.0858   0.4964   0.3362  57.8807 229.7576
   1.000   0.4858   0.01217   0.00286  -0.0865   0.4743   0.3740  59.5916 232.7075
   1.000   0.4858   0.01217   0.00286  -0.0865   0.4743   0.3740  59.5919 232.7083
   1.000   0.4858   0.01217   0.00286  -0.0865   0.4743   0.3740  59.5919 232.7083
   1.000   0.4858   0.01217   0.00286  -0.0865   0.4743   0.3740  59.5919 232.7083
   1.000   0.4858   0.01217   0.00286  -0.0865   0.4743   0.3740  59.5919 232.7083
   2.000   0.6055   0.01245   0.00303  -0.0870   0.4532   0.4156  61.2600 235.8082
   2.000   0.6055   0.01245   0.00303  -0.0870   0.4532   0.4157  61.2600 235.8106
   2.000   0.6055   0.01245   0.00303  -0.0870   0.4532   0.4157  61.2601 235.8106
   2.000   0.6055   0.01245   0.00303  -0.0870   0.4532   0.4157  61.2601 235.8106
   2.000   0.6055   0.01245   0.00303  -0.0870   0.4532   0.4157  61.2601 235.8106
   3.000   0.7239   0.01282   0.00321  -0.0873   0.4322   0.4508  62.9674 238.3408
   3.000   0.7239   0.01282   0.00321  -0.0873   0.4322   0.4508  62.9674 238.3407
   3.000   0.7239   0.01282   0.00321  -0.0873   0.4322   0.4508  62.9674 238.3407
   3.000   0.7239   0.01282   0.00321  -0.0873   0.4322   0.4508  62.9674 238.3407
   3.000   0.7239   0.01282   0.00321  -0.0873   0.4322   0.4508  62.9674 238.3407
   4.000   0.8409   0.01322   0.00340  -0.0874   0.4101   0.4814  64.8116 240.5274
   4.000   0.8409   0.01322   0.00340  -0.0874   0.4101   0.4814  64.8117 240.5277
   4.000   0.8409   0.01322   0.00340  -0.0874   0.4101   0.4814  64.8117 240.5277
   4.000   0.8409   0.01322   0.00340  -0.0874   0.4101   0.4814  64.8117 240.5277
   4.000   0.8409   0.01322   0.00340  -0.0874   0.4101   0.4814  64.8117 240.5277
   5.000   0.9558   0.01370   0.00360  -0.0873   0.3881   0.5100  66.6977 242.5964
   5.000   0.9558   0.01370   0.00360  -0.0873   0.3880   0.5100  66.6986 242.5951
   5.000   0.9558   0.01370   0.00360  -0.0873   0.3880   0.5100  66.6986 242.5952
   5.000   0.9558   0.01370   0.00360  -0.0873   0.3880   0.5100  66.6986 242.5952
   5.000   0.9558   0.01370   0.00360  -0.0873   0.3880   0.5100  66.6986 242.5952
   6.000   1.0680   0.01425   0.00381  -0.0869   0.3657   0.5395  68.6600 244.7705
   6.000   1.0680   0.01425   0.00381  -0.0869   0.3657   0.5395  68.6600 244.7703
   6.000   1.0680   0.01425   0.00381  -0.0869   0.3657   0.5395  68.6600 244.7703
   6.000   1.0680   0.01425   0.00381  -0.0869   0.3657   0.5395  68.6600 244.7703
   6.000   1.0680   0.01425   0.00381  -0.0869   0.3657   0.5395  68.6600 244.7703
   7.000   1.1766   0.01489   0.00407  -0.0859   0.3431   0.5753  70.7141 247.4004
   7.000   1.1766   0.01489   0.00407  -0.0859   0.3431   0.5753  70.7141 247.4002
   7.000   1.1766   0.01489   0.00407  -0.0859   0.3431   0.5753  70.7141 247.4002
   7.000   1.1766   0.01489   0.00407  -0.0859   0.3431   0.5753  70.7141 247.4002
   7.000   1.1766   0.01489   0.00407  -0.0859   0.3431   0.5753  70.7141 247.4002
   8.000   1.2800   0.01555   0.00448  -0.0843   0.3208   0.6685  72.7915 254.1312
   8.000   1.2800   0.01555   0.00448  -0.0843   0.3208   0.6685  72.7915 254.1280
   8.000   1.2800   0.01555   0.00448  -0.0843   0.3208   0.6685  72.7915 254.1280
   8.000   1.2800   0.01555   0.00448  -0.0843   0.3208   0.6685  72.7915 254.1280
   8.000   1.2800   0.01555   0.00448  -0.0843   0.3208   0.6685  72.7915 254.1280
   9.000   1.3713   0.01615   0.00487  -0.0803   0.2994   1.0000  74.8567 300.0000
   9.000   1.3713   0.01615   0.00487  -0.0803   0.2994   1.0000  74.8567 300.0000
   9.000   1.3713   0.01615   0.00487  -0.0803   0.2994   1.0000  74.8567 300.0000
   9.000   1.3713   0.01615   0.00487  -0.0803   0.2994   1.0000  74.8567 300.0000
   9.000   1.3713   0.01615   0.00487  -0.0803   0.2994   1.0000  74.8567 300.0000
  10.000   1.4586   0.01774   0.00542  -0.0765   0.2788   1.0000  76.9058 300.0000
  10.000   1.4586   0.01774   0.00542  -0.0765   0.2788   1.0000  76.9058 300.0000
  10.000   1.4586   0.01774   0.00542  -0.0765   0.2788   1.0000  76.9058 300.0000
  10.000   1.4586   0.01774   0.00542  -0.0765   0.2788   1.0000  76.9058 300.0000
  10.000   1.4586   0.01774   0.00542  -0.0765   0.2788   1.0000  76.9058 300.0000
  11.000   1.5249   0.01982   0.00622  -0.0699   0.2600   1.0000  78.8419 300.0000
  11.000   1.5249   0.01982   0.00622  -0.0699   0.2600   1.0000  78.8419 300.0000
  11.000   1.5249   0.01982   0.00622  -0.0699   0.2600   1.0000  78.8419 300.0000
  11.000   1.5249   0.01982   0.00622  -0.0699   0.2600   1.0000  78.8419 300.0000
  11.000   1.5249   0.01982   0.00622  -0.0699   0.2600   1.0000  78.8419 300.0000
  12.000   1.5810   0.02296   0.00765  -0.0638   0.2418   1.0000  80.7809 300.0000
  12.000   1.5810   0.02296   0.00765  -0.0638   0.2418   1.0000  80.7808 300.0000
  12.000   1.5810   0.02296   0.00765  -0.0638   0.2418   1.0000  80.7808 300.0000
  12.000   1.5810   0.02296   0.00765  -0.0638   0.2418   1.0000  80.7808 300.0000
  12.000   1.5810   0.02296   0.00765  -0.0638   0.2418   1.0000  80.7808 300.0000
  13.000   1.6271   0.02754   0.00999  -0.0591   0.2235   1.0000  82.8101 300.0000
  13.000   1.6271   0.02754   0.00999  -0.0591   0.2235   1.0000  82.8102 300.0000
  13.000   1.6271   0.02754   0.00999  -0.0591   0.2235   1.0000  82.8102 300.0000
  13.000   1.6271   0.02754   0.00999  -0.0591   0.2235   1.0000  82.8102 300.0000
  13.000   1.6271   0.02754   0.00999  -0.0591   0.2235   1.0000  82.8102 300.0000
  14.000   1.6599   0.03397   0.01357  -0.0557   0.2057   1.0000  84.8875 300.0000
  14.000   1.6599   0.03397   0.01357  -0.0557   0.2057   1.0000  84.8876 300.0000
  14.000   1.6599   0.03397   0.01357  -0.0557   0.2057   1.0000  84.8877 300.0000
  14.000   1.6599   0.03397   0.01357  -0.0557   0.2057   1.0000  84.8877 300.0000
  14.000   1.6599   0.03397   0.01357  -0.0557   0.2057   1.0000  84.8877 300.0000
  15.000   1.6776   0.04232   0.01852  -0.0531   0.1894   1.0000  86.8792 300.0000
  15.000   1.6776   0.04232   0.01852  -0.0531   0.1894   1.0000  86.8796 300.0000
  15.000   1.6776   0.04232   0.01852  -0.0531   0.1894   1.0000  86.8797 300.0000
  15.000   1.6776   0.04232   0.01852  -0.0531   0.1894   1.0000  86.8797 300.0000
  15.000   1.6776   0.04232   0.01852  -0.0531   0.1894   1.0000  86.8797 300.0000
  16.000   1.6821   0.05262   0.02498  -0.0516   0.1747   1.0000  88.7845 300.0000
  16.000   1.6822   0.05262   0.02498  -0.0516   0.1747   1.0000  88.7847 300.0000
  16.000   1.6822   0.05262   0.02498  -0.0516   0.1747   1.0000  88.7847 300.0000
  16.000   1.6822   0.05262   0.02498  -0.0516   0.1747   1.0000  88.7847 300.0000
  16.000   1.6822   0.05262   0.02498  -0.0516   0.1747   1.0000  88.7847 300.0000
  17.000   1.6783   0.06462   0.03290  -0.0515   0.1612   1.0000  90.6232 300.0000
  17.000   1.6784   0.06462   0.03290  -0.0515   0.1612   1.0000  90.6235 300.0000
  17.000   1.6784   0.06462   0.03290  -0.0515   0.1612   1.0000  90.6236 300.0000
  17.000   1.6784   0.06462   0.03290  -0.0515   0.1612   1.0000  90.6236 300.0000
  17.000   1.6784   0.06462   0.03290  -0.0515   0.1612   1.0000  90.6236 300.0000
  18.000   1.6704   0.07760   0.04182  -0.0523   0.1496   1.0000  92.2877 300.0000
  18.000   1.6704   0.07760   0.04182  -0.0523   0.1496   1.0000  92.2876 300.0000
  18.000   1.6704   0.07760   0.04182  -0.0523   0.1496   1.0000  92.2876 300.0000
  18.000   1.6704   0.07760   0.04182  -0.0523   0.1496   1.0000  92.2876 300.0000
  18.000   1.6704   0.07760   0.04182  -0.0523   0.1496   1.0000  92.2876 300.0000
  19.000   1.6587   0.09145   0.05193  -0.0542   0.1386   1.0000  93.9559 300.0000
  19.000   1.6587   0.09146   0.05193  -0.0542   0.1386   1.0000  93.9563 300.0000
  19.000   1.6587   0.09146   0.05193  -0.0542   0.1386   1.0000  93.9564 300.0000
  19.000   1.6587   0.09146   0.05193  -0.0542   0.1386   1.0000  93.9564 300.0000
  19.000   1.6587   0.09146   0.05193  -0.0542   0.1386   1.0000  93.9564 300.0000
