  
       XFOIL         Version 6.99
  
 Calculated polar for: ONERA HOR20 AIRFOIL                             
  
 1 1 Reynolds number fixed          Mach number fixed         
  
 xtrf =   1.000 (top)        1.000 (bottom)  
 Mach =   0.000     Re =     0.375 e 6     Ncrit =   9.000  9.000
  
   alpha    CL        CD       CDp       CM     Top_Xtr  Bot_Xtr  Top_Itr  Bot_Itr
  ------ -------- --------- --------- -------- -------- -------- -------- --------
   0.000   0.3648   0.01262   0.00306  -0.0857   0.5042   0.3436  57.2863 230.3470
   0.000   0.3648   0.01262   0.00306  -0.0857   0.5042   0.3436  57.2863 230.3470
   0.000   0.3648   0.01262   0.00306  -0.0857   0.5042   0.3436  57.2863 230.3470
   0.000   0.3648   0.01262   0.00306  -0.0857   0.5042   0.3436  57.2863 230.3470
   0.000   0.3648   0.01262   0.00306  -0.0857   0.5042   0.3436  57.2863 230.3470
   1.000   0.4847   0.01282   0.00317  -0.0863   0.4821   0.3813  58.9817 233.2648
   1.000   0.4847   0.01282   0.00317  -0.0863   0.4821   0.3813  58.9817 233.2648
   1.000   0.4847   0.01282   0.00317  -0.0863   0.4821   0.3813  58.9817 233.2648
   1.000   0.4847   0.01282   0.00317  -0.0863   0.4821   0.3813  58.9817 233.2648
   1.000   0.4847   0.01282   0.00317  -0.0863   0.4821   0.3813  58.9817 233.2648
   2.000   0.6043   0.01307   0.00339  -0.0868   0.4600   0.4224  60.7159 236.2972
   2.000   0.6043   0.01307   0.00339  -0.0868   0.4600   0.4224  60.7167 236.2979
   2.000   0.6043   0.01307   0.00339  -0.0868   0.4600   0.4224  60.7167 236.2979
   2.000   0.6043   0.01307   0.00339  -0.0868   0.4600   0.4224  60.7167 236.2979
   2.000   0.6043   0.01307   0.00339  -0.0868   0.4600   0.4224  60.7167 236.2979
   3.000   0.7226   0.01346   0.00359  -0.0871   0.4387   0.4587  62.4371 238.9043
   3.000   0.7226   0.01346   0.00359  -0.0871   0.4387   0.4587  62.4371 238.9052
   3.000   0.7226   0.01346   0.00359  -0.0871   0.4387   0.4587  62.4371 238.9052
   3.000   0.7226   0.01346   0.00359  -0.0871   0.4387   0.4587  62.4371 238.9052
   3.000   0.7226   0.01346   0.00359  -0.0871   0.4387   0.4587  62.4371 238.9052
   4.000   0.8390   0.01389   0.00377  -0.0872   0.4170   0.4897  64.2282 241.1238
   4.000   0.8390   0.01389   0.00377  -0.0872   0.4170   0.4897  64.2282 241.1238
   4.000   0.8390   0.01389   0.00377  -0.0872   0.4170   0.4897  64.2282 241.1238
   4.000   0.8390   0.01389   0.00377  -0.0872   0.4170   0.4897  64.2282 241.1238
   4.000   0.8390   0.01389   0.00377  -0.0872   0.4170   0.4897  64.2282 241.1238
   5.000   0.9533   0.01438   0.00394  -0.0869   0.3950   0.5190  66.0954 243.2533
   5.000   0.9533   0.01438   0.00394  -0.0869   0.3950   0.5190  66.0954 243.2532
   5.000   0.9533   0.01438   0.00394  -0.0869   0.3950   0.5190  66.0954 243.2532
   5.000   0.9533   0.01438   0.00394  -0.0869   0.3950   0.5190  66.0954 243.2532
   5.000   0.9533   0.01438   0.00394  -0.0869   0.3950   0.5190  66.0954 243.2532
   6.000   1.0649   0.01493   0.00413  -0.0864   0.3727   0.5500  68.0368 245.5437
   6.000   1.0649   0.01493   0.00413  -0.0864   0.3727   0.5500  68.0366 245.5450
   6.000   1.0649   0.01493   0.00413  -0.0864   0.3727   0.5500  68.0366 245.5449
   6.000   1.0649   0.01493   0.00413  -0.0864   0.3727   0.5500  68.0366 245.5449
   6.000   1.0649   0.01493   0.00413  -0.0864   0.3727   0.5500  68.0366 245.5449
   7.000   1.1729   0.01555   0.00440  -0.0854   0.3499   0.5899  70.0841 248.4648
   7.000   1.1729   0.01555   0.00440  -0.0854   0.3499   0.5899  70.0841 248.4643
   7.000   1.1729   0.01555   0.00440  -0.0854   0.3499   0.5899  70.0841 248.4643
   7.000   1.1729   0.01555   0.00440  -0.0854   0.3499   0.5899  70.0841 248.4643
   7.000   1.1729   0.01555   0.00440  -0.0854   0.3499   0.5899  70.0841 248.4643
   8.000   1.2739   0.01601   0.00486  -0.0833   0.3276   0.7497  72.1482 260.0811
   8.000   1.2739   0.01601   0.00486  -0.0833   0.3276   0.7497  72.1482 260.0811
   8.000   1.2739   0.01601   0.00486  -0.0833   0.3276   0.7497  72.1482 260.0811
   8.000   1.2739   0.01601   0.00486  -0.0833   0.3276   0.7497  72.1482 260.0811
   8.000   1.2739   0.01601   0.00486  -0.0833   0.3276   0.7497  72.1482 260.0811
   9.000   1.3664   0.01687   0.00519  -0.0796   0.3059   1.0000  74.2240 300.0000
   9.000   1.3664   0.01687   0.00519  -0.0796   0.3059   1.0000  74.2240 300.0000
   9.000   1.3664   0.01687   0.00519  -0.0796   0.3059   1.0000  74.2240 300.0000
   9.000   1.3664   0.01687   0.00519  -0.0796   0.3059   1.0000  74.2240 300.0000
   9.000   1.3664   0.01687   0.00519  -0.0796   0.3059   1.0000  74.2240 300.0000
  10.000   1.4531   0.01848   0.00576  -0.0757   0.2849   1.0000  76.2873 300.0000
  10.000   1.4531   0.01848   0.00576  -0.0757   0.2849   1.0000  76.2877 300.0000
  10.000   1.4531   0.01848   0.00576  -0.0757   0.2849   1.0000  76.2877 300.0000
  10.000   1.4531   0.01848   0.00576  -0.0757   0.2849   1.0000  76.2877 300.0000
  10.000   1.4531   0.01848   0.00576  -0.0757   0.2849   1.0000  76.2877 300.0000
  11.000   1.5179   0.02062   0.00656  -0.0689   0.2660   1.0000  78.2127 300.0000
  11.000   1.5179   0.02062   0.00656  -0.0689   0.2660   1.0000  78.2127 300.0000
  11.000   1.5179   0.02062   0.00656  -0.0689   0.2660   1.0000  78.2127 300.0000
  11.000   1.5179   0.02062   0.00656  -0.0689   0.2660   1.0000  78.2127 300.0000
  11.000   1.5179   0.02062   0.00656  -0.0689   0.2660   1.0000  78.2127 300.0000
  12.000   1.5724   0.02382   0.00799  -0.0627   0.2481   1.0000  80.1040 300.0000
  12.000   1.5724   0.02382   0.00799  -0.0627   0.2481   1.0000  80.1038 300.0000
  12.000   1.5724   0.02382   0.00799  -0.0627   0.2481   1.0000  80.1038 300.0000
  12.000   1.5724   0.02382   0.00799  -0.0627   0.2481   1.0000  80.1038 300.0000
  12.000   1.5724   0.02382   0.00799  -0.0627   0.2481   1.0000  80.1038 300.0000
  13.000   1.6171   0.02842   0.01033  -0.0579   0.2299   1.0000  82.0949 300.0000
  13.000   1.6171   0.02842   0.01033  -0.0579   0.2299   1.0000  82.0954 300.0000
  13.000   1.6171   0.02842   0.01033  -0.0579   0.2299   1.0000  82.0954 300.0000
  13.000   1.6171   0.02842   0.01033  -0.0579   0.2299   1.0000  82.0954 300.0000
  13.000   1.6171   0.02842   0.01033  -0.0579   0.2299   1.0000  82.0954 300.0000
  14.000   1.6495   0.03477   0.01386  -0.0543   0.2120   1.0000  84.1419 300.0000
  14.000   1.6494   0.03477   0.01386  -0.0543   0.2120   1.0000  84.1416 300.0000
  14.000   1.6494   0.03477   0.01386  -0.0543   0.2120   1.0000  84.1415 300.0000
  14.000   1.6494   0.03477   0.01386  -0.0543   0.2120   1.0000  84.1415 300.0000
  14.000   1.6494   0.03477   0.01386  -0.0543   0.2120   1.0000  84.1415 300.0000
  15.000   1.6666   0.04309   0.01879  -0.0518   0.1951   1.0000  86.1727 300.0000
  15.000   1.6666   0.04309   0.01879  -0.0518   0.1951   1.0000  86.1732 300.0000
  15.000   1.6666   0.04309   0.01879  -0.0518   0.1951   1.0000  86.1733 300.0000
  15.000   1.6666   0.04309   0.01879  -0.0518   0.1951   1.0000  86.1733 300.0000
  15.000   1.6666   0.04309   0.01879  -0.0518   0.1951   1.0000  86.1733 300.0000
  16.000   1.6722   0.05318   0.02506  -0.0503   0.1803   1.0000  88.0370 300.0000
  16.000   1.6722   0.05318   0.02506  -0.0503   0.1803   1.0000  88.0367 300.0000
  16.000   1.6722   0.05318   0.02506  -0.0503   0.1803   1.0000  88.0367 300.0000
  16.000   1.6722   0.05318   0.02506  -0.0503   0.1803   1.0000  88.0367 300.0000
  16.000   1.6722   0.05318   0.02506  -0.0503   0.1803   1.0000  88.0367 300.0000
  17.000   1.6698   0.06501   0.03286  -0.0502   0.1663   1.0000  89.9139 300.0000
  17.000   1.6698   0.06501   0.03286  -0.0502   0.1663   1.0000  89.9141 300.0000
  17.000   1.6698   0.06501   0.03286  -0.0502   0.1663   1.0000  89.9142 300.0000
  17.000   1.6698   0.06501   0.03286  -0.0502   0.1663   1.0000  89.9142 300.0000
  17.000   1.6698   0.06501   0.03286  -0.0502   0.1663   1.0000  89.9142 300.0000
  18.000   1.6645   0.07772   0.04163  -0.0512   0.1540   1.0000  91.6417 300.0000
  18.000   1.6646   0.07772   0.04163  -0.0512   0.1540   1.0000  91.6418 300.0000
  18.000   1.6646   0.07772   0.04163  -0.0512   0.1540   1.0000  91.6418 300.0000
  18.000   1.6646   0.07772   0.04163  -0.0512   0.1540   1.0000  91.6418 300.0000
  18.000   1.6646   0.07772   0.04163  -0.0512   0.1540   1.0000  91.6418 300.0000
  19.000   1.6558   0.09121   0.05146  -0.0531   0.1428   1.0000  93.3084 300.0000
  19.000   1.6558   0.09121   0.05146  -0.0531   0.1428   1.0000  93.3081 300.0000
  19.000   1.6558   0.09121   0.05146  -0.0531   0.1428   1.0000  93.3080 300.0000
  19.000   1.6557   0.09121   0.05146  -0.0531   0.1428   1.0000  93.3080 300.0000
  19.000   1.6557   0.09121   0.05146  -0.0531   0.1428   1.0000  93.3080 300.0000
