  
       XFOIL         Version 6.99
  
 Calculated polar for: ONERA HOR20 AIRFOIL                             
  
 1 1 Reynolds number fixed          Mach number fixed         
  
 xtrf =   1.000 (top)        1.000 (bottom)  
 Mach =   0.000     Re =     0.500 e 6     Ncrit =   9.000  9.000
  
   alpha    CL        CD       CDp       CM     Top_Xtr  Bot_Xtr  Top_Itr  Bot_Itr
  ------ -------- --------- --------- -------- -------- -------- -------- --------
   0.000   0.3664   0.01140   0.00242  -0.0859   0.4867   0.3267  58.6269 228.9840
   0.000   0.3664   0.01140   0.00242  -0.0859   0.4867   0.3267  58.6269 228.9840
   0.000   0.3664   0.01140   0.00242  -0.0859   0.4867   0.3267  58.6269 228.9840
   0.000   0.3664   0.01140   0.00242  -0.0859   0.4867   0.3267  58.6269 228.9840
   0.000   0.3664   0.01140   0.00242  -0.0859   0.4867   0.3267  58.6269 228.9840
   1.000   0.4872   0.01150   0.00250  -0.0867   0.4654   0.3647  60.2843 231.9945
   1.000   0.4872   0.01150   0.00250  -0.0867   0.4654   0.3647  60.2843 231.9944
   1.000   0.4872   0.01150   0.00250  -0.0867   0.4654   0.3647  60.2843 231.9944
   1.000   0.4872   0.01150   0.00250  -0.0867   0.4654   0.3647  60.2843 231.9944
   1.000   0.4872   0.01150   0.00250  -0.0867   0.4654   0.3647  60.2843 231.9944
   2.000   0.6072   0.01172   0.00264  -0.0873   0.4446   0.4065  61.9573 235.1369
   2.000   0.6072   0.01172   0.00264  -0.0873   0.4446   0.4065  61.9573 235.1372
   2.000   0.6072   0.01172   0.00264  -0.0873   0.4446   0.4065  61.9573 235.1372
   2.000   0.6072   0.01172   0.00264  -0.0873   0.4446   0.4065  61.9573 235.1372
   2.000   0.6072   0.01172   0.00264  -0.0873   0.4446   0.4065  61.9573 235.1372
   3.000   0.7263   0.01204   0.00283  -0.0877   0.4233   0.4420  63.7054 237.7086
   3.000   0.7263   0.01204   0.00283  -0.0877   0.4233   0.4420  63.7054 237.7083
   3.000   0.7263   0.01204   0.00283  -0.0877   0.4233   0.4420  63.7054 237.7083
   3.000   0.7263   0.01204   0.00283  -0.0877   0.4233   0.4420  63.7054 237.7083
   3.000   0.7263   0.01204   0.00283  -0.0877   0.4233   0.4420  63.7054 237.7083
   4.000   0.8437   0.01245   0.00302  -0.0879   0.4015   0.4719  65.5411 239.8476
   4.000   0.8437   0.01245   0.00302  -0.0879   0.4015   0.4719  65.5411 239.8485
   4.000   0.8437   0.01245   0.00302  -0.0879   0.4015   0.4719  65.5411 239.8485
   4.000   0.8437   0.01245   0.00302  -0.0879   0.4015   0.4719  65.5411 239.8485
   4.000   0.8437   0.01245   0.00302  -0.0879   0.4015   0.4719  65.5411 239.8485
   5.000   0.9592   0.01294   0.00322  -0.0879   0.3799   0.4994  67.4074 241.8231
   5.000   0.9592   0.01294   0.00322  -0.0879   0.3799   0.4994  67.4085 241.8218
   5.000   0.9592   0.01294   0.00322  -0.0879   0.3799   0.4994  67.4085 241.8218
   5.000   0.9592   0.01294   0.00322  -0.0879   0.3799   0.4994  67.4085 241.8218
   5.000   0.9592   0.01294   0.00322  -0.0879   0.3799   0.4994  67.4085 241.8218
   6.000   1.0721   0.01350   0.00344  -0.0875   0.3576   0.5271  69.3894 243.8549
   6.000   1.0721   0.01350   0.00344  -0.0875   0.3576   0.5271  69.3894 243.8549
   6.000   1.0721   0.01350   0.00344  -0.0875   0.3576   0.5271  69.3894 243.8549
   6.000   1.0721   0.01350   0.00344  -0.0875   0.3576   0.5271  69.3894 243.8549
   6.000   1.0721   0.01350   0.00344  -0.0875   0.3576   0.5271  69.3894 243.8549
   7.000   1.1817   0.01415   0.00370  -0.0867   0.3349   0.5591  71.4685 246.2137
   7.000   1.1817   0.01415   0.00370  -0.0867   0.3349   0.5591  71.4685 246.2130
   7.000   1.1817   0.01415   0.00370  -0.0867   0.3349   0.5591  71.4685 246.2130
   7.000   1.1817   0.01415   0.00370  -0.0867   0.3349   0.5591  71.4685 246.2130
   7.000   1.1817   0.01415   0.00370  -0.0867   0.3349   0.5591  71.4685 246.2130
   8.000   1.2867   0.01487   0.00409  -0.0854   0.3125   0.6238  73.5823 250.9110
   8.000   1.2867   0.01487   0.00409  -0.0854   0.3125   0.6238  73.5823 250.9132
   8.000   1.2867   0.01487   0.00409  -0.0854   0.3125   0.6238  73.5823 250.9129
   8.000   1.2867   0.01487   0.00409  -0.0854   0.3125   0.6238  73.5823 250.9129
   8.000   1.2867   0.01487   0.00409  -0.0854   0.3125   0.6238  73.5823 250.9129
   9.000   1.3791   0.01528   0.00452  -0.0816   0.2911   1.0000  75.6756 300.0000
   9.000   1.3791   0.01528   0.00452  -0.0816   0.2911   1.0000  75.6757 300.0000
   9.000   1.3791   0.01528   0.00452  -0.0816   0.2911   1.0000  75.6757 300.0000
   9.000   1.3791   0.01528   0.00452  -0.0816   0.2911   1.0000  75.6757 300.0000
   9.000   1.3791   0.01528   0.00452  -0.0816   0.2911   1.0000  75.6757 300.0000
  10.000   1.4688   0.01680   0.00505  -0.0781   0.2707   1.0000  77.7293 300.0000
  10.000   1.4688   0.01680   0.00505  -0.0781   0.2707   1.0000  77.7293 300.0000
  10.000   1.4688   0.01680   0.00505  -0.0781   0.2707   1.0000  77.7293 300.0000
  10.000   1.4688   0.01680   0.00505  -0.0781   0.2707   1.0000  77.7293 300.0000
  10.000   1.4688   0.01680   0.00505  -0.0781   0.2707   1.0000  77.7293 300.0000
  11.000   1.5379   0.01877   0.00580  -0.0717   0.2523   1.0000  79.6537 300.0000
  11.000   1.5379   0.01877   0.00580  -0.0717   0.2523   1.0000  79.6538 300.0000
  11.000   1.5379   0.01877   0.00580  -0.0717   0.2523   1.0000  79.6538 300.0000
  11.000   1.5379   0.01877   0.00580  -0.0717   0.2523   1.0000  79.6538 300.0000
  11.000   1.5379   0.01877   0.00580  -0.0717   0.2523   1.0000  79.6538 300.0000
  12.000   1.5955   0.02177   0.00714  -0.0656   0.2338   1.0000  81.6542 300.0000
  12.000   1.5955   0.02177   0.00714  -0.0656   0.2338   1.0000  81.6540 300.0000
  12.000   1.5955   0.02177   0.00714  -0.0656   0.2338   1.0000  81.6540 300.0000
  12.000   1.5955   0.02177   0.00714  -0.0656   0.2338   1.0000  81.6540 300.0000
  12.000   1.5955   0.02177   0.00714  -0.0656   0.2338   1.0000  81.6540 300.0000
  13.000   1.6442   0.02617   0.00936  -0.0609   0.2158   1.0000  83.7004 300.0000
  13.000   1.6442   0.02617   0.00936  -0.0609   0.2158   1.0000  83.7005 300.0000
  13.000   1.6442   0.02617   0.00936  -0.0609   0.2158   1.0000  83.7005 300.0000
  13.000   1.6442   0.02617   0.00936  -0.0609   0.2158   1.0000  83.7005 300.0000
  13.000   1.6442   0.02617   0.00936  -0.0609   0.2158   1.0000  83.7005 300.0000
  14.000   1.6786   0.03249   0.01285  -0.0573   0.1977   1.0000  85.8445 300.0000
  14.000   1.6786   0.03249   0.01285  -0.0573   0.1977   1.0000  85.8446 300.0000
  14.000   1.6786   0.03249   0.01285  -0.0573   0.1977   1.0000  85.8446 300.0000
  14.000   1.6786   0.03249   0.01285  -0.0573   0.1977   1.0000  85.8446 300.0000
  14.000   1.6786   0.03249   0.01285  -0.0573   0.1977   1.0000  85.8446 300.0000
  15.000   1.6973   0.04078   0.01775  -0.0547   0.1820   1.0000  87.8204 300.0000
  15.000   1.6973   0.04078   0.01775  -0.0547   0.1820   1.0000  87.8206 300.0000
  15.000   1.6973   0.04078   0.01775  -0.0547   0.1820   1.0000  87.8206 300.0000
  15.000   1.6973   0.04078   0.01775  -0.0547   0.1820   1.0000  87.8206 300.0000
  15.000   1.6973   0.04078   0.01775  -0.0547   0.1820   1.0000  87.8206 300.0000
  16.000   1.6999   0.05123   0.02428  -0.0530   0.1677   1.0000  89.7192 300.0000
  16.000   1.6999   0.05123   0.02428  -0.0530   0.1677   1.0000  89.7197 300.0000
  16.000   1.6999   0.05123   0.02428  -0.0530   0.1677   1.0000  89.7198 300.0000
  16.000   1.6999   0.05123   0.02428  -0.0530   0.1677   1.0000  89.7198 300.0000
  16.000   1.6999   0.05123   0.02428  -0.0530   0.1677   1.0000  89.7198 300.0000
  17.000   1.6942   0.06341   0.03228  -0.0527   0.1550   1.0000  91.4956 300.0000
  17.000   1.6942   0.06341   0.03228  -0.0527   0.1550   1.0000  91.4959 300.0000
  17.000   1.6942   0.06341   0.03228  -0.0527   0.1550   1.0000  91.4959 300.0000
  17.000   1.6942   0.06341   0.03228  -0.0527   0.1550   1.0000  91.4959 300.0000
  17.000   1.6942   0.06341   0.03228  -0.0527   0.1550   1.0000  91.4959 300.0000
  18.000   1.6816   0.07693   0.04159  -0.0535   0.1438   1.0000  93.1502 300.0000
  18.000   1.6816   0.07693   0.04159  -0.0535   0.1438   1.0000  93.1501 300.0000
  18.000   1.6816   0.07693   0.04159  -0.0535   0.1438   1.0000  93.1501 300.0000
  18.000   1.6816   0.07693   0.04159  -0.0535   0.1438   1.0000  93.1500 300.0000
  18.000   1.6816   0.07693   0.04159  -0.0535   0.1438   1.0000  93.1500 300.0000
  19.000   1.6667   0.09122   0.05206  -0.0554   0.1329   1.0000  94.8505 300.0000
  19.000   1.6667   0.09122   0.05206  -0.0554   0.1329   1.0000  94.8503 300.0000
  19.000   1.6667   0.09122   0.05206  -0.0554   0.1329   1.0000  94.8503 300.0000
  19.000   1.6667   0.09122   0.05206  -0.0554   0.1329   1.0000  94.8503 300.0000
  19.000   1.6667   0.09122   0.05206  -0.0554   0.1329   1.0000  94.8503 300.0000
