  
       XFOIL         Version 6.99
  
 Calculated polar for: ONERA HOR20 AIRFOIL                             
  
 1 1 Reynolds number fixed          Mach number fixed         
  
 xtrf =   1.000 (top)        1.000 (bottom)  
 Mach =   0.000     Re =     0.400 e 6     Ncrit =   9.000  9.000
  
   alpha    CL        CD       CDp       CM     Top_Xtr  Bot_Xtr  Top_Itr  Bot_Itr
  ------ -------- --------- --------- -------- -------- -------- -------- --------
   0.000   0.3652   0.01232   0.00288  -0.0858   0.4999   0.3400  57.6137 230.0622
   0.000   0.3652   0.01232   0.00288  -0.0858   0.4999   0.3400  57.6137 230.0622
   0.000   0.3652   0.01232   0.00288  -0.0858   0.4999   0.3400  57.6137 230.0622
   0.000   0.3652   0.01232   0.00288  -0.0858   0.4999   0.3400  57.6137 230.0622
   0.000   0.3652   0.01232   0.00288  -0.0858   0.4999   0.3400  57.6137 230.0622
   1.000   0.4854   0.01249   0.00300  -0.0864   0.4780   0.3780  59.3034 233.0133
   1.000   0.4854   0.01249   0.00300  -0.0864   0.4780   0.3780  59.3034 233.0132
   1.000   0.4854   0.01249   0.00300  -0.0864   0.4780   0.3780  59.3034 233.0132
   1.000   0.4854   0.01249   0.00300  -0.0864   0.4780   0.3780  59.3034 233.0132
   1.000   0.4854   0.01249   0.00300  -0.0864   0.4780   0.3780  59.3034 233.0132
   2.000   0.6048   0.01277   0.00317  -0.0869   0.4568   0.4192  60.9719 236.0651
   2.000   0.6048   0.01277   0.00317  -0.0869   0.4568   0.4192  60.9719 236.0652
   2.000   0.6048   0.01277   0.00317  -0.0869   0.4568   0.4192  60.9719 236.0652
   2.000   0.6048   0.01277   0.00317  -0.0869   0.4568   0.4192  60.9719 236.0652
   2.000   0.6048   0.01277   0.00317  -0.0869   0.4568   0.4192  60.9719 236.0652
   3.000   0.7233   0.01309   0.00340  -0.0872   0.4351   0.4544  62.7280 238.5994
   3.000   0.7233   0.01309   0.00340  -0.0872   0.4351   0.4544  62.7280 238.5991
   3.000   0.7233   0.01309   0.00340  -0.0872   0.4351   0.4544  62.7280 238.5991
   3.000   0.7233   0.01309   0.00340  -0.0872   0.4351   0.4544  62.7280 238.5991
   3.000   0.7233   0.01309   0.00340  -0.0872   0.4351   0.4544  62.7280 238.5991
   4.000   0.8401   0.01353   0.00358  -0.0873   0.4132   0.4856  64.5485 240.8292
   4.000   0.8401   0.01353   0.00358  -0.0873   0.4132   0.4856  64.5485 240.8292
   4.000   0.8401   0.01353   0.00358  -0.0873   0.4132   0.4856  64.5485 240.8292
   4.000   0.8401   0.01353   0.00358  -0.0873   0.4132   0.4856  64.5485 240.8292
   4.000   0.8401   0.01353   0.00358  -0.0873   0.4132   0.4856  64.5485 240.8292
   5.000   0.9547   0.01403   0.00376  -0.0871   0.3912   0.5147  66.4229 242.9374
   5.000   0.9547   0.01403   0.00376  -0.0871   0.3912   0.5147  66.4229 242.9368
   5.000   0.9547   0.01403   0.00376  -0.0871   0.3912   0.5147  66.4229 242.9368
   5.000   0.9547   0.01403   0.00376  -0.0871   0.3912   0.5147  66.4229 242.9368
   5.000   0.9547   0.01403   0.00376  -0.0871   0.3912   0.5147  66.4229 242.9368
   6.000   1.0666   0.01457   0.00397  -0.0866   0.3690   0.5445  68.3720 245.1388
   6.000   1.0666   0.01457   0.00397  -0.0866   0.3690   0.5445  68.3721 245.1382
   6.000   1.0666   0.01457   0.00397  -0.0866   0.3690   0.5445  68.3721 245.1382
   6.000   1.0666   0.01457   0.00397  -0.0866   0.3690   0.5445  68.3721 245.1382
   6.000   1.0666   0.01457   0.00397  -0.0866   0.3690   0.5445  68.3721 245.1382
   7.000   1.1750   0.01520   0.00424  -0.0857   0.3462   0.5825  70.4256 247.9213
   7.000   1.1750   0.01520   0.00424  -0.0857   0.3462   0.5825  70.4257 247.9206
   7.000   1.1750   0.01520   0.00424  -0.0857   0.3462   0.5825  70.4257 247.9206
   7.000   1.1750   0.01520   0.00424  -0.0857   0.3462   0.5825  70.4257 247.9206
   7.000   1.1750   0.01520   0.00424  -0.0857   0.3462   0.5825  70.4257 247.9206
   8.000   1.2776   0.01578   0.00467  -0.0839   0.3239   0.6970  72.5022 256.1824
   8.000   1.2776   0.01578   0.00467  -0.0839   0.3239   0.6970  72.5022 256.1837
   8.000   1.2776   0.01578   0.00467  -0.0839   0.3239   0.6970  72.5022 256.1837
   8.000   1.2776   0.01578   0.00467  -0.0839   0.3239   0.6970  72.5022 256.1837
   8.000   1.2776   0.01578   0.00467  -0.0839   0.3239   0.6970  72.5022 256.1837
   9.000   1.3691   0.01647   0.00503  -0.0800   0.3023   1.0000  74.5706 300.0000
   9.000   1.3691   0.01647   0.00503  -0.0800   0.3023   1.0000  74.5706 300.0000
   9.000   1.3691   0.01647   0.00503  -0.0800   0.3023   1.0000  74.5706 300.0000
   9.000   1.3691   0.01647   0.00503  -0.0800   0.3023   1.0000  74.5706 300.0000
   9.000   1.3691   0.01647   0.00503  -0.0800   0.3023   1.0000  74.5706 300.0000
  10.000   1.4562   0.01806   0.00558  -0.0762   0.2816   1.0000  76.6285 300.0000
  10.000   1.4562   0.01806   0.00558  -0.0762   0.2816   1.0000  76.6285 300.0000
  10.000   1.4562   0.01806   0.00558  -0.0762   0.2816   1.0000  76.6285 300.0000
  10.000   1.4562   0.01806   0.00558  -0.0762   0.2816   1.0000  76.6285 300.0000
  10.000   1.4562   0.01806   0.00558  -0.0762   0.2816   1.0000  76.6285 300.0000
  11.000   1.5218   0.02018   0.00638  -0.0695   0.2627   1.0000  78.5576 300.0000
  11.000   1.5218   0.02018   0.00638  -0.0695   0.2627   1.0000  78.5576 300.0000
  11.000   1.5218   0.02018   0.00638  -0.0695   0.2627   1.0000  78.5576 300.0000
  11.000   1.5218   0.02018   0.00638  -0.0695   0.2627   1.0000  78.5576 300.0000
  11.000   1.5218   0.02018   0.00638  -0.0695   0.2627   1.0000  78.5576 300.0000
  12.000   1.5771   0.02335   0.00782  -0.0633   0.2447   1.0000  80.4698 300.0000
  12.000   1.5771   0.02335   0.00782  -0.0633   0.2447   1.0000  80.4697 300.0000
  12.000   1.5771   0.02335   0.00782  -0.0633   0.2447   1.0000  80.4697 300.0000
  12.000   1.5771   0.02335   0.00782  -0.0633   0.2447   1.0000  80.4697 300.0000
  12.000   1.5771   0.02335   0.00782  -0.0633   0.2447   1.0000  80.4697 300.0000
  13.000   1.6226   0.02794   0.01017  -0.0586   0.2264   1.0000  82.4888 300.0000
  13.000   1.6226   0.02794   0.01017  -0.0586   0.2264   1.0000  82.4885 300.0000
  13.000   1.6226   0.02794   0.01017  -0.0586   0.2264   1.0000  82.4885 300.0000
  13.000   1.6226   0.02794   0.01017  -0.0586   0.2264   1.0000  82.4885 300.0000
  13.000   1.6226   0.02794   0.01017  -0.0586   0.2264   1.0000  82.4885 300.0000
  14.000   1.6554   0.03433   0.01372  -0.0551   0.2085   1.0000  84.5546 300.0000
  14.000   1.6554   0.03433   0.01372  -0.0551   0.2085   1.0000  84.5547 300.0000
  14.000   1.6554   0.03433   0.01372  -0.0551   0.2085   1.0000  84.5547 300.0000
  14.000   1.6554   0.03433   0.01372  -0.0551   0.2085   1.0000  84.5547 300.0000
  14.000   1.6554   0.03433   0.01372  -0.0551   0.2085   1.0000  84.5547 300.0000
  15.000   1.6728   0.04267   0.01866  -0.0525   0.1919   1.0000  86.5638 300.0000
  15.000   1.6728   0.04267   0.01866  -0.0525   0.1919   1.0000  86.5639 300.0000
  15.000   1.6728   0.04267   0.01866  -0.0525   0.1919   1.0000  86.5640 300.0000
  15.000   1.6728   0.04267   0.01866  -0.0525   0.1919   1.0000  86.5640 300.0000
  15.000   1.6728   0.04267   0.01866  -0.0525   0.1919   1.0000  86.5640 300.0000
  16.000   1.6776   0.05289   0.02506  -0.0510   0.1773   1.0000  88.4435 300.0000
  16.000   1.6776   0.05289   0.02506  -0.0510   0.1772   1.0000  88.4440 300.0000
  16.000   1.6776   0.05290   0.02506  -0.0510   0.1772   1.0000  88.4441 300.0000
  16.000   1.6776   0.05290   0.02506  -0.0510   0.1772   1.0000  88.4441 300.0000
  16.000   1.6776   0.05290   0.02506  -0.0510   0.1772   1.0000  88.4441 300.0000
  17.000   1.6738   0.06487   0.03294  -0.0509   0.1636   1.0000  90.2774 300.0000
  17.000   1.6738   0.06487   0.03294  -0.0509   0.1636   1.0000  90.2776 300.0000
  17.000   1.6738   0.06487   0.03294  -0.0509   0.1636   1.0000  90.2777 300.0000
  17.000   1.6738   0.06487   0.03294  -0.0509   0.1636   1.0000  90.2777 300.0000
  17.000   1.6738   0.06487   0.03294  -0.0509   0.1636   1.0000  90.2777 300.0000
  18.000   1.6672   0.07765   0.04168  -0.0517   0.1519   1.0000  91.9482 300.0000
  18.000   1.6672   0.07765   0.04168  -0.0517   0.1519   1.0000  91.9482 300.0000
  18.000   1.6672   0.07765   0.04168  -0.0517   0.1519   1.0000  91.9483 300.0000
  18.000   1.6672   0.07765   0.04168  -0.0517   0.1519   1.0000  91.9483 300.0000
  18.000   1.6672   0.07765   0.04168  -0.0517   0.1519   1.0000  91.9483 300.0000
  19.000   1.6566   0.09147   0.05186  -0.0538   0.1404   1.0000  93.6663 300.0000
  19.000   1.6567   0.09147   0.05186  -0.0538   0.1404   1.0000  93.6665 300.0000
  19.000   1.6567   0.09147   0.05186  -0.0538   0.1404   1.0000  93.6665 300.0000
  19.000   1.6567   0.09147   0.05186  -0.0538   0.1404   1.0000  93.6665 300.0000
  19.000   1.6567   0.09147   0.05186  -0.0538   0.1404   1.0000  93.6665 300.0000
