  
       XFOIL         Version 6.99
  
 Calculated polar for: ONERA HOR20 AIRFOIL                             
  
 1 1 Reynolds number fixed          Mach number fixed         
  
 xtrf =   1.000 (top)        1.000 (bottom)  
 Mach =   0.000     Re =     0.275 e 6     Ncrit =   9.000  9.000
  
   alpha    CL        CD       CDp       CM     Top_Xtr  Bot_Xtr  Top_Itr  Bot_Itr
  ------ -------- --------- --------- -------- -------- -------- -------- --------
   0.000   0.3638   0.01435   0.00411  -0.0857   0.5252   0.3640  55.6905 231.9396
   0.000   0.3638   0.01435   0.00411  -0.0857   0.5252   0.3640  55.6905 231.9400
   0.000   0.3638   0.01435   0.00411  -0.0857   0.5252   0.3640  55.6905 231.9400
   0.000   0.3638   0.01435   0.00411  -0.0857   0.5252   0.3640  55.6905 231.9400
   0.000   0.3638   0.01435   0.00411  -0.0857   0.5252   0.3640  55.6905 231.9400
   1.000   0.4831   0.01458   0.00431  -0.0862   0.5014   0.4006  57.4974 234.7068
   1.000   0.4831   0.01458   0.00431  -0.0862   0.5014   0.4006  57.4974 234.7069
   1.000   0.4831   0.01458   0.00431  -0.0862   0.5014   0.4006  57.4974 234.7069
   1.000   0.4831   0.01458   0.00431  -0.0862   0.5014   0.4006  57.4974 234.7069
   1.000   0.4831   0.01458   0.00431  -0.0862   0.5014   0.4006  57.4974 234.7069
   2.000   0.6016   0.01501   0.00458  -0.0865   0.4791   0.4409  59.2165 237.6287
   2.000   0.6016   0.01501   0.00458  -0.0865   0.4791   0.4409  59.2165 237.6287
   2.000   0.6016   0.01501   0.00458  -0.0865   0.4791   0.4409  59.2165 237.6287
   2.000   0.6016   0.01501   0.00458  -0.0865   0.4791   0.4409  59.2165 237.6287
   2.000   0.6016   0.01501   0.00458  -0.0865   0.4791   0.4409  59.2165 237.6287
   3.000   0.7191   0.01543   0.00479  -0.0867   0.4572   0.4780  60.9425 240.2824
   3.000   0.7191   0.01543   0.00479  -0.0867   0.4571   0.4780  60.9434 240.2828
   3.000   0.7191   0.01543   0.00479  -0.0867   0.4571   0.4780  60.9434 240.2828
   3.000   0.7191   0.01543   0.00479  -0.0867   0.4571   0.4780  60.9434 240.2828
   3.000   0.7191   0.01543   0.00479  -0.0867   0.4571   0.4780  60.9434 240.2828
   4.000   0.8348   0.01583   0.00498  -0.0866   0.4346   0.5121  62.7712 242.7484
   4.000   0.8348   0.01583   0.00498  -0.0866   0.4346   0.5121  62.7712 242.7498
   4.000   0.8348   0.01583   0.00498  -0.0866   0.4346   0.5121  62.7712 242.7498
   4.000   0.8348   0.01583   0.00498  -0.0866   0.4346   0.5121  62.7712 242.7498
   4.000   0.8348   0.01583   0.00498  -0.0866   0.4346   0.5121  62.7712 242.7498
   5.000   0.9483   0.01626   0.00512  -0.0862   0.4118   0.5452  64.6700 245.1886
   5.000   0.9483   0.01626   0.00512  -0.0862   0.4118   0.5452  64.6700 245.1884
   5.000   0.9483   0.01626   0.00512  -0.0862   0.4118   0.5452  64.6700 245.1884
   5.000   0.9483   0.01626   0.00512  -0.0862   0.4118   0.5452  64.6700 245.1884
   5.000   0.9483   0.01626   0.00512  -0.0862   0.4118   0.5452  64.6700 245.1884
   6.000   1.0590   0.01678   0.00530  -0.0856   0.3891   0.5823  66.6064 247.9075
   6.000   1.0590   0.01678   0.00530  -0.0856   0.3891   0.5823  66.6064 247.9072
   6.000   1.0590   0.01678   0.00530  -0.0856   0.3891   0.5823  66.6064 247.9071
   6.000   1.0590   0.01678   0.00530  -0.0856   0.3891   0.5823  66.6064 247.9071
   6.000   1.0590   0.01678   0.00530  -0.0856   0.3891   0.5823  66.6064 247.9071
   7.000   1.1656   0.01735   0.00557  -0.0843   0.3663   0.6386  68.6131 251.9794
   7.000   1.1656   0.01735   0.00557  -0.0843   0.3663   0.6386  68.6131 251.9796
   7.000   1.1656   0.01735   0.00557  -0.0843   0.3663   0.6386  68.6131 251.9796
   7.000   1.1656   0.01735   0.00557  -0.0843   0.3663   0.6386  68.6131 251.9796
   7.000   1.1656   0.01735   0.00557  -0.0843   0.3663   0.6386  68.6131 251.9796
   8.000   1.2613   0.01753   0.00584  -0.0808   0.3441   1.0000  70.6204 300.0000
   8.000   1.2613   0.01753   0.00584  -0.0808   0.3441   1.0000  70.6204 300.0000
   8.000   1.2613   0.01753   0.00584  -0.0808   0.3441   1.0000  70.6204 300.0000
   8.000   1.2613   0.01753   0.00584  -0.0808   0.3441   1.0000  70.6204 300.0000
   8.000   1.2613   0.01753   0.00584  -0.0808   0.3441   1.0000  70.6204 300.0000
   9.000   1.3586   0.01894   0.00627  -0.0785   0.3220   1.0000  72.6809 300.0000
   9.000   1.3586   0.01894   0.00627  -0.0785   0.3220   1.0000  72.6809 300.0000
   9.000   1.3586   0.01894   0.00627  -0.0785   0.3220   1.0000  72.6809 300.0000
   9.000   1.3586   0.01894   0.00627  -0.0785   0.3220   1.0000  72.6809 300.0000
   9.000   1.3586   0.01894   0.00627  -0.0785   0.3220   1.0000  72.6809 300.0000
  10.000   1.4451   0.02062   0.00683  -0.0747   0.3006   1.0000  74.7319 300.0000
  10.000   1.4451   0.02062   0.00683  -0.0747   0.3006   1.0000  74.7319 300.0000
  10.000   1.4451   0.02062   0.00683  -0.0747   0.3006   1.0000  74.7319 300.0000
  10.000   1.4451   0.02062   0.00683  -0.0747   0.3006   1.0000  74.7319 300.0000
  10.000   1.4451   0.02062   0.00683  -0.0747   0.3006   1.0000  74.7319 300.0000
  11.000   1.5123   0.02273   0.00758  -0.0683   0.2808   1.0000  76.7002 300.0000
  11.000   1.5123   0.02273   0.00758  -0.0683   0.2808   1.0000  76.7001 300.0000
  11.000   1.5123   0.02273   0.00758  -0.0683   0.2808   1.0000  76.7001 300.0000
  11.000   1.5123   0.02273   0.00758  -0.0683   0.2808   1.0000  76.7001 300.0000
  11.000   1.5123   0.02273   0.00758  -0.0683   0.2808   1.0000  76.7001 300.0000
  12.000   1.5641   0.02577   0.00887  -0.0613   0.2623   1.0000  78.6066 300.0000
  12.000   1.5641   0.02577   0.00887  -0.0613   0.2623   1.0000  78.6067 300.0000
  12.000   1.5641   0.02577   0.00887  -0.0613   0.2623   1.0000  78.6067 300.0000
  12.000   1.5641   0.02577   0.00887  -0.0613   0.2623   1.0000  78.6067 300.0000
  12.000   1.5641   0.02577   0.00887  -0.0613   0.2623   1.0000  78.6067 300.0000
  13.000   1.6080   0.03004   0.01092  -0.0557   0.2445   1.0000  80.4914 300.0000
  13.000   1.6080   0.03004   0.01092  -0.0557   0.2445   1.0000  80.4916 300.0000
  13.000   1.6080   0.03004   0.01092  -0.0557   0.2445   1.0000  80.4917 300.0000
  13.000   1.6080   0.03004   0.01092  -0.0557   0.2445   1.0000  80.4917 300.0000
  13.000   1.6080   0.03004   0.01092  -0.0557   0.2445   1.0000  80.4917 300.0000
  14.000   1.6398   0.03589   0.01400  -0.0513   0.2269   1.0000  82.4285 300.0000
  14.000   1.6398   0.03589   0.01400  -0.0513   0.2269   1.0000  82.4286 300.0000
  14.000   1.6398   0.03589   0.01400  -0.0513   0.2269   1.0000  82.4286 300.0000
  14.000   1.6398   0.03589   0.01400  -0.0513   0.2269   1.0000  82.4286 300.0000
  14.000   1.6398   0.03589   0.01400  -0.0513   0.2269   1.0000  82.4286 300.0000
  15.000   1.6557   0.04377   0.01853  -0.0483   0.2093   1.0000  84.4524 300.0000
  15.000   1.6557   0.04376   0.01853  -0.0483   0.2093   1.0000  84.4519 300.0000
  15.000   1.6557   0.04376   0.01853  -0.0483   0.2093   1.0000  84.4518 300.0000
  15.000   1.6557   0.04376   0.01853  -0.0483   0.2093   1.0000  84.4518 300.0000
  15.000   1.6557   0.04376   0.01853  -0.0483   0.2093   1.0000  84.4518 300.0000
  16.000   1.6626   0.05327   0.02433  -0.0466   0.1936   1.0000  86.3607 300.0000
  16.000   1.6626   0.05327   0.02433  -0.0466   0.1936   1.0000  86.3604 300.0000
  16.000   1.6626   0.05327   0.02433  -0.0466   0.1936   1.0000  86.3604 300.0000
  16.000   1.6626   0.05327   0.02433  -0.0466   0.1936   1.0000  86.3604 300.0000
  16.000   1.6626   0.05327   0.02433  -0.0466   0.1936   1.0000  86.3604 300.0000
  17.000   1.6640   0.06426   0.03138  -0.0464   0.1791   1.0000  88.2061 300.0000
  17.000   1.6640   0.06426   0.03138  -0.0464   0.1791   1.0000  88.2065 300.0000
  17.000   1.6640   0.06426   0.03138  -0.0464   0.1791   1.0000  88.2066 300.0000
  17.000   1.6640   0.06426   0.03138  -0.0464   0.1791   1.0000  88.2066 300.0000
  17.000   1.6640   0.06426   0.03138  -0.0464   0.1791   1.0000  88.2066 300.0000
  18.000   1.6645   0.07596   0.03918  -0.0471   0.1661   1.0000  89.9357 300.0000
  18.000   1.6645   0.07596   0.03918  -0.0471   0.1661   1.0000  89.9359 300.0000
  18.000   1.6645   0.07596   0.03918  -0.0471   0.1661   1.0000  89.9360 300.0000
  18.000   1.6645   0.07596   0.03918  -0.0471   0.1661   1.0000  89.9360 300.0000
  18.000   1.6645   0.07596   0.03918  -0.0471   0.1661   1.0000  89.9360 300.0000
  19.000   1.6540   0.08965   0.04929  -0.0494   0.1538   1.0000  91.6710 300.0000
  19.000   1.6540   0.08965   0.04929  -0.0494   0.1538   1.0000  91.6709 300.0000
  19.000   1.6540   0.08965   0.04929  -0.0494   0.1538   1.0000  91.6709 300.0000
  19.000   1.6540   0.08965   0.04929  -0.0494   0.1538   1.0000  91.6709 300.0000
  19.000   1.6540   0.08965   0.04929  -0.0494   0.1538   1.0000  91.6709 300.0000
