  
       XFOIL         Version 6.99
  
 Calculated polar for: ONERA HOR20 AIRFOIL                             
  
 1 1 Reynolds number fixed          Mach number fixed         
  
 xtrf =   1.000 (top)        1.000 (bottom)  
 Mach =   0.000     Re =     0.550 e 6     Ncrit =   9.000  9.000
  
   alpha    CL        CD       CDp       CM     Top_Xtr  Bot_Xtr  Top_Itr  Bot_Itr
  ------ -------- --------- --------- -------- -------- -------- -------- --------
   0.000   0.3668   0.01108   0.00226  -0.0860   0.4817   0.3208  59.0115 228.5008
   0.000   0.3668   0.01108   0.00226  -0.0860   0.4817   0.3208  59.0115 228.5010
   0.000   0.3668   0.01108   0.00226  -0.0860   0.4817   0.3208  59.0115 228.5010
   0.000   0.3668   0.01108   0.00226  -0.0860   0.4817   0.3208  59.0115 228.5010
   0.000   0.3668   0.01108   0.00226  -0.0860   0.4817   0.3208  59.0115 228.5010
   1.000   0.4881   0.01110   0.00233  -0.0868   0.4602   0.3588  60.7010 231.5350
   1.000   0.4881   0.01110   0.00233  -0.0868   0.4602   0.3588  60.7010 231.5351
   1.000   0.4881   0.01110   0.00233  -0.0868   0.4602   0.3588  60.7010 231.5351
   1.000   0.4881   0.01110   0.00233  -0.0868   0.4602   0.3588  60.7010 231.5351
   1.000   0.4881   0.01110   0.00233  -0.0868   0.4602   0.3588  60.7010 231.5351
   2.000   0.6085   0.01130   0.00246  -0.0875   0.4394   0.4013  62.3794 234.7564
   2.000   0.6085   0.01130   0.00246  -0.0875   0.4394   0.4013  62.3794 234.7565
   2.000   0.6085   0.01130   0.00246  -0.0875   0.4394   0.4013  62.3794 234.7565
   2.000   0.6085   0.01130   0.00246  -0.0875   0.4394   0.4013  62.3794 234.7565
   2.000   0.6085   0.01130   0.00246  -0.0875   0.4394   0.4013  62.3794 234.7565
   3.000   0.7274   0.01166   0.00264  -0.0879   0.4187   0.4365  64.0872 237.3185
   3.000   0.7274   0.01166   0.00264  -0.0879   0.4187   0.4366  64.0873 237.3210
   3.000   0.7274   0.01166   0.00264  -0.0879   0.4187   0.4366  64.0873 237.3210
   3.000   0.7274   0.01166   0.00264  -0.0879   0.4187   0.4366  64.0873 237.3210
   3.000   0.7274   0.01166   0.00264  -0.0879   0.4187   0.4366  64.0873 237.3210
   4.000   0.8451   0.01207   0.00282  -0.0881   0.3969   0.4661  65.9333 239.4299
   4.000   0.8451   0.01207   0.00282  -0.0881   0.3969   0.4661  65.9334 239.4301
   4.000   0.8451   0.01207   0.00282  -0.0881   0.3969   0.4661  65.9334 239.4301
   4.000   0.8451   0.01207   0.00282  -0.0881   0.3969   0.4661  65.9334 239.4301
   4.000   0.8451   0.01207   0.00282  -0.0881   0.3969   0.4661  65.9334 239.4301
   5.000   0.9611   0.01253   0.00302  -0.0882   0.3752   0.4930  67.8207 241.3640
   5.000   0.9611   0.01253   0.00302  -0.0882   0.3752   0.4930  67.8207 241.3641
   5.000   0.9611   0.01253   0.00302  -0.0882   0.3752   0.4930  67.8207 241.3641
   5.000   0.9611   0.01253   0.00302  -0.0882   0.3752   0.4930  67.8207 241.3641
   5.000   0.9611   0.01253   0.00302  -0.0882   0.3752   0.4930  67.8207 241.3641
   6.000   1.0745   0.01309   0.00324  -0.0879   0.3529   0.5201  69.8174 243.3327
   6.000   1.0745   0.01309   0.00324  -0.0879   0.3529   0.5201  69.8174 243.3327
   6.000   1.0745   0.01309   0.00324  -0.0879   0.3529   0.5201  69.8174 243.3327
   6.000   1.0745   0.01309   0.00324  -0.0879   0.3529   0.5201  69.8174 243.3327
   6.000   1.0745   0.01309   0.00324  -0.0879   0.3529   0.5201  69.8174 243.3327
   7.000   1.1844   0.01377   0.00352  -0.0871   0.3303   0.5507  71.8947 245.5943
   7.000   1.1844   0.01377   0.00352  -0.0871   0.3303   0.5507  71.8947 245.5947
   7.000   1.1844   0.01377   0.00352  -0.0871   0.3303   0.5507  71.8947 245.5948
   7.000   1.1844   0.01377   0.00352  -0.0871   0.3303   0.5507  71.8947 245.5948
   7.000   1.1844   0.01377   0.00352  -0.0871   0.3303   0.5507  71.8947 245.5948
   8.000   1.2898   0.01454   0.00389  -0.0858   0.3081   0.6060  74.0078 249.6306
   8.000   1.2898   0.01454   0.00389  -0.0858   0.3081   0.6060  74.0078 249.6287
   8.000   1.2898   0.01454   0.00389  -0.0858   0.3081   0.6060  74.0078 249.6287
   8.000   1.2898   0.01454   0.00389  -0.0858   0.3081   0.6060  74.0078 249.6287
   8.000   1.2898   0.01454   0.00389  -0.0858   0.3081   0.6060  74.0078 249.6287
   9.000   1.3834   0.01485   0.00434  -0.0822   0.2866   1.0000  76.1156 300.0000
   9.000   1.3834   0.01485   0.00434  -0.0822   0.2866   1.0000  76.1156 300.0000
   9.000   1.3834   0.01485   0.00434  -0.0822   0.2866   1.0000  76.1156 300.0000
   9.000   1.3834   0.01485   0.00434  -0.0822   0.2866   1.0000  76.1156 300.0000
   9.000   1.3834   0.01485   0.00434  -0.0822   0.2866   1.0000  76.1156 300.0000
  10.000   1.4746   0.01632   0.00486  -0.0790   0.2664   1.0000  78.1716 300.0000
  10.000   1.4746   0.01632   0.00486  -0.0790   0.2664   1.0000  78.1715 300.0000
  10.000   1.4746   0.01632   0.00486  -0.0790   0.2664   1.0000  78.1715 300.0000
  10.000   1.4746   0.01632   0.00486  -0.0790   0.2664   1.0000  78.1715 300.0000
  10.000   1.4746   0.01632   0.00486  -0.0790   0.2664   1.0000  78.1715 300.0000
  11.000   1.5451   0.01825   0.00558  -0.0727   0.2481   1.0000  80.1020 300.0000
  11.000   1.5451   0.01825   0.00558  -0.0727   0.2481   1.0000  80.1017 300.0000
  11.000   1.5451   0.01825   0.00558  -0.0727   0.2481   1.0000  80.1018 300.0000
  11.000   1.5451   0.01825   0.00558  -0.0727   0.2481   1.0000  80.1018 300.0000
  11.000   1.5451   0.01825   0.00558  -0.0727   0.2481   1.0000  80.1018 300.0000
  12.000   1.6039   0.02113   0.00685  -0.0666   0.2295   1.0000  82.1372 300.0000
  12.000   1.6039   0.02113   0.00685  -0.0666   0.2295   1.0000  82.1378 300.0000
  12.000   1.6039   0.02113   0.00685  -0.0666   0.2295   1.0000  82.1378 300.0000
  12.000   1.6039   0.02113   0.00685  -0.0666   0.2295   1.0000  82.1378 300.0000
  12.000   1.6039   0.02113   0.00685  -0.0666   0.2295   1.0000  82.1378 300.0000
  13.000   1.6546   0.02534   0.00896  -0.0618   0.2114   1.0000  84.2125 300.0000
  13.000   1.6546   0.02534   0.00896  -0.0618   0.2114   1.0000  84.2122 300.0000
  13.000   1.6546   0.02534   0.00896  -0.0618   0.2114   1.0000  84.2122 300.0000
  13.000   1.6546   0.02534   0.00896  -0.0618   0.2114   1.0000  84.2122 300.0000
  13.000   1.6546   0.02534   0.00896  -0.0618   0.2114   1.0000  84.2122 300.0000
  14.000   1.6921   0.03139   0.01227  -0.0583   0.1934   1.0000  86.3860 300.0000
  14.000   1.6921   0.03139   0.01227  -0.0583   0.1934   1.0000  86.3862 300.0000
  14.000   1.6921   0.03139   0.01227  -0.0583   0.1934   1.0000  86.3863 300.0000
  14.000   1.6921   0.03139   0.01227  -0.0583   0.1934   1.0000  86.3863 300.0000
  14.000   1.6921   0.03139   0.01227  -0.0583   0.1934   1.0000  86.3863 300.0000
  15.000   1.7114   0.03960   0.01708  -0.0555   0.1778   1.0000  88.3720 300.0000
  15.000   1.7114   0.03960   0.01708  -0.0555   0.1778   1.0000  88.3726 300.0000
  15.000   1.7114   0.03960   0.01708  -0.0555   0.1778   1.0000  88.3727 300.0000
  15.000   1.7114   0.03960   0.01708  -0.0555   0.1778   1.0000  88.3727 300.0000
  15.000   1.7114   0.03960   0.01708  -0.0555   0.1778   1.0000  88.3727 300.0000
  16.000   1.7123   0.05016   0.02365  -0.0537   0.1639   1.0000  90.2399 300.0000
  16.000   1.7123   0.05016   0.02365  -0.0537   0.1639   1.0000  90.2405 300.0000
  16.000   1.7123   0.05016   0.02365  -0.0537   0.1639   1.0000  90.2406 300.0000
  16.000   1.7123   0.05016   0.02365  -0.0537   0.1639   1.0000  90.2406 300.0000
  16.000   1.7123   0.05016   0.02365  -0.0537   0.1639   1.0000  90.2406 300.0000
  17.000   1.7028   0.06271   0.03190  -0.0532   0.1517   1.0000  91.9809 300.0000
  17.000   1.7028   0.06271   0.03190  -0.0532   0.1516   1.0000  91.9811 300.0000
  17.000   1.7028   0.06271   0.03190  -0.0532   0.1516   1.0000  91.9811 300.0000
  17.000   1.7028   0.06271   0.03190  -0.0532   0.1516   1.0000  91.9811 300.0000
  17.000   1.7028   0.06271   0.03190  -0.0532   0.1516   1.0000  91.9811 300.0000
  18.000   1.6919   0.07604   0.04104  -0.0540   0.1402   1.0000  93.7016 300.0000
  18.000   1.6920   0.07604   0.04104  -0.0540   0.1402   1.0000  93.7021 300.0000
  18.000   1.6920   0.07604   0.04104  -0.0540   0.1402   1.0000  93.7022 300.0000
  18.000   1.6920   0.07604   0.04104  -0.0540   0.1402   1.0000  93.7022 300.0000
  18.000   1.6920   0.07604   0.04104  -0.0540   0.1402   1.0000  93.7022 300.0000
  19.000   1.6749   0.09054   0.05162  -0.0558   0.1298   1.0000  95.3632 300.0000
  19.000   1.6749   0.09054   0.05162  -0.0558   0.1298   1.0000  95.3634 300.0000
  19.000   1.6749   0.09054   0.05162  -0.0558   0.1298   1.0000  95.3634 300.0000
  19.000   1.6749   0.09054   0.05162  -0.0558   0.1298   1.0000  95.3634 300.0000
  19.000   1.6749   0.09054   0.05162  -0.0558   0.1298   1.0000  95.3634 300.0000
