  
       XFOIL         Version 6.99
  
 Calculated polar for: EPPLER 857 AIRFOIL                              
  
 1 1 Reynolds number fixed          Mach number fixed         
  
 xtrf =   1.000 (top)        1.000 (bottom)  
 Mach =   0.000     Re =     0.400 e 6     Ncrit =   9.000  9.000
  
   alpha    CL        CD       CDp       CM     Top_Xtr  Bot_Xtr  Top_Itr  Bot_Itr
  ------ -------- --------- --------- -------- -------- -------- -------- --------
   0.000   0.5894   0.01252   0.00227  -0.1245   0.4878   0.5037  66.7289 238.5383
   0.000   0.5894   0.01252   0.00227  -0.1245   0.4878   0.5037  66.7289 238.5382
   0.000   0.5894   0.01252   0.00227  -0.1245   0.4878   0.5037  66.7289 238.5382
   0.000   0.5894   0.01252   0.00227  -0.1245   0.4878   0.5037  66.7289 238.5382
   0.000   0.5894   0.01252   0.00227  -0.1245   0.4878   0.5037  66.7289 238.5382
   1.000   0.6986   0.01287   0.00231  -0.1243   0.4722   0.5217  68.2184 240.1071
   1.000   0.6986   0.01287   0.00231  -0.1243   0.4722   0.5217  68.2184 240.1075
   1.000   0.6986   0.01287   0.00231  -0.1243   0.4722   0.5217  68.2184 240.1075
   1.000   0.6986   0.01287   0.00231  -0.1243   0.4722   0.5217  68.2184 240.1075
   1.000   0.6986   0.01287   0.00231  -0.1243   0.4722   0.5217  68.2184 240.1075
   2.000   0.8065   0.01324   0.00242  -0.1240   0.4580   0.5413  69.5796 241.8164
   2.000   0.8065   0.01324   0.00242  -0.1240   0.4580   0.5413  69.5796 241.8161
   2.000   0.8065   0.01324   0.00242  -0.1240   0.4580   0.5413  69.5796 241.8161
   2.000   0.8065   0.01324   0.00242  -0.1240   0.4580   0.5413  69.5796 241.8161
   2.000   0.8065   0.01324   0.00242  -0.1240   0.4580   0.5413  69.5796 241.8161
   3.000   0.9141   0.01371   0.00255  -0.1237   0.4455   0.5638  70.7800 243.7789
   3.000   0.9141   0.01371   0.00255  -0.1237   0.4455   0.5637  70.7799 243.7764
   3.000   0.9141   0.01371   0.00255  -0.1237   0.4455   0.5637  70.7799 243.7764
   3.000   0.9141   0.01371   0.00255  -0.1237   0.4455   0.5637  70.7799 243.7764
   3.000   0.9141   0.01371   0.00255  -0.1237   0.4455   0.5637  70.7799 243.7764
   4.000   1.0210   0.01424   0.00273  -0.1234   0.4342   0.5911  71.8783 246.1850
   4.000   1.0210   0.01424   0.00273  -0.1234   0.4342   0.5911  71.8788 246.1851
   4.000   1.0210   0.01424   0.00273  -0.1234   0.4342   0.5911  71.8788 246.1851
   4.000   1.0210   0.01424   0.00273  -0.1234   0.4342   0.5911  71.8788 246.1851
   4.000   1.0210   0.01424   0.00273  -0.1234   0.4342   0.5911  71.8788 246.1851
   5.000   1.1264   0.01484   0.00296  -0.1229   0.4236   0.6276  72.9127 249.4097
   5.000   1.1264   0.01484   0.00296  -0.1229   0.4236   0.6276  72.9127 249.4106
   5.000   1.1264   0.01484   0.00296  -0.1229   0.4236   0.6276  72.9127 249.4106
   5.000   1.1264   0.01484   0.00296  -0.1229   0.4236   0.6276  72.9127 249.4106
   5.000   1.1264   0.01484   0.00296  -0.1229   0.4236   0.6276  72.9127 249.4106
   6.000   1.2290   0.01546   0.00324  -0.1221   0.4135   0.6833  73.9030 254.3960
   6.000   1.2290   0.01546   0.00324  -0.1221   0.4135   0.6833  73.9030 254.3960
   6.000   1.2290   0.01546   0.00324  -0.1221   0.4135   0.6833  73.9030 254.3960
   6.000   1.2290   0.01546   0.00324  -0.1221   0.4135   0.6833  73.9030 254.3960
   6.000   1.2290   0.01546   0.00324  -0.1221   0.4135   0.6833  73.9030 254.3960
   7.000   1.3237   0.01597   0.00356  -0.1196   0.4039   0.8047  74.8579 265.4920
   7.000   1.3237   0.01597   0.00356  -0.1196   0.4039   0.8047  74.8579 265.4938
   7.000   1.3237   0.01597   0.00356  -0.1196   0.4039   0.8047  74.8579 265.4939
   7.000   1.3237   0.01597   0.00356  -0.1196   0.4039   0.8047  74.8579 265.4939
   7.000   1.3237   0.01597   0.00356  -0.1196   0.4039   0.8047  74.8579 265.4939
   8.000   1.4162   0.01662   0.00373  -0.1169   0.3944   1.0000  75.8009 300.0000
   8.000   1.4162   0.01662   0.00373  -0.1169   0.3944   1.0000  75.8009 300.0000
   8.000   1.4162   0.01662   0.00373  -0.1169   0.3944   1.0000  75.8009 300.0000
   8.000   1.4162   0.01662   0.00373  -0.1169   0.3944   1.0000  75.8009 300.0000
   8.000   1.4162   0.01662   0.00373  -0.1169   0.3944   1.0000  75.8009 300.0000
   9.000   1.5081   0.01775   0.00398  -0.1146   0.3849   1.0000  76.7512 300.0000
   9.000   1.5081   0.01775   0.00398  -0.1146   0.3849   1.0000  76.7512 300.0000
   9.000   1.5081   0.01775   0.00398  -0.1146   0.3849   1.0000  76.7512 300.0000
   9.000   1.5081   0.01775   0.00398  -0.1146   0.3849   1.0000  76.7512 300.0000
   9.000   1.5081   0.01775   0.00398  -0.1146   0.3849   1.0000  76.7512 300.0000
  10.000   1.5929   0.01896   0.00419  -0.1113   0.3751   1.0000  77.7519 300.0000
  10.000   1.5929   0.01896   0.00419  -0.1113   0.3751   1.0000  77.7519 300.0000
  10.000   1.5929   0.01896   0.00419  -0.1113   0.3751   1.0000  77.7519 300.0000
  10.000   1.5929   0.01896   0.00419  -0.1113   0.3751   1.0000  77.7519 300.0000
  10.000   1.5929   0.01896   0.00419  -0.1113   0.3751   1.0000  77.7519 300.0000
  11.000   1.6673   0.02021   0.00410  -0.1064   0.3630   1.0000  78.9877 300.0000
  11.000   1.6673   0.02021   0.00410  -0.1064   0.3630   1.0000  78.9877 300.0000
  11.000   1.6673   0.02021   0.00410  -0.1064   0.3630   1.0000  78.9877 300.0000
  11.000   1.6673   0.02021   0.00410  -0.1064   0.3630   1.0000  78.9877 300.0000
  11.000   1.6673   0.02021   0.00410  -0.1064   0.3630   1.0000  78.9877 300.0000
  13.000   1.7606   0.02441   0.00475  -0.0905   0.3364   1.0000  81.7626 300.0000
  13.000   1.7606   0.02441   0.00475  -0.0905   0.3364   1.0000  81.7630 300.0000
  13.000   1.7606   0.02441   0.00475  -0.0905   0.3364   1.0000  81.7630 300.0000
  13.000   1.7606   0.02441   0.00475  -0.0905   0.3364   1.0000  81.7630 300.0000
  13.000   1.7606   0.02441   0.00475  -0.0905   0.3364   1.0000  81.7630 300.0000
  14.000   1.7921   0.02812   0.00587  -0.0832   0.3214   1.0000  83.3763 300.0000
  14.000   1.7921   0.02813   0.00587  -0.0832   0.3214   1.0000  83.3766 300.0000
  14.000   1.7921   0.02813   0.00587  -0.0832   0.3214   1.0000  83.3766 300.0000
  14.000   1.7921   0.02813   0.00587  -0.0832   0.3214   1.0000  83.3766 300.0000
  14.000   1.7921   0.02813   0.00587  -0.0832   0.3214   1.0000  83.3766 300.0000
  15.000   1.8089   0.03380   0.00816  -0.0769   0.3035   1.0000  85.3291 300.0000
  15.000   1.8089   0.03380   0.00816  -0.0769   0.3035   1.0000  85.3292 300.0000
  15.000   1.8089   0.03380   0.00816  -0.0769   0.3035   1.0000  85.3292 300.0000
  15.000   1.8089   0.03380   0.00816  -0.0769   0.3035   1.0000  85.3292 300.0000
  15.000   1.8089   0.03380   0.00816  -0.0769   0.3035   1.0000  85.3292 300.0000
  16.000   1.8062   0.04254   0.01255  -0.0723   0.2811   1.0000  87.8260 300.0000
  16.000   1.8062   0.04254   0.01255  -0.0723   0.2811   1.0000  87.8258 300.0000
  16.000   1.8062   0.04254   0.01255  -0.0723   0.2811   1.0000  87.8257 300.0000
  16.000   1.8062   0.04254   0.01255  -0.0723   0.2811   1.0000  87.8257 300.0000
  16.000   1.8062   0.04254   0.01255  -0.0723   0.2811   1.0000  87.8257 300.0000
  17.000   1.7748   0.05572   0.02038  -0.0695   0.2531   1.0000  91.0209 300.0000
  17.000   1.7748   0.05572   0.02037  -0.0695   0.2531   1.0000  91.0204 300.0000
  17.000   1.7747   0.05572   0.02037  -0.0695   0.2531   1.0000  91.0203 300.0000
  17.000   1.7747   0.05572   0.02037  -0.0695   0.2531   1.0000  91.0202 300.0000
  17.000   1.7747   0.05572   0.02037  -0.0695   0.2531   1.0000  91.0202 300.0000
  18.000   1.7068   0.07471   0.03352  -0.0691   0.2173   1.0000  95.2184 300.0000
  18.000   1.7068   0.07471   0.03352  -0.0691   0.2173   1.0000  95.2194 300.0000
  18.000   1.7068   0.07471   0.03352  -0.0691   0.2173   1.0000  95.2196 300.0000
  18.000   1.7068   0.07471   0.03352  -0.0691   0.2173   1.0000  95.2196 300.0000
  18.000   1.7068   0.07471   0.03352  -0.0691   0.2173   1.0000  95.2196 300.0000
  19.000   1.6234   0.09711   0.05151  -0.0715   0.1788   1.0000  99.8866 300.0000
  19.000   1.6234   0.09711   0.05151  -0.0715   0.1788   1.0000  99.8872 300.0000
  19.000   1.6234   0.09711   0.05151  -0.0715   0.1788   1.0000  99.8873 300.0000
  19.000   1.6234   0.09711   0.05151  -0.0715   0.1788   1.0000  99.8873 300.0000
  19.000   1.6234   0.09711   0.05151  -0.0715   0.1788   1.0000  99.8873 300.0000
