  
       XFOIL         Version 6.99
  
 Calculated polar for: EPPLER 857 AIRFOIL                              
  
 1 1 Reynolds number fixed          Mach number fixed         
  
 xtrf =   1.000 (top)        1.000 (bottom)  
 Mach =   0.000     Re =     0.375 e 6     Ncrit =   9.000  9.000
  
   alpha    CL        CD       CDp       CM     Top_Xtr  Bot_Xtr  Top_Itr  Bot_Itr
  ------ -------- --------- --------- -------- -------- -------- -------- --------
   0.000   0.5905   0.01287   0.00245  -0.1248   0.4917   0.5084  66.3616 238.9520
   0.000   0.5905   0.01287   0.00245  -0.1248   0.4917   0.5084  66.3616 238.9519
   0.000   0.5905   0.01287   0.00245  -0.1248   0.4917   0.5084  66.3616 238.9519
   0.000   0.5905   0.01287   0.00245  -0.1248   0.4917   0.5084  66.3616 238.9519
   0.000   0.5905   0.01287   0.00245  -0.1248   0.4917   0.5084  66.3616 238.9519
   1.000   0.6996   0.01319   0.00251  -0.1245   0.4758   0.5259  67.8723 240.4740
   1.000   0.6996   0.01319   0.00251  -0.1245   0.4758   0.5259  67.8724 240.4739
   1.000   0.6996   0.01319   0.00251  -0.1245   0.4758   0.5259  67.8724 240.4739
   1.000   0.6996   0.01319   0.00251  -0.1245   0.4758   0.5259  67.8724 240.4739
   1.000   0.6996   0.01319   0.00251  -0.1245   0.4758   0.5259  67.8724 240.4739
   2.000   0.8083   0.01360   0.00262  -0.1244   0.4617   0.5459  69.2202 242.2182
   2.000   0.8083   0.01360   0.00262  -0.1244   0.4617   0.5459  69.2201 242.2184
   2.000   0.8083   0.01360   0.00262  -0.1244   0.4617   0.5459  69.2201 242.2184
   2.000   0.8083   0.01360   0.00262  -0.1244   0.4617   0.5459  69.2201 242.2184
   2.000   0.8083   0.01360   0.00262  -0.1244   0.4617   0.5459  69.2201 242.2184
   3.000   0.9156   0.01406   0.00278  -0.1240   0.4488   0.5688  70.4603 244.2196
   3.000   0.9156   0.01406   0.00278  -0.1240   0.4488   0.5688  70.4603 244.2192
   3.000   0.9156   0.01406   0.00278  -0.1240   0.4488   0.5688  70.4603 244.2192
   3.000   0.9156   0.01406   0.00278  -0.1240   0.4488   0.5688  70.4603 244.2192
   3.000   0.9156   0.01406   0.00278  -0.1240   0.4488   0.5688  70.4603 244.2192
   4.000   1.0221   0.01460   0.00299  -0.1237   0.4372   0.5969  71.5862 246.6958
   4.000   1.0221   0.01460   0.00299  -0.1237   0.4372   0.5969  71.5862 246.6959
   4.000   1.0221   0.01460   0.00299  -0.1237   0.4372   0.5969  71.5862 246.6959
   4.000   1.0221   0.01460   0.00299  -0.1237   0.4372   0.5969  71.5862 246.6959
   4.000   1.0221   0.01460   0.00299  -0.1237   0.4372   0.5969  71.5862 246.6959
   5.000   1.1271   0.01521   0.00324  -0.1232   0.4264   0.6346  72.6349 250.0391
   5.000   1.1271   0.01521   0.00324  -0.1232   0.4264   0.6346  72.6349 250.0395
   5.000   1.1271   0.01521   0.00324  -0.1232   0.4264   0.6346  72.6349 250.0395
   5.000   1.1271   0.01521   0.00324  -0.1232   0.4264   0.6346  72.6349 250.0395
   5.000   1.1271   0.01521   0.00324  -0.1232   0.4264   0.6346  72.6349 250.0395
   6.000   1.2295   0.01585   0.00355  -0.1223   0.4163   0.6918  73.6326 255.1614
   6.000   1.2295   0.01585   0.00355  -0.1223   0.4163   0.6918  73.6326 255.1614
   6.000   1.2295   0.01585   0.00355  -0.1223   0.4163   0.6918  73.6326 255.1614
   6.000   1.2295   0.01585   0.00355  -0.1223   0.4163   0.6918  73.6326 255.1614
   6.000   1.2295   0.01585   0.00355  -0.1223   0.4163   0.6918  73.6326 255.1614
   7.000   1.3235   0.01636   0.00391  -0.1196   0.4066   0.8259  74.5878 267.5029
   7.000   1.3235   0.01636   0.00391  -0.1196   0.4066   0.8259  74.5878 267.5031
   7.000   1.3235   0.01636   0.00391  -0.1196   0.4066   0.8259  74.5878 267.5031
   7.000   1.3235   0.01636   0.00391  -0.1196   0.4066   0.8259  74.5878 267.5031
   7.000   1.3235   0.01636   0.00391  -0.1196   0.4066   0.8259  74.5878 267.5031
   8.000   1.4190   0.01712   0.00409  -0.1176   0.3970   1.0000  75.5365 300.0000
   8.000   1.4190   0.01712   0.00409  -0.1176   0.3970   1.0000  75.5365 300.0000
   8.000   1.4190   0.01712   0.00409  -0.1176   0.3970   1.0000  75.5365 300.0000
   8.000   1.4190   0.01712   0.00409  -0.1176   0.3970   1.0000  75.5365 300.0000
   8.000   1.4190   0.01712   0.00409  -0.1176   0.3970   1.0000  75.5365 300.0000
   9.000   1.5116   0.01828   0.00437  -0.1155   0.3875   1.0000  76.4881 300.0000
   9.000   1.5116   0.01828   0.00437  -0.1155   0.3875   1.0000  76.4881 300.0000
   9.000   1.5116   0.01828   0.00437  -0.1155   0.3875   1.0000  76.4881 300.0000
   9.000   1.5116   0.01828   0.00437  -0.1155   0.3875   1.0000  76.4881 300.0000
   9.000   1.5116   0.01828   0.00437  -0.1155   0.3875   1.0000  76.4881 300.0000
  10.000   1.5963   0.01953   0.00461  -0.1121   0.3776   1.0000  77.4929 300.0000
  10.000   1.5963   0.01953   0.00461  -0.1121   0.3776   1.0000  77.4928 300.0000
  10.000   1.5963   0.01953   0.00461  -0.1121   0.3776   1.0000  77.4928 300.0000
  10.000   1.5963   0.01953   0.00461  -0.1121   0.3776   1.0000  77.4928 300.0000
  10.000   1.5963   0.01953   0.00461  -0.1121   0.3776   1.0000  77.4928 300.0000
  11.000   1.6651   0.02079   0.00458  -0.1062   0.3654   1.0000  78.7402 300.0000
  11.000   1.6651   0.02079   0.00458  -0.1062   0.3654   1.0000  78.7402 300.0000
  11.000   1.6651   0.02079   0.00458  -0.1062   0.3654   1.0000  78.7402 300.0000
  11.000   1.6651   0.02079   0.00458  -0.1062   0.3654   1.0000  78.7402 300.0000
  11.000   1.6651   0.02079   0.00458  -0.1062   0.3654   1.0000  78.7402 300.0000
  12.000   1.7265   0.02235   0.00453  -0.0998   0.3527   1.0000  80.0522 300.0000
  12.000   1.7265   0.02235   0.00453  -0.0998   0.3527   1.0000  80.0522 300.0000
  12.000   1.7265   0.02235   0.00453  -0.0998   0.3527   1.0000  80.0522 300.0000
  12.000   1.7265   0.02235   0.00453  -0.0998   0.3527   1.0000  80.0522 300.0000
  12.000   1.7265   0.02235   0.00453  -0.0998   0.3527   1.0000  80.0522 300.0000
  13.000   1.7626   0.02488   0.00507  -0.0909   0.3390   1.0000  81.4951 300.0000
  13.000   1.7626   0.02488   0.00507  -0.0909   0.3390   1.0000  81.4951 300.0000
  13.000   1.7626   0.02488   0.00507  -0.0909   0.3390   1.0000  81.4951 300.0000
  13.000   1.7626   0.02488   0.00507  -0.0909   0.3390   1.0000  81.4951 300.0000
  13.000   1.7626   0.02488   0.00507  -0.0909   0.3390   1.0000  81.4951 300.0000
  14.000   1.7981   0.02823   0.00584  -0.0837   0.3243   1.0000  83.0583 300.0000
  14.000   1.7981   0.02823   0.00584  -0.0837   0.3243   1.0000  83.0585 300.0000
  14.000   1.7981   0.02823   0.00584  -0.0837   0.3243   1.0000  83.0586 300.0000
  14.000   1.7981   0.02823   0.00584  -0.0837   0.3243   1.0000  83.0586 300.0000
  14.000   1.7981   0.02823   0.00584  -0.0837   0.3243   1.0000  83.0586 300.0000
  15.000   1.8110   0.03385   0.00805  -0.0768   0.3067   1.0000  84.9794 300.0000
  15.000   1.8110   0.03385   0.00806  -0.0768   0.3067   1.0000  84.9797 300.0000
  15.000   1.8110   0.03385   0.00806  -0.0768   0.3067   1.0000  84.9797 300.0000
  15.000   1.8110   0.03385   0.00806  -0.0768   0.3067   1.0000  84.9797 300.0000
  15.000   1.8110   0.03385   0.00806  -0.0768   0.3067   1.0000  84.9797 300.0000
  16.000   1.8026   0.04290   0.01274  -0.0718   0.2844   1.0000  87.4536 300.0000
  16.000   1.8026   0.04290   0.01274  -0.0718   0.2844   1.0000  87.4539 300.0000
  16.000   1.8026   0.04290   0.01274  -0.0718   0.2844   1.0000  87.4539 300.0000
  16.000   1.8026   0.04290   0.01274  -0.0718   0.2844   1.0000  87.4540 300.0000
  16.000   1.8026   0.04290   0.01274  -0.0718   0.2844   1.0000  87.4540 300.0000
  17.000   1.7710   0.05606   0.02057  -0.0691   0.2568   1.0000  90.5954 300.0000
  17.000   1.7710   0.05606   0.02057  -0.0691   0.2568   1.0000  90.5958 300.0000
  17.000   1.7710   0.05606   0.02057  -0.0691   0.2568   1.0000  90.5959 300.0000
  17.000   1.7710   0.05606   0.02057  -0.0691   0.2568   1.0000  90.5959 300.0000
  17.000   1.7710   0.05606   0.02057  -0.0691   0.2568   1.0000  90.5959 300.0000
  18.000   1.7049   0.07480   0.03351  -0.0687   0.2218   1.0000  94.6769 300.0000
  18.000   1.7050   0.07480   0.03351  -0.0687   0.2218   1.0000  94.6771 300.0000
  18.000   1.7050   0.07480   0.03351  -0.0687   0.2218   1.0000  94.6772 300.0000
  18.000   1.7050   0.07480   0.03351  -0.0687   0.2218   1.0000  94.6772 300.0000
  18.000   1.7050   0.07480   0.03351  -0.0687   0.2218   1.0000  94.6772 300.0000
  19.000   1.6241   0.09689   0.05120  -0.0711   0.1832   1.0000  99.3503 300.0000
  19.000   1.6241   0.09689   0.05120  -0.0711   0.1832   1.0000  99.3509 300.0000
  19.000   1.6241   0.09689   0.05120  -0.0711   0.1832   1.0000  99.3511 300.0000
  19.000   1.6241   0.09689   0.05120  -0.0711   0.1832   1.0000  99.3511 300.0000
  19.000   1.6241   0.09689   0.05120  -0.0711   0.1832   1.0000  99.3511 300.0000
