  
       XFOIL         Version 6.99
  
 Calculated polar for: EPPLER 857 AIRFOIL                              
  
 1 1 Reynolds number fixed          Mach number fixed         
  
 xtrf =   1.000 (top)        1.000 (bottom)  
 Mach =   0.000     Re =     0.325 e 6     Ncrit =   9.000  9.000
  
   alpha    CL        CD       CDp       CM     Top_Xtr  Bot_Xtr  Top_Itr  Bot_Itr
  ------ -------- --------- --------- -------- -------- -------- -------- --------
   0.000   0.5925   0.01365   0.00296  -0.1252   0.5004   0.5180  65.5388 239.7902
   0.000   0.5925   0.01365   0.00296  -0.1252   0.5004   0.5180  65.5388 239.7902
   0.000   0.5925   0.01365   0.00296  -0.1252   0.5004   0.5180  65.5388 239.7902
   0.000   0.5925   0.01365   0.00296  -0.1252   0.5004   0.5180  65.5388 239.7902
   0.000   0.5925   0.01365   0.00296  -0.1252   0.5004   0.5180  65.5388 239.7902
   1.000   0.7031   0.01403   0.00301  -0.1253   0.4845   0.5365  67.0477 241.3940
   1.000   0.7031   0.01403   0.00301  -0.1253   0.4845   0.5365  67.0476 241.3941
   1.000   0.7031   0.01403   0.00301  -0.1253   0.4845   0.5365  67.0476 241.3941
   1.000   0.7031   0.01403   0.00301  -0.1253   0.4845   0.5365  67.0476 241.3941
   1.000   0.7031   0.01403   0.00301  -0.1253   0.4845   0.5365  67.0476 241.3941
   2.000   0.8110   0.01442   0.00315  -0.1250   0.4696   0.5572  68.4677 243.2025
   2.000   0.8110   0.01442   0.00315  -0.1250   0.4696   0.5572  68.4677 243.2026
   2.000   0.8110   0.01442   0.00315  -0.1250   0.4696   0.5572  68.4677 243.2026
   2.000   0.8110   0.01442   0.00315  -0.1250   0.4696   0.5572  68.4677 243.2026
   2.000   0.8110   0.01442   0.00315  -0.1250   0.4696   0.5572  68.4677 243.2026
   3.000   0.9194   0.01492   0.00333  -0.1249   0.4566   0.5810  69.7130 245.2900
   3.000   0.9194   0.01492   0.00333  -0.1249   0.4566   0.5810  69.7130 245.2900
   3.000   0.9194   0.01492   0.00333  -0.1249   0.4566   0.5810  69.7130 245.2900
   3.000   0.9194   0.01492   0.00333  -0.1249   0.4566   0.5810  69.7130 245.2900
   3.000   0.9194   0.01492   0.00333  -0.1249   0.4566   0.5810  69.7130 245.2900
   4.000   1.0275   0.01552   0.00356  -0.1249   0.4448   0.6109  70.8442 247.9312
   4.000   1.0275   0.01552   0.00356  -0.1249   0.4448   0.6109  70.8442 247.9351
   4.000   1.0275   0.01552   0.00356  -0.1249   0.4448   0.6109  70.8442 247.9350
   4.000   1.0275   0.01552   0.00356  -0.1249   0.4448   0.6109  70.8442 247.9350
   4.000   1.0275   0.01552   0.00356  -0.1249   0.4448   0.6109  70.8442 247.9350
   5.000   1.1341   0.01617   0.00386  -0.1247   0.4339   0.6499  71.9044 251.4044
   5.000   1.1341   0.01617   0.00386  -0.1247   0.4339   0.6499  71.9044 251.4043
   5.000   1.1341   0.01617   0.00386  -0.1247   0.4339   0.6499  71.9044 251.4042
   5.000   1.1341   0.01617   0.00386  -0.1247   0.4339   0.6499  71.9044 251.4042
   5.000   1.1341   0.01617   0.00386  -0.1247   0.4339   0.6499  71.9044 251.4042
   7.000   1.3266   0.01719   0.00456  -0.1200   0.4137   0.9208  73.8870 277.8372
   7.000   1.3266   0.01719   0.00456  -0.1200   0.4137   0.9208  73.8870 277.8377
   7.000   1.3266   0.01719   0.00456  -0.1200   0.4137   0.9208  73.8870 277.8377
   7.000   1.3266   0.01719   0.00456  -0.1200   0.4137   0.9208  73.8870 277.8377
   7.000   1.3266   0.01719   0.00456  -0.1200   0.4137   0.9208  73.8870 277.8377
   8.000   1.4315   0.01831   0.00487  -0.1203   0.4037   1.0000  74.8748 300.0000
   8.000   1.4315   0.01831   0.00487  -0.1203   0.4037   1.0000  74.8748 300.0000
   8.000   1.4315   0.01831   0.00487  -0.1203   0.4037   1.0000  74.8748 300.0000
   8.000   1.4315   0.01831   0.00487  -0.1203   0.4037   1.0000  74.8748 300.0000
   8.000   1.4315   0.01831   0.00487  -0.1203   0.4037   1.0000  74.8748 300.0000
   9.000   1.5267   0.01956   0.00524  -0.1188   0.3939   1.0000  75.8542 300.0000
   9.000   1.5267   0.01956   0.00524  -0.1188   0.3939   1.0000  75.8542 300.0000
   9.000   1.5267   0.01956   0.00524  -0.1188   0.3939   1.0000  75.8542 300.0000
   9.000   1.5267   0.01956   0.00524  -0.1188   0.3939   1.0000  75.8542 300.0000
   9.000   1.5267   0.01956   0.00524  -0.1188   0.3939   1.0000  75.8542 300.0000
  10.000   1.6140   0.02085   0.00552  -0.1159   0.3837   1.0000  76.8704 300.0000
  10.000   1.6140   0.02085   0.00552  -0.1159   0.3837   1.0000  76.8704 300.0000
  10.000   1.6140   0.02085   0.00552  -0.1159   0.3837   1.0000  76.8704 300.0000
  10.000   1.6140   0.02085   0.00552  -0.1159   0.3837   1.0000  76.8704 300.0000
  10.000   1.6140   0.02085   0.00552  -0.1159   0.3837   1.0000  76.8704 300.0000
  11.000   1.6852   0.02213   0.00551  -0.1102   0.3717   1.0000  78.0958 300.0000
  11.000   1.6852   0.02213   0.00551  -0.1102   0.3717   1.0000  78.0956 300.0000
  11.000   1.6852   0.02213   0.00551  -0.1102   0.3717   1.0000  78.0956 300.0000
  11.000   1.6852   0.02213   0.00551  -0.1102   0.3717   1.0000  78.0956 300.0000
  11.000   1.6852   0.02213   0.00551  -0.1102   0.3717   1.0000  78.0956 300.0000
  12.000   1.7284   0.02380   0.00562  -0.1006   0.3583   1.0000  79.4759 300.0000
  12.000   1.7284   0.02380   0.00562  -0.1006   0.3583   1.0000  79.4759 300.0000
  12.000   1.7284   0.02380   0.00562  -0.1006   0.3583   1.0000  79.4759 300.0000
  12.000   1.7284   0.02380   0.00562  -0.1006   0.3583   1.0000  79.4759 300.0000
  12.000   1.7284   0.02380   0.00562  -0.1006   0.3583   1.0000  79.4759 300.0000
  13.000   1.7766   0.02582   0.00567  -0.0930   0.3449   1.0000  80.8715 300.0000
  13.000   1.7766   0.02582   0.00567  -0.0930   0.3449   1.0000  80.8715 300.0000
  13.000   1.7766   0.02582   0.00567  -0.0930   0.3449   1.0000  80.8715 300.0000
  13.000   1.7766   0.02582   0.00567  -0.0930   0.3449   1.0000  80.8715 300.0000
  13.000   1.7766   0.02582   0.00567  -0.0930   0.3449   1.0000  80.8715 300.0000
  14.000   1.7968   0.02945   0.00668  -0.0837   0.3299   1.0000  82.4587 300.0000
  14.000   1.7968   0.02945   0.00668  -0.0837   0.3299   1.0000  82.4588 300.0000
  14.000   1.7968   0.02945   0.00668  -0.0837   0.3299   1.0000  82.4588 300.0000
  14.000   1.7968   0.02945   0.00668  -0.0837   0.3299   1.0000  82.4588 300.0000
  14.000   1.7968   0.02945   0.00668  -0.0837   0.3299   1.0000  82.4588 300.0000
  15.000   1.8067   0.03488   0.00870  -0.0762   0.3128   1.0000  84.3113 300.0000
  15.000   1.8067   0.03488   0.00870  -0.0762   0.3128   1.0000  84.3115 300.0000
  15.000   1.8067   0.03488   0.00870  -0.0762   0.3128   1.0000  84.3115 300.0000
  15.000   1.8067   0.03488   0.00870  -0.0762   0.3128   1.0000  84.3115 300.0000
  15.000   1.8067   0.03488   0.00870  -0.0762   0.3128   1.0000  84.3115 300.0000
  16.000   1.7949   0.04375   0.01316  -0.0707   0.2917   1.0000  86.6436 300.0000
  16.000   1.7949   0.04375   0.01316  -0.0707   0.2917   1.0000  86.6432 300.0000
  16.000   1.7949   0.04375   0.01316  -0.0707   0.2917   1.0000  86.6431 300.0000
  16.000   1.7949   0.04375   0.01316  -0.0707   0.2917   1.0000  86.6431 300.0000
  16.000   1.7949   0.04375   0.01316  -0.0707   0.2917   1.0000  86.6431 300.0000
  17.000   1.7609   0.05694   0.02104  -0.0679   0.2651   1.0000  89.6374 300.0000
  17.000   1.7609   0.05695   0.02104  -0.0679   0.2651   1.0000  89.6377 300.0000
  17.000   1.7609   0.05695   0.02104  -0.0679   0.2651   1.0000  89.6378 300.0000
  17.000   1.7609   0.05695   0.02104  -0.0679   0.2651   1.0000  89.6378 300.0000
  17.000   1.7609   0.05695   0.02104  -0.0679   0.2651   1.0000  89.6378 300.0000
  18.000   1.6976   0.07538   0.03380  -0.0679   0.2317   1.0000  93.5128 300.0000
  18.000   1.6976   0.07538   0.03380  -0.0679   0.2317   1.0000  93.5131 300.0000
  18.000   1.6976   0.07538   0.03380  -0.0679   0.2317   1.0000  93.5131 300.0000
  18.000   1.6976   0.07538   0.03380  -0.0679   0.2317   1.0000  93.5131 300.0000
  18.000   1.6976   0.07538   0.03380  -0.0679   0.2317   1.0000  93.5131 300.0000
  19.000   1.6221   0.09681   0.05091  -0.0704   0.1930   1.0000  98.1472 300.0000
  19.000   1.6221   0.09681   0.05091  -0.0704   0.1930   1.0000  98.1476 300.0000
  19.000   1.6221   0.09681   0.05091  -0.0704   0.1930   1.0000  98.1477 300.0000
  19.000   1.6221   0.09681   0.05091  -0.0704   0.1930   1.0000  98.1477 300.0000
  19.000   1.6221   0.09681   0.05091  -0.0704   0.1930   1.0000  98.1477 300.0000
