  
       XFOIL         Version 6.99
  
 Calculated polar for: NACA 4424                                       
  
 1 1 Reynolds number fixed          Mach number fixed         
  
 xtrf =   1.000 (top)        1.000 (bottom)  
 Mach =   0.000     Re =     0.425 e 6     Ncrit =   9.000  9.000
  
   alpha    CL        CD       CDp       CM     Top_Xtr  Bot_Xtr  Top_Itr  Bot_Itr
  ------ -------- --------- --------- -------- -------- -------- -------- --------
   0.000   0.3106   0.01190   0.00078  -0.0560   0.5627   0.4364  56.8480 241.8056
   0.000   0.3106   0.01190   0.00078  -0.0560   0.5627   0.4364  56.8480 241.8053
   0.000   0.3106   0.01190   0.00078  -0.0560   0.5627   0.4364  56.8480 241.8053
   0.000   0.3106   0.01190   0.00078  -0.0560   0.5627   0.4364  56.8480 241.8053
   0.000   0.3106   0.01190   0.00078  -0.0560   0.5627   0.4364  56.8480 241.8053
   1.000   0.3832   0.01189   0.00056  -0.0480   0.5398   0.5193  58.6256 247.2990
   1.000   0.3833   0.01189   0.00056  -0.0480   0.5398   0.5192  58.6257 247.2969
   1.000   0.3833   0.01189   0.00056  -0.0480   0.5398   0.5192  58.6257 247.2967
   1.000   0.3833   0.01189   0.00056  -0.0480   0.5398   0.5192  58.6257 247.2967
   1.000   0.3833   0.01189   0.00056  -0.0480   0.5398   0.5192  58.6257 247.2967
   2.000   0.4569   0.01198   0.00037  -0.0401   0.5187   0.6244  60.2744 253.9740
   2.000   0.4569   0.01198   0.00037  -0.0401   0.5187   0.6244  60.2744 253.9750
   2.000   0.4569   0.01198   0.00037  -0.0401   0.5187   0.6244  60.2744 253.9751
   2.000   0.4569   0.01198   0.00037  -0.0401   0.5187   0.6244  60.2744 253.9751
   2.000   0.4569   0.01198   0.00037  -0.0401   0.5187   0.6244  60.2744 253.9751
   3.000   0.5284   0.01213   0.00013  -0.0319   0.4983   0.7325  61.8837 260.6919
   3.000   0.5284   0.01213   0.00013  -0.0319   0.4983   0.7325  61.8836 260.6909
   3.000   0.5284   0.01213   0.00013  -0.0319   0.4983   0.7325  61.8836 260.6910
   3.000   0.5284   0.01213   0.00013  -0.0319   0.4983   0.7325  61.8836 260.6910
   3.000   0.5284   0.01213   0.00013  -0.0319   0.4983   0.7325  61.8836 260.6910
   4.000   0.6303   0.01241   0.00030  -0.0302   0.4770   0.8829  63.5920 272.2661
   4.000   0.6303   0.01241   0.00030  -0.0302   0.4770   0.8829  63.5920 272.2668
   4.000   0.6303   0.01241   0.00030  -0.0302   0.4770   0.8829  63.5920 272.2668
   4.000   0.6303   0.01241   0.00030  -0.0302   0.4770   0.8829  63.5920 272.2668
   4.000   0.6303   0.01241   0.00030  -0.0302   0.4770   0.8829  63.5920 272.2668
   5.000   0.8577   0.01398   0.00158  -0.0553   0.4515   0.9613  65.6833 285.7882
   5.000   0.8577   0.01398   0.00158  -0.0553   0.4515   0.9613  65.6833 285.7913
   5.000   0.8577   0.01398   0.00158  -0.0553   0.4515   0.9613  65.6833 285.7914
   5.000   0.8577   0.01398   0.00158  -0.0553   0.4515   0.9613  65.6833 285.7914
   5.000   0.8577   0.01398   0.00158  -0.0553   0.4515   0.9613  65.6833 285.7914
   6.000   1.0083   0.01548   0.00217  -0.0649   0.4278   0.9960  67.6716 298.0093
   6.000   1.0083   0.01548   0.00217  -0.0649   0.4278   0.9960  67.6716 298.0051
   6.000   1.0083   0.01548   0.00217  -0.0649   0.4278   0.9960  67.6716 298.0050
   6.000   1.0083   0.01548   0.00217  -0.0649   0.4278   0.9960  67.6716 298.0050
   6.000   1.0083   0.01548   0.00217  -0.0649   0.4278   0.9960  67.6716 298.0050
   7.000   1.0708   0.01654   0.00202  -0.0578   0.4069   1.0000  69.4685 300.0000
   7.000   1.0708   0.01654   0.00202  -0.0578   0.4069   1.0000  69.4686 300.0000
   7.000   1.0708   0.01654   0.00202  -0.0578   0.4069   1.0000  69.4686 300.0000
   7.000   1.0708   0.01654   0.00202  -0.0578   0.4069   1.0000  69.4686 300.0000
   7.000   1.0708   0.01654   0.00202  -0.0578   0.4069   1.0000  69.4686 300.0000
   8.000   1.1128   0.01792   0.00185  -0.0467   0.3866   1.0000  71.2602 300.0000
   8.000   1.1128   0.01792   0.00185  -0.0467   0.3866   1.0000  71.2602 300.0000
   8.000   1.1128   0.01792   0.00185  -0.0467   0.3866   1.0000  71.2602 300.0000
   8.000   1.1128   0.01792   0.00185  -0.0467   0.3866   1.0000  71.2602 300.0000
   8.000   1.1128   0.01792   0.00185  -0.0467   0.3866   1.0000  71.2602 300.0000
   9.000   1.1578   0.01975   0.00191  -0.0372   0.3652   1.0000  73.1837 300.0000
   9.000   1.1578   0.01975   0.00191  -0.0372   0.3652   1.0000  73.1837 300.0000
   9.000   1.1578   0.01975   0.00191  -0.0372   0.3652   1.0000  73.1837 300.0000
   9.000   1.1578   0.01975   0.00191  -0.0372   0.3652   1.0000  73.1837 300.0000
   9.000   1.1578   0.01975   0.00191  -0.0372   0.3652   1.0000  73.1837 300.0000
  10.000   1.2016   0.02215   0.00226  -0.0287   0.3427   1.0000  75.2656 300.0000
  10.000   1.2016   0.02215   0.00226  -0.0287   0.3427   1.0000  75.2655 300.0000
  10.000   1.2016   0.02215   0.00226  -0.0287   0.3427   1.0000  75.2655 300.0000
  10.000   1.2016   0.02215   0.00226  -0.0287   0.3427   1.0000  75.2655 300.0000
  10.000   1.2016   0.02215   0.00226  -0.0287   0.3427   1.0000  75.2655 300.0000
  11.000   1.2421   0.02526   0.00301  -0.0210   0.3193   1.0000  77.4873 300.0000
  11.000   1.2421   0.02526   0.00301  -0.0210   0.3193   1.0000  77.4873 300.0000
  11.000   1.2421   0.02526   0.00301  -0.0210   0.3193   1.0000  77.4873 300.0000
  11.000   1.2421   0.02526   0.00301  -0.0210   0.3193   1.0000  77.4873 300.0000
  11.000   1.2421   0.02526   0.00301  -0.0210   0.3193   1.0000  77.4873 300.0000
  12.000   1.2771   0.02926   0.00429  -0.0141   0.2959   1.0000  79.7899 300.0000
  12.000   1.2771   0.02926   0.00429  -0.0141   0.2959   1.0000  79.7899 300.0000
  12.000   1.2771   0.02926   0.00429  -0.0141   0.2959   1.0000  79.7899 300.0000
  12.000   1.2771   0.02926   0.00429  -0.0141   0.2959   1.0000  79.7899 300.0000
  12.000   1.2771   0.02926   0.00429  -0.0141   0.2959   1.0000  79.7899 300.0000
  13.000   1.3063   0.03427   0.00622  -0.0082   0.2728   1.0000  82.1334 300.0000
  13.000   1.3063   0.03427   0.00622  -0.0082   0.2728   1.0000  82.1334 300.0000
  13.000   1.3063   0.03427   0.00622  -0.0082   0.2728   1.0000  82.1334 300.0000
  13.000   1.3063   0.03427   0.00622  -0.0082   0.2728   1.0000  82.1334 300.0000
  13.000   1.3063   0.03427   0.00622  -0.0082   0.2728   1.0000  82.1334 300.0000
  14.000   1.3295   0.04037   0.00895  -0.0032   0.2500   1.0000  84.5351 300.0000
  14.000   1.3295   0.04037   0.00895  -0.0032   0.2500   1.0000  84.5352 300.0000
  14.000   1.3295   0.04037   0.00895  -0.0032   0.2500   1.0000  84.5352 300.0000
  14.000   1.3295   0.04037   0.00895  -0.0032   0.2500   1.0000  84.5352 300.0000
  14.000   1.3295   0.04037   0.00895  -0.0032   0.2500   1.0000  84.5352 300.0000
  15.000   1.3443   0.04771   0.01258   0.0008   0.2289   1.0000  86.8636 300.0000
  15.000   1.3443   0.04771   0.01258   0.0008   0.2289   1.0000  86.8636 300.0000
  15.000   1.3443   0.04771   0.01258   0.0008   0.2289   1.0000  86.8636 300.0000
  15.000   1.3443   0.04771   0.01258   0.0008   0.2289   1.0000  86.8636 300.0000
  15.000   1.3443   0.04771   0.01258   0.0008   0.2289   1.0000  86.8636 300.0000
  16.000   1.3539   0.05608   0.01708   0.0037   0.2091   1.0000  89.1455 300.0000
  16.000   1.3539   0.05608   0.01708   0.0037   0.2091   1.0000  89.1454 300.0000
  16.000   1.3539   0.05608   0.01708   0.0037   0.2091   1.0000  89.1454 300.0000
  16.000   1.3539   0.05608   0.01708   0.0037   0.2091   1.0000  89.1454 300.0000
  16.000   1.3539   0.05608   0.01708   0.0037   0.2091   1.0000  89.1454 300.0000
  17.000   1.3583   0.06547   0.02253   0.0056   0.1905   1.0000  91.4122 300.0000
  17.000   1.3583   0.06547   0.02253   0.0056   0.1905   1.0000  91.4123 300.0000
  17.000   1.3583   0.06547   0.02253   0.0056   0.1905   1.0000  91.4123 300.0000
  17.000   1.3583   0.06547   0.02253   0.0056   0.1905   1.0000  91.4123 300.0000
  17.000   1.3583   0.06547   0.02253   0.0056   0.1905   1.0000  91.4123 300.0000
  18.000   1.3578   0.07579   0.02894   0.0064   0.1734   1.0000  93.6188 300.0000
  18.000   1.3578   0.07579   0.02894   0.0064   0.1734   1.0000  93.6187 300.0000
  18.000   1.3578   0.07579   0.02894   0.0064   0.1734   1.0000  93.6187 300.0000
  18.000   1.3578   0.07579   0.02894   0.0064   0.1734   1.0000  93.6187 300.0000
  18.000   1.3578   0.07579   0.02894   0.0064   0.1734   1.0000  93.6187 300.0000
  19.000   1.3544   0.08679   0.03629   0.0063   0.1577   1.0000  95.7728 300.0000
  19.000   1.3544   0.08679   0.03629   0.0063   0.1577   1.0000  95.7729 300.0000
  19.000   1.3544   0.08679   0.03629   0.0063   0.1577   1.0000  95.7730 300.0000
  19.000   1.3544   0.08679   0.03629   0.0063   0.1577   1.0000  95.7730 300.0000
  19.000   1.3544   0.08679   0.03629   0.0063   0.1577   1.0000  95.7730 300.0000
