  
       XFOIL         Version 6.99
  
 Calculated polar for: NACA 4424                                       
  
 1 1 Reynolds number fixed          Mach number fixed         
  
 xtrf =   1.000 (top)        1.000 (bottom)  
 Mach =   0.000     Re =     0.525 e 6     Ncrit =   9.000  9.000
  
   alpha    CL        CD       CDp       CM     Top_Xtr  Bot_Xtr  Top_Itr  Bot_Itr
  ------ -------- --------- --------- -------- -------- -------- -------- --------
   0.000   0.2930   0.01127   0.00041  -0.0521   0.5494   0.4130  57.8787 240.2300
   0.000   0.2930   0.01127   0.00041  -0.0521   0.5494   0.4131  57.8787 240.2313
   0.000   0.2930   0.01127   0.00041  -0.0521   0.5494   0.4131  57.8787 240.2314
   0.000   0.2930   0.01127   0.00041  -0.0521   0.5494   0.4131  57.8787 240.2314
   0.000   0.2930   0.01127   0.00041  -0.0521   0.5494   0.4131  57.8787 240.2314
   1.000   0.3688   0.01128   0.00018  -0.0448   0.5271   0.4864  59.6129 245.1377
   1.000   0.3688   0.01128   0.00018  -0.0448   0.5271   0.4863  59.6134 245.1368
   1.000   0.3688   0.01128   0.00018  -0.0448   0.5271   0.4863  59.6134 245.1364
   1.000   0.3688   0.01128   0.00018  -0.0448   0.5271   0.4863  59.6134 245.1364
   1.000   0.3688   0.01128   0.00018  -0.0448   0.5271   0.4863  59.6134 245.1364
   2.000   0.4432   0.01136  -0.00004  -0.0372   0.5066   0.5898  61.2263 251.8173
   2.000   0.4432   0.01136  -0.00004  -0.0372   0.5066   0.5898  61.2263 251.8166
   2.000   0.4432   0.01136  -0.00004  -0.0372   0.5066   0.5898  61.2263 251.8166
   2.000   0.4432   0.01136  -0.00004  -0.0372   0.5066   0.5898  61.2263 251.8166
   2.000   0.4432   0.01136  -0.00004  -0.0372   0.5066   0.5898  61.2263 251.8166
   3.000   0.5147   0.01153  -0.00030  -0.0291   0.4865   0.6929  62.8244 258.2099
   3.000   0.5147   0.01153  -0.00030  -0.0291   0.4865   0.6929  62.8244 258.2096
   3.000   0.5147   0.01153  -0.00030  -0.0291   0.4865   0.6928  62.8244 258.2095
   3.000   0.5147   0.01153  -0.00030  -0.0291   0.4865   0.6928  62.8244 258.2095
   3.000   0.5147   0.01153  -0.00030  -0.0291   0.4865   0.6928  62.8244 258.2095
   4.000   0.5866   0.01169  -0.00051  -0.0212   0.4668   0.8320  64.4236 267.5635
   4.000   0.5866   0.01169  -0.00051  -0.0212   0.4668   0.8320  64.4237 267.5641
   4.000   0.5866   0.01169  -0.00051  -0.0212   0.4668   0.8320  64.4237 267.5640
   4.000   0.5866   0.01169  -0.00051  -0.0212   0.4668   0.8320  64.4237 267.5640
   4.000   0.5866   0.01169  -0.00051  -0.0212   0.4668   0.8320  64.4237 267.5640
   5.000   0.8360   0.01301   0.00104  -0.0513   0.4409   0.9495  66.5715 282.8423
   5.000   0.8360   0.01301   0.00104  -0.0513   0.4409   0.9496  66.5714 282.8466
   5.000   0.8360   0.01301   0.00104  -0.0513   0.4409   0.9496  66.5714 282.8467
   5.000   0.8360   0.01301   0.00104  -0.0513   0.4409   0.9496  66.5714 282.8467
   5.000   0.8360   0.01301   0.00104  -0.0513   0.4409   0.9496  66.5714 282.8467
   6.000   0.9789   0.01455   0.00163  -0.0593   0.4177   0.9940  68.5360 297.1114
   6.000   0.9789   0.01455   0.00163  -0.0593   0.4177   0.9940  68.5360 297.1114
   6.000   0.9789   0.01455   0.00163  -0.0593   0.4177   0.9940  68.5360 297.1114
   6.000   0.9789   0.01455   0.00163  -0.0593   0.4177   0.9940  68.5360 297.1114
   6.000   0.9789   0.01455   0.00163  -0.0593   0.4177   0.9940  68.5360 297.1114
   7.000   1.0658   0.01578   0.00173  -0.0569   0.3961   1.0000  70.4205 300.0000
   7.000   1.0658   0.01578   0.00173  -0.0569   0.3961   1.0000  70.4205 300.0000
   7.000   1.0658   0.01578   0.00173  -0.0569   0.3961   1.0000  70.4205 300.0000
   7.000   1.0658   0.01578   0.00173  -0.0569   0.3961   1.0000  70.4205 300.0000
   7.000   1.0658   0.01578   0.00173  -0.0569   0.3961   1.0000  70.4205 300.0000
   8.000   1.1103   0.01720   0.00162  -0.0464   0.3757   1.0000  72.2351 300.0000
   8.000   1.1103   0.01720   0.00162  -0.0464   0.3757   1.0000  72.2351 300.0000
   8.000   1.1103   0.01720   0.00162  -0.0464   0.3757   1.0000  72.2351 300.0000
   8.000   1.1103   0.01720   0.00162  -0.0464   0.3757   1.0000  72.2351 300.0000
   8.000   1.1103   0.01720   0.00162  -0.0464   0.3757   1.0000  72.2351 300.0000
   9.000   1.1581   0.01907   0.00174  -0.0374   0.3542   1.0000  74.1957 300.0000
   9.000   1.1581   0.01907   0.00174  -0.0374   0.3542   1.0000  74.1937 300.0000
   9.000   1.1581   0.01907   0.00174  -0.0374   0.3542   1.0000  74.1937 300.0000
   9.000   1.1581   0.01907   0.00174  -0.0374   0.3542   1.0000  74.1937 300.0000
   9.000   1.1581   0.01907   0.00174  -0.0374   0.3542   1.0000  74.1937 300.0000
  10.000   1.2050   0.02148   0.00213  -0.0294   0.3315   1.0000  76.3189 300.0000
  10.000   1.2050   0.02148   0.00213  -0.0294   0.3315   1.0000  76.3189 300.0000
  10.000   1.2050   0.02148   0.00213  -0.0294   0.3315   1.0000  76.3189 300.0000
  10.000   1.2050   0.02148   0.00213  -0.0294   0.3315   1.0000  76.3189 300.0000
  10.000   1.2050   0.02148   0.00213  -0.0294   0.3315   1.0000  76.3189 300.0000
  11.000   1.2483   0.02459   0.00290  -0.0221   0.3082   1.0000  78.5736 300.0000
  11.000   1.2483   0.02459   0.00291  -0.0221   0.3082   1.0000  78.5736 300.0000
  11.000   1.2483   0.02459   0.00291  -0.0221   0.3082   1.0000  78.5736 300.0000
  11.000   1.2483   0.02459   0.00291  -0.0221   0.3082   1.0000  78.5736 300.0000
  11.000   1.2483   0.02459   0.00291  -0.0221   0.3082   1.0000  78.5736 300.0000
  12.000   1.2849   0.02863   0.00421  -0.0154   0.2848   1.0000  80.8983 300.0000
  12.000   1.2849   0.02863   0.00421  -0.0154   0.2848   1.0000  80.8982 300.0000
  12.000   1.2849   0.02863   0.00421  -0.0154   0.2848   1.0000  80.8982 300.0000
  12.000   1.2849   0.02863   0.00421  -0.0154   0.2848   1.0000  80.8982 300.0000
  12.000   1.2849   0.02863   0.00421  -0.0154   0.2848   1.0000  80.8982 300.0000
  13.000   1.3169   0.03356   0.00612  -0.0097   0.2618   1.0000  83.2841 300.0000
  13.000   1.3169   0.03356   0.00612  -0.0097   0.2618   1.0000  83.2841 300.0000
  13.000   1.3169   0.03356   0.00612  -0.0097   0.2618   1.0000  83.2841 300.0000
  13.000   1.3169   0.03356   0.00612  -0.0097   0.2618   1.0000  83.2841 300.0000
  13.000   1.3169   0.03356   0.00612  -0.0097   0.2618   1.0000  83.2841 300.0000
  14.000   1.3406   0.03967   0.00884  -0.0048   0.2395   1.0000  85.6802 300.0000
  14.000   1.3406   0.03967   0.00884  -0.0048   0.2395   1.0000  85.6802 300.0000
  14.000   1.3406   0.03967   0.00884  -0.0048   0.2395   1.0000  85.6802 300.0000
  14.000   1.3406   0.03967   0.00884  -0.0048   0.2395   1.0000  85.6802 300.0000
  14.000   1.3406   0.03967   0.00884  -0.0048   0.2395   1.0000  85.6802 300.0000
  16.000   1.3653   0.05543   0.01700   0.0023   0.1997   1.0000  90.2838 300.0000
  16.000   1.3653   0.05543   0.01700   0.0023   0.1997   1.0000  90.2836 300.0000
  16.000   1.3653   0.05543   0.01700   0.0023   0.1997   1.0000  90.2836 300.0000
  16.000   1.3653   0.05543   0.01700   0.0023   0.1997   1.0000  90.2836 300.0000
  16.000   1.3653   0.05543   0.01700   0.0023   0.1997   1.0000  90.2836 300.0000
  17.000   1.3687   0.06492   0.02249   0.0042   0.1818   1.0000  92.5232 300.0000
  17.000   1.3687   0.06492   0.02249   0.0042   0.1818   1.0000  92.5234 300.0000
  17.000   1.3687   0.06492   0.02249   0.0042   0.1818   1.0000  92.5234 300.0000
  17.000   1.3687   0.06492   0.02249   0.0042   0.1818   1.0000  92.5234 300.0000
  17.000   1.3687   0.06492   0.02249   0.0042   0.1818   1.0000  92.5234 300.0000
  18.000   1.3667   0.07537   0.02897   0.0052   0.1653   1.0000  94.7098 300.0000
  18.000   1.3667   0.07538   0.02897   0.0052   0.1653   1.0000  94.7101 300.0000
  18.000   1.3667   0.07538   0.02897   0.0052   0.1653   1.0000  94.7101 300.0000
  18.000   1.3667   0.07538   0.02897   0.0052   0.1653   1.0000  94.7102 300.0000
  18.000   1.3667   0.07538   0.02897   0.0052   0.1653   1.0000  94.7102 300.0000
  19.000   1.3610   0.08662   0.03650   0.0051   0.1502   1.0000  96.8494 300.0000
  19.000   1.3610   0.08663   0.03650   0.0051   0.1502   1.0000  96.8496 300.0000
  19.000   1.3610   0.08663   0.03650   0.0051   0.1502   1.0000  96.8496 300.0000
  19.000   1.3610   0.08663   0.03650   0.0051   0.1502   1.0000  96.8496 300.0000
  19.000   1.3610   0.08663   0.03650   0.0051   0.1502   1.0000  96.8496 300.0000
