xflr5 v6.61

 Calculated polar for: E387

 1 1 Reynolds number fixed          Mach number fixed         

 xtrf =   1.000 (top)        1.000 (bottom)
 Mach =   0.000     Re =     0.060 e 6     Ncrit =   9.000

  alpha     CL        CD       CDp       Cm    Top Xtr Bot Xtr   Cpmin    Chinge    XCp    
 ------- -------- --------- --------- -------- ------- ------- -------- --------- ---------
   0.000   0.3010   0.02496   0.01598  -0.0882  0.8686  1.0000  -0.5358   0.0000   0.0000   0.0000   0.5431
   0.100   0.3181   0.02518   0.01611  -0.0894  0.8661  1.0000  -0.5301   0.0000   0.0000   0.0000   0.5310
   0.200   0.3364   0.02541   0.01626  -0.0908  0.8639  1.0000  -0.5412   0.0000   0.0000   0.0000   0.5198
   0.300   0.3551   0.02568   0.01644  -0.0923  0.8617  1.0000  -0.5526   0.0000   0.0000   0.0000   0.5095
   0.400   0.3650   0.02603   0.01672  -0.0924  0.8588  1.0000  -0.5584   0.0000   0.0000   0.0000   0.5027
   0.500   0.3600   0.02641   0.01707  -0.0902  0.8541  1.0000  -0.5546   0.0000   0.0000   0.0000   0.5001
   0.600   0.3629   0.02673   0.01734  -0.0893  0.8496  1.0000  -0.5559   0.0000   0.0000   0.0000   0.4953
   0.700   0.3699   0.02701   0.01757  -0.0889  0.8452  1.0000  -0.5598   0.0000   0.0000   0.0000   0.4895
   0.800   0.3801   0.02726   0.01777  -0.0890  0.8410  1.0000  -0.5658   0.0000   0.0000   0.0000   0.4832
   0.900   0.3928   0.02748   0.01793  -0.0894  0.8372  1.0000  -0.5741   0.0000   0.0000   0.0000   0.4767
   1.000   0.4078   0.02768   0.01808  -0.0902  0.8338  1.0000  -0.5845   0.0000   0.0000   0.0000   0.4701
   1.100   0.4246   0.02787   0.01823  -0.0912  0.8308  1.0000  -0.5963   0.0000   0.0000   0.0000   0.4636
   1.200   0.4426   0.02806   0.01838  -0.0924  0.8282  1.0000  -0.6089   0.0000   0.0000   0.0000   0.4575
   1.300   0.4607   0.02829   0.01856  -0.0936  0.8261  1.0000  -0.6216   0.0000   0.0000   0.0000   0.4518
   1.400   0.4772   0.02857   0.01881  -0.0946  0.8239  1.0000  -0.6333   0.0000   0.0000   0.0000   0.4466
   1.500   0.4940   0.02893   0.01914  -0.0955  0.8219  1.0000  -0.6453   0.0000   0.0000   0.0000   0.4417
   1.600   0.4869   0.02953   0.01972  -0.0935  0.8177  1.0000  -0.6401   0.0000   0.0000   0.0000   0.4404
   1.700   0.4833   0.03005   0.02023  -0.0919  0.8137  1.0000  -0.6385   0.0000   0.0000   0.0000   0.4384
   1.800   0.4846   0.03052   0.02068  -0.0909  0.8100  1.0000  -0.6404   0.0000   0.0000   0.0000   0.4357
   1.900   0.4889   0.03096   0.02109  -0.0903  0.8065  1.0000  -0.6444   0.0000   0.0000   0.0000   0.4328
   2.000   0.4954   0.03136   0.02148  -0.0900  0.8032  1.0000  -0.6499   0.0000   0.0000   0.0000   0.4297
   2.100   0.5037   0.03173   0.02183  -0.0900  0.7999  1.0000  -0.6569   0.0000   0.0000   0.0000   0.4265
   2.200   0.5145   0.03204   0.02213  -0.0902  0.7966  1.0000  -0.6663   0.0000   0.0000   0.0000   0.4230
   2.300   0.5280   0.03229   0.02238  -0.0907  0.7932  1.0000  -0.6790   0.0000   0.0000   0.0000   0.4194
   2.400   0.5445   0.03249   0.02257  -0.0915  0.7901  1.0000  -0.6941   0.0000   0.0000   0.0000   0.4157
   2.500   0.5640   0.03264   0.02272  -0.0927  0.7872  1.0000  -0.7118   0.0000   0.0000   0.0000   0.4119
   2.600   0.5852   0.03277   0.02285  -0.0940  0.7846  1.0000  -0.7310   0.0000   0.0000   0.0000   0.4081
   2.700   0.6042   0.03299   0.02308  -0.0949  0.7821  1.0000  -0.7501   0.0000   0.0000   0.0000   0.4044
   2.800   0.6159   0.03348   0.02356  -0.0950  0.7791  1.0000  -0.7636   0.0000   0.0000   0.0000   0.4016
   2.900   0.6033   0.03430   0.02438  -0.0928  0.7737  1.0000  -0.7550   0.0000   0.0000   0.0000   0.4011
   3.000   0.5989   0.03498   0.02505  -0.0913  0.7695  1.0000  -0.7538   0.0000   0.0000   0.0000   0.3996
   3.100   0.5996   0.03556   0.02564  -0.0905  0.7657  1.0000  -0.7571   0.0000   0.0000   0.0000   0.3979
   3.200   0.6034   0.03609   0.02616  -0.0899  0.7620  1.0000  -0.7631   0.0000   0.0000   0.0000   0.3959
   3.300   0.6099   0.03654   0.02662  -0.0897  0.7583  1.0000  -0.7716   0.0000   0.0000   0.0000   0.3938
   3.400   0.6194   0.03689   0.02699  -0.0897  0.7545  1.0000  -0.7850   0.0000   0.0000   0.0000   0.3915
   3.500   0.6322   0.03715   0.02726  -0.0900  0.7507  1.0000  -0.8019   0.0000   0.0000   0.0000   0.3889
   3.600   0.6488   0.03730   0.02744  -0.0906  0.7471  1.0000  -0.8228   0.0000   0.0000   0.0000   0.3862
   3.700   0.6693   0.03733   0.02761  -0.0916  0.7439  1.0000  -0.8478   0.0000   0.0000   0.0000   0.3833
   3.800   0.6923   0.03731   0.02760  -0.0928  0.7411  1.0000  -0.8794   0.0000   0.0000   0.0000   0.3804
   3.900   0.7132   0.03738   0.02770  -0.0935  0.7385  1.0000  -0.9097   0.0000   0.0000   0.0000   0.3775
   4.000   0.7314   0.03773   0.02808  -0.0940  0.7360  1.0000  -0.9372   0.0000   0.0000   0.0000   0.3747
   4.100   0.7133   0.03901   0.02934  -0.0919  0.7299  1.0000  -0.9207   0.0000   0.0000   0.0000   0.3750
   4.200   0.7030   0.03998   0.03030  -0.0902  0.7246  1.0000  -0.9138   0.0000   0.0000   0.0000   0.3743
   4.300   0.7014   0.04068   0.03101  -0.0892  0.7196  1.0000  -0.9174   0.0000   0.0000   0.0000   0.3730
   4.400   0.7053   0.04121   0.03155  -0.0886  0.7147  1.0000  -0.9273   0.0000   0.0000   0.0000   0.3715
   4.500   0.7139   0.04156   0.03193  -0.0884  0.7100  1.0000  -0.9444   0.0000   0.0000   0.0000   0.3696
   4.600   0.7273   0.04173   0.03213  -0.0886  0.7054  1.0000  -0.9708   0.0000   0.0000   0.0000   0.3675
   4.700   0.7459   0.04171   0.03215  -0.0891  0.7012  1.0000  -1.0047   0.0000   0.0000   0.0000   0.3651
   4.800   0.7694   0.04151   0.03201  -0.0901  0.6977  1.0000  -1.0484   0.0000   0.0000   0.0000   0.3625
   4.900   0.7946   0.04122   0.03179  -0.0909  0.6947  1.0000  -1.1011   0.0000   0.0000   0.0000   0.3598
   5.000   0.8163   0.04110   0.03172  -0.0913  0.6918  1.0000  -1.1490   0.0000   0.0000   0.0000   0.3571
   5.100   0.8296   0.04158   0.03224  -0.0911  0.6882  1.0000  -1.1826   0.0000   0.0000   0.0000   0.3550
   5.200   0.7972   0.04370   0.03433  -0.0887  0.6792  1.0000  -1.1355   0.0000   0.0000   0.0000   0.3563
   5.300   0.7901   0.04468   0.03530  -0.0874  0.6725  1.0000  -1.1333   0.0000   0.0000   0.0000   0.3555
   5.400   0.7939   0.04517   0.03583  -0.0868  0.6663  1.0000  -1.1500   0.0000   0.0000   0.0000   0.3541
   5.500   0.8057   0.04529   0.03600  -0.0866  0.6606  1.0000  -1.1935   0.0000   0.0000   0.0000   0.3522
   5.600   0.8246   0.04507   0.03584  -0.0868  0.6556  1.0000  -1.2714   0.0000   0.0000   0.0000   0.3500
   5.700   0.8510   0.04444   0.03532  -0.0874  0.6515  1.0000  -1.3743   0.0000   0.0000   0.0000   0.3473
   5.800   0.8794   0.04357   0.03455  -0.0878  0.6482  1.0000  -1.4878   0.0000   0.0000   0.0000   0.3443
   5.900   0.9031   0.04293   0.03400  -0.0877  0.6448  1.0000  -1.5903   0.0000   0.0000   0.0000   0.3414
   6.000   0.9264   0.04254   0.03369  -0.0873  0.6414  1.0000  -1.7159   0.0000   0.0000   0.0000   0.3385
   6.100   0.8801   0.04622   0.03729  -0.0855  0.6285  1.0000  -1.5580   0.0000   0.0000   0.0000   0.3412
   6.200   0.8751   0.04719   0.03828  -0.0844  0.6204  1.0000  -1.5643   0.0000   0.0000   0.0000   0.3405
   6.300   0.8867   0.04715   0.03831  -0.0840  0.6136  1.0000  -1.6267   0.0000   0.0000   0.0000   0.3386
   6.400   0.9116   0.04619   0.03747  -0.0839  0.6080  1.0000  -1.7877   0.0000   0.0000   0.0000   0.3359
   6.500   0.9422   0.04464   0.03606  -0.0838  0.6036  1.0000  -1.9905   0.0000   0.0000   0.0000   0.3326
   6.600   0.9704   0.04309   0.03464  -0.0832  0.5996  1.0000  -2.1875   0.0000   0.0000   0.0000   0.3294
   6.700   1.0003   0.04136   0.03302  -0.0825  0.5956  1.0000  -2.4000   0.0000   0.0000   0.0000   0.3260
   6.800   0.9991   0.04238   0.03410  -0.0816  0.5876  1.0000  -2.4341   0.0000   0.0000   0.0000   0.3251
   6.900   0.9738   0.04532   0.03703  -0.0807  0.5749  1.0000  -2.3269   0.0000   0.0000   0.0000   0.3262
   7.000   0.9860   0.04487   0.03667  -0.0799  0.5667  1.0000  -2.4391   0.0000   0.0000   0.0000   0.3242
   7.100   1.0133   0.04298   0.03494  -0.0791  0.5605  1.0000  -2.6414   0.0000   0.0000   0.0000   0.3210
   7.200   1.0442   0.04052   0.03263  -0.0780  0.5547  1.0000  -2.8704   0.0000   0.0000   0.0000   0.3176
   7.300   1.0989   0.03545   0.02869  -0.0764  0.5443  1.0000  -3.4486   0.0000   0.0000   0.0000   0.3122
   7.400   1.0866   0.03722   0.03057  -0.0753  0.5335  1.0000  -3.4106   0.0000   0.0000   0.0000   0.3119
   7.500   1.0903   0.03721   0.03069  -0.0740  0.5207  1.0000  -3.4950   0.0000   0.0000   0.0000   0.3103
   7.600   1.1213   0.03401   0.02767  -0.0725  0.5075  1.0000  -3.7739   0.0000   0.0000   0.0000   0.3069
   7.700   1.1524   0.03106   0.02476  -0.0713  0.4931  1.0000  -4.0426   0.0000   0.0000   0.0000   0.3039
   7.800   1.1507   0.03151   0.02541  -0.0698  0.4783  1.0000  -4.0813   0.0000   0.0000   0.0000   0.3026
   7.900   1.1682   0.02963   0.02358  -0.0683  0.4584  1.0000  -4.2521   0.0000   0.0000   0.0000   0.3002
   8.000   1.1779   0.02848   0.02241  -0.0664  0.4345  1.0000  -4.3705   0.0000   0.0000   0.0000   0.2979
   8.100   1.1840   0.02710   0.02078  -0.0640  0.3981  1.0000  -4.4754   0.0000   0.0000   0.0000   0.2953
   8.200   1.1825   0.02705   0.02056  -0.0618  0.3600  1.0000  -4.5219   0.0000   0.0000   0.0000   0.2934
   8.300   1.1794   0.02741   0.02059  -0.0597  0.3178  1.0000  -4.5549   0.0000   0.0000   0.0000   0.2916
   8.400   1.1743   0.02818   0.02095  -0.0577  0.2765  1.0000  -4.5732   0.0000   0.0000   0.0000   0.2899
   8.500   1.1684   0.02922   0.02163  -0.0559  0.2401  1.0000  -4.5795   0.0000   0.0000   0.0000   0.2885
   8.600   1.1620   0.03040   0.02252  -0.0542  0.2086  1.0000  -4.5729   0.0000   0.0000   0.0000   0.2871
   8.700   1.1540   0.03173   0.02354  -0.0523  0.1833  1.0000  -4.5526   0.0000   0.0000   0.0000   0.2857
   8.800   1.1452   0.03309   0.02467  -0.0505  0.1599  1.0000  -4.5199   0.0000   0.0000   0.0000   0.2843
   8.900   1.1357   0.03469   0.02604  -0.0486  0.1358  1.0000  -4.4600   0.0000   0.0000   0.0000   0.2829
   9.000   1.1255   0.03643   0.02746  -0.0470  0.1209  1.0000  -4.4080   0.0000   0.0000   0.0000   0.2817
   9.100   1.1177   0.03816   0.02905  -0.0455  0.0999  1.0000  -4.3074   0.0000   0.0000   0.0000   0.2805
   9.200   1.1123   0.03988   0.03058  -0.0439  0.0873  1.0000  -4.2206   0.0000   0.0000   0.0000   0.2792
   9.300   1.1128   0.04106   0.03176  -0.0428  0.0775  1.0000  -4.1668   0.0000   0.0000   0.0000   0.2780
   9.400   1.1138   0.04222   0.03286  -0.0418  0.0716  1.0000  -4.1499   0.0000   0.0000   0.0000   0.2769
   9.500   1.1334   0.04356   0.03411  -0.0403  0.0639  1.0000  -4.1187   0.0000   0.0000   0.0000   0.2748
   9.600   1.1509   0.04459   0.03527  -0.0398  0.0605  1.0000  -4.1310   0.0000   0.0000   0.0000   0.2737
   9.700   1.1687   0.04590   0.03670  -0.0396  0.0581  1.0000  -4.1530   0.0000   0.0000   0.0000   0.2729
   9.800   1.1845   0.04739   0.03832  -0.0395  0.0565  1.0000  -4.1769   0.0000   0.0000   0.0000   0.2723
   9.900   1.1980   0.04898   0.04006  -0.0395  0.0555  1.0000  -4.1987   0.0000   0.0000   0.0000   0.2718
  10.000   1.2083   0.05060   0.04183  -0.0393  0.0549  1.0000  -4.2154   0.0000   0.0000   0.0000   0.2712
  10.100   1.2168   0.05225   0.04364  -0.0390  0.0545  1.0000  -4.2282   0.0000   0.0000   0.0000   0.2706
  10.200   1.2228   0.05389   0.04544  -0.0385  0.0543  1.0000  -4.2358   0.0000   0.0000   0.0000   0.2699
  10.300   1.2271   0.05553   0.04724  -0.0379  0.0543  1.0000  -4.2391   0.0000   0.0000   0.0000   0.2692
  10.400   1.2289   0.05713   0.04899  -0.0371  0.0544  1.0000  -4.2370   0.0000   0.0000   0.0000   0.2684
  10.500   1.2296   0.05873   0.05075  -0.0363  0.0545  1.0000  -4.2318   0.0000   0.0000   0.0000   0.2676
  10.600   1.2290   0.06032   0.05250  -0.0355  0.0546  1.0000  -4.2238   0.0000   0.0000   0.0000   0.2669
  10.700   1.2269   0.06190   0.05422  -0.0346  0.0548  1.0000  -4.2132   0.0000   0.0000   0.0000   0.2661
  10.800   1.2239   0.06347   0.05594  -0.0337  0.0550  1.0000  -4.2003   0.0000   0.0000   0.0000   0.2653
  10.900   1.2199   0.06506   0.05766  -0.0329  0.0552  1.0000  -4.1855   0.0000   0.0000   0.0000   0.2646
  11.000   1.2151   0.06666   0.05939  -0.0322  0.0554  1.0000  -4.1689   0.0000   0.0000   0.0000   0.2640
  11.100   1.2096   0.06829   0.06115  -0.0316  0.0557  1.0000  -4.1507   0.0000   0.0000   0.0000   0.2635
  11.200   1.2035   0.06995   0.06293  -0.0310  0.0559  1.0000  -4.1309   0.0000   0.0000   0.0000   0.2630
  11.300   1.1968   0.07165   0.06474  -0.0306  0.0561  1.0000  -4.1095   0.0000   0.0000   0.0000   0.2627
  11.400   1.1895   0.07340   0.06661  -0.0304  0.0563  1.0000  -4.0866   0.0000   0.0000   0.0000   0.2625
  11.500   1.1820   0.07523   0.06854  -0.0303  0.0565  1.0000  -4.0622   0.0000   0.0000   0.0000   0.2625
  11.600   1.1740   0.07712   0.07054  -0.0303  0.0568  1.0000  -4.0362   0.0000   0.0000   0.0000   0.2626
  11.700   1.1657   0.07910   0.07261  -0.0305  0.0570  1.0000  -4.0085   0.0000   0.0000   0.0000   0.2628
  11.800   1.1570   0.08114   0.07475  -0.0309  0.0572  1.0000  -3.9791   0.0000   0.0000   0.0000   0.2631
  11.900   1.1480   0.08324   0.07694  -0.0313  0.0574  1.0000  -3.9480   0.0000   0.0000   0.0000   0.2636
  12.000   1.1387   0.08544   0.07923  -0.0320  0.0576  1.0000  -3.9150   0.0000   0.0000   0.0000   0.2643
  12.100   1.1292   0.08776   0.08162  -0.0328  0.0578  1.0000  -3.8798   0.0000   0.0000   0.0000   0.2651
  12.200   1.1194   0.09019   0.08414  -0.0338  0.0581  1.0000  -3.8423   0.0000   0.0000   0.0000   0.2661
  12.300   1.1096   0.09275   0.08677  -0.0350  0.0583  1.0000  -3.8023   0.0000   0.0000   0.0000   0.2673
  12.400   1.0994   0.09545   0.08953  -0.0363  0.0585  1.0000  -3.7595   0.0000   0.0000   0.0000   0.2688
  12.500   1.0893   0.09827   0.09241  -0.0379  0.0588  1.0000  -3.7138   0.0000   0.0000   0.0000   0.2704
  12.600   1.0789   0.10123   0.09544  -0.0396  0.0590  1.0000  -3.6646   0.0000   0.0000   0.0000   0.2722
  12.700   1.0685   0.10434   0.09859  -0.0415  0.0593  1.0000  -3.6120   0.0000   0.0000   0.0000   0.2742
  12.800   1.0580   0.10761   0.10190  -0.0436  0.0596  1.0000  -3.5555   0.0000   0.0000   0.0000   0.2765
  12.900   1.0477   0.11102   0.10535  -0.0458  0.0600  1.0000  -3.4952   0.0000   0.0000   0.0000   0.2789
  13.000   1.0376   0.11458   0.10894  -0.0482  0.0604  1.0000  -3.4313   0.0000   0.0000   0.0000   0.2815
  13.100   1.0281   0.11824   0.11261  -0.0506  0.0608  1.0000  -3.3647   0.0000   0.0000   0.0000   0.2842
  13.200   1.0191   0.12198   0.11636  -0.0530  0.0612  1.0000  -3.2962   0.0000   0.0000   0.0000   0.2870
  13.300   1.0111   0.12572   0.12010  -0.0553  0.0617  1.0000  -3.2278   0.0000   0.0000   0.0000   0.2897
  13.400   1.0040   0.12943   0.12382  -0.0576  0.0623  1.0000  -3.1605   0.0000   0.0000   0.0000   0.2923
  13.500   0.9980   0.13298   0.12736  -0.0596  0.0628  1.0000  -3.0971   0.0000   0.0000   0.0000   0.2946
  13.600   0.9929   0.13638   0.13075  -0.0615  0.0634  1.0000  -3.0380   0.0000   0.0000   0.0000   0.2968
  13.700   0.9888   0.13962   0.13398  -0.0631  0.0639  1.0000  -2.9843   0.0000   0.0000   0.0000   0.2987
  13.800   0.9856   0.14274   0.13708  -0.0645  0.0645  1.0000  -2.9366   0.0000   0.0000   0.0000   0.3002
  13.900   0.9834   0.14574   0.14007  -0.0656  0.0652  1.0000  -2.8962   0.0000   0.0000   0.0000   0.3014
  14.000   0.9834   0.14862   0.14293  -0.0658  0.0661  1.0000  -2.8720   0.0000   0.0000   0.0000   0.3015
  14.100   0.9860   0.15056   0.14496  -0.0670  0.0671  1.0000  -2.8529   0.0000   0.0000   0.0000   0.3024
  14.200   0.9706   0.15901   0.15333  -0.0745  0.0715  1.0000  -2.5686   0.0000   0.0000   0.0000   0.3116
  14.300   0.9594   0.16509   0.15932  -0.0788  0.0751  1.0000  -2.3951   0.0000   0.0000   0.0000   0.3172
  14.400   0.9552   0.16895   0.16315  -0.0810  0.0779  1.0000  -2.3118   0.0000   0.0000   0.0000   0.3198
  14.500   0.9535   0.17218   0.16635  -0.0825  0.0805  1.0000  -2.2563   0.0000   0.0000   0.0000   0.3215
  14.600   0.9535   0.17504   0.16921  -0.0835  0.0831  1.0000  -2.2197   0.0000   0.0000   0.0000   0.3225
  14.700   0.9557   0.17768   0.17185  -0.0839  0.0859  1.0000  -2.2036   0.0000   0.0000   0.0000   0.3226
  14.800   0.9446   0.18547   0.17960  -0.0895  0.1093  1.0000  -1.9653   0.0000   0.0000   0.0000   0.3298
  15.000   0.9789   0.20855   0.20284  -0.0876  0.1532  1.0000  -1.9189   0.0000   0.0000   0.0000   0.3247
  15.100   0.9796   0.21080   0.20509  -0.0886  0.1532  1.0000  -1.9047   0.0000   0.0000   0.0000   0.3255
  15.200   0.9802   0.21295   0.20724  -0.0895  0.1531  1.0000  -1.8902   0.0000   0.0000   0.0000   0.3263
  15.300   0.9806   0.21497   0.20925  -0.0905  0.1530  1.0000  -1.8755   0.0000   0.0000   0.0000   0.3272
  15.400   0.9809   0.21684   0.21112  -0.0915  0.1529  1.0000  -1.8604   0.0000   0.0000   0.0000   0.3281
  15.500   0.9809   0.21852   0.21279  -0.0926  0.1528  1.0000  -1.8446   0.0000   0.0000   0.0000   0.3290
  15.600   0.9787   0.21966   0.21391  -0.0940  0.1525  1.0000  -1.8218   0.0000   0.0000   0.0000   0.3305
  15.700   0.9757   0.22037   0.21461  -0.0955  0.1522  1.0000  -1.7958   0.0000   0.0000   0.0000   0.3322
  15.800   0.9709   0.22028   0.21448  -0.0973  0.1516  1.0000  -1.7631   0.0000   0.0000   0.0000   0.3345
  15.900   0.9577   0.21741   0.21156  -0.1004  0.1494  1.0000  -1.7004   0.0000   0.0000   0.0000   0.3389
  16.000   0.9496   0.21656   0.21068  -0.1027  0.1460  1.0000  -1.6565   0.0000   0.0000   0.0000   0.3421
  16.100   0.9484   0.21786   0.21196  -0.1039  0.1438  1.0000  -1.6384   0.0000   0.0000   0.0000   0.3434
  16.200   0.9486   0.21951   0.21361  -0.1049  0.1419  1.0000  -1.6263   0.0000   0.0000   0.0000   0.3442
  16.300   0.9493   0.22129   0.21539  -0.1057  0.1402  1.0000  -1.6172   0.0000   0.0000   0.0000   0.3449
  16.400   0.9505   0.22314   0.21724  -0.1064  0.1385  1.0000  -1.6102   0.0000   0.0000   0.0000   0.3454
  16.500   0.9519   0.22503   0.21914  -0.1071  0.1370  1.0000  -1.6049   0.0000   0.0000   0.0000   0.3458
  16.600   0.9536   0.22695   0.22107  -0.1077  0.1355  1.0000  -1.6012   0.0000   0.0000   0.0000   0.3461
  16.700   0.9555   0.22890   0.22302  -0.1082  0.1341  1.0000  -1.5992   0.0000   0.0000   0.0000   0.3463
  16.800   0.9576   0.23087   0.22500  -0.1087  0.1328  1.0000  -1.5988   0.0000   0.0000   0.0000   0.3464
  16.900   0.9600   0.23287   0.22701  -0.1091  0.1314  1.0000  -1.6003   0.0000   0.0000   0.0000   0.3464
  17.000   0.9627   0.23492   0.22907  -0.1094  0.1301  1.0000  -1.6041   0.0000   0.0000   0.0000   0.3463
  17.100   0.9659   0.23704   0.23120  -0.1096  0.1289  1.0000  -1.6107   0.0000   0.0000   0.0000   0.3460
  17.200   0.9696   0.23928   0.23345  -0.1097  0.1276  1.0000  -1.6208   0.0000   0.0000   0.0000   0.3455
  17.300   0.9743   0.24174   0.23594  -0.1097  0.1264  1.0000  -1.6358   0.0000   0.0000   0.0000   0.3447
  17.400   0.9803   0.24463   0.23885  -0.1094  0.1252  1.0000  -1.6578   0.0000   0.0000   0.0000   0.3436
  17.500   0.9893   0.24855   0.24280  -0.1086  0.1239  1.0000  -1.6925   0.0000   0.0000   0.0000   0.3417
  17.600   1.0044   0.25559   0.24990  -0.1070  0.1223  1.0000  -1.7525   0.0000   0.0000   0.0000   0.3383
  17.700   1.0126   0.26717   0.26147  -0.1061  0.1207  1.0000  -1.7696   0.0000   0.0000   0.0000   0.3366
  17.800   1.0125   0.26872   0.26302  -0.1071  0.1206  1.0000  -1.7559   0.0000   0.0000   0.0000   0.3374
  17.900   1.0109   0.26993   0.26422  -0.1083  0.1204  1.0000  -1.7365   0.0000   0.0000   0.0000   0.3386
  18.000   1.0091   0.27098   0.26526  -0.1095  0.1203  1.0000  -1.7161   0.0000   0.0000   0.0000   0.3399
  18.100   1.0069   0.27183   0.26611  -0.1107  0.1201  1.0000  -1.6946   0.0000   0.0000   0.0000   0.3412
  18.200   1.0043   0.27243   0.26670  -0.1120  0.1198  1.0000  -1.6712   0.0000   0.0000   0.0000   0.3426
  18.300   1.0002   0.27259   0.26684  -0.1134  0.1194  1.0000  -1.6427   0.0000   0.0000   0.0000   0.3443
  18.400   0.9944   0.27224   0.26647  -0.1149  0.1189  1.0000  -1.6088   0.0000   0.0000   0.0000   0.3463
  18.500   0.9882   0.27172   0.26594  -0.1166  0.1181  1.0000  -1.5719   0.0000   0.0000   0.0000   0.3486
  18.600   0.9829   0.27153   0.26573  -0.1183  0.1169  1.0000  -1.5363   0.0000   0.0000   0.0000   0.3508
  18.700   0.9798   0.27221   0.26640  -0.1197  0.1152  1.0000  -1.5094   0.0000   0.0000   0.0000   0.3525
  18.800   0.9785   0.27360   0.26780  -0.1208  0.1135  1.0000  -1.4918   0.0000   0.0000   0.0000   0.3536
  18.900   0.9780   0.27532   0.26952  -0.1216  0.1118  1.0000  -1.4798   0.0000   0.0000   0.0000   0.3544
  19.000   0.9779   0.27718   0.27139  -0.1224  0.1103  1.0000  -1.4709   0.0000   0.0000   0.0000   0.3550
  19.100   0.9781   0.27911   0.27333  -0.1230  0.1087  1.0000  -1.4641   0.0000   0.0000   0.0000   0.3554
  19.200   0.9784   0.28107   0.27530  -0.1235  0.1073  1.0000  -1.4589   0.0000   0.0000   0.0000   0.3558
  19.300   0.9787   0.28304   0.27728  -0.1240  0.1059  1.0000  -1.4550   0.0000   0.0000   0.0000   0.3561
  19.400   0.9792   0.28502   0.27927  -0.1244  0.1046  1.0000  -1.4524   0.0000   0.0000   0.0000   0.3564
  19.500   0.9796   0.28699   0.28126  -0.1248  0.1033  1.0000  -1.4510   0.0000   0.0000   0.0000   0.3565
  19.600   0.9802   0.28896   0.28324  -0.1251  0.1021  1.0000  -1.4511   0.0000   0.0000   0.0000   0.3566
  19.700   0.9809   0.29093   0.28523  -0.1254  0.1009  1.0000  -1.4528   0.0000   0.0000   0.0000   0.3566
  19.800   0.9817   0.29292   0.28724  -0.1255  0.0997  1.0000  -1.4563   0.0000   0.0000   0.0000   0.3566
  19.900   0.9827   0.29495   0.28929  -0.1256  0.0986  1.0000  -1.4622   0.0000   0.0000   0.0000   0.3564
  20.000   0.9841   0.29706   0.29142  -0.1256  0.0975  1.0000  -1.4711   0.0000   0.0000   0.0000   0.3560


