xflr5 v6.61

 Calculated polar for: E387

 1 1 Reynolds number fixed          Mach number fixed         

 xtrf =   1.000 (top)        1.000 (bottom)
 Mach =   0.000     Re =     0.030 e 6     Ncrit =   9.000

  alpha     CL        CD       CDp       Cm    Top Xtr Bot Xtr   Cpmin    Chinge    XCp    
 ------- -------- --------- --------- -------- ------- ------- -------- --------- ---------
   0.000   0.0590   0.02910   0.01756  -0.0507  1.0000  1.0000  -1.2710   0.0000   0.0000   0.0000   1.1114
   0.100   0.0669   0.02939   0.01769  -0.0507  1.0000  1.0000  -1.2295   0.0000   0.0000   0.0000   1.0098
   0.200   0.0747   0.02970   0.01783  -0.0507  1.0000  1.0000  -1.1874   0.0000   0.0000   0.0000   0.9302
   0.300   0.0825   0.03001   0.01800  -0.0508  1.0000  1.0000  -1.1450   0.0000   0.0000   0.0000   0.8662
   0.400   0.0901   0.03032   0.01818  -0.0508  1.0000  1.0000  -1.1024   0.0000   0.0000   0.0000   0.8136
   0.500   0.0978   0.03065   0.01838  -0.0508  1.0000  1.0000  -1.0598   0.0000   0.0000   0.0000   0.7696
   0.600   0.1053   0.03098   0.01859  -0.0508  1.0000  1.0000  -1.0171   0.0000   0.0000   0.0000   0.7323
   0.700   0.1128   0.03131   0.01882  -0.0509  1.0000  1.0000  -0.9743   0.0000   0.0000   0.0000   0.7002
   0.800   0.1203   0.03166   0.01906  -0.0509  1.0000  1.0000  -0.9313   0.0000   0.0000   0.0000   0.6722
   0.900   0.1277   0.03201   0.01932  -0.0509  1.0000  1.0000  -0.8879   0.0000   0.0000   0.0000   0.6477
   1.000   0.1351   0.03237   0.01959  -0.0510  1.0000  1.0000  -0.8438   0.0000   0.0000   0.0000   0.6259
   1.100   0.1425   0.03274   0.01987  -0.0510  1.0000  1.0000  -0.7983   0.0000   0.0000   0.0000   0.6065
   1.200   0.1498   0.03311   0.02015  -0.0510  1.0000  1.0000  -0.7502   0.0000   0.0000   0.0000   0.5891
   1.300   0.1571   0.03350   0.02045  -0.0511  1.0000  1.0000  -0.6955   0.0000   0.0000   0.0000   0.5732
   1.400   0.1646   0.03388   0.02069  -0.0510  1.0000  1.0000  -0.5707   0.0000   0.0000   0.0000   0.5582
   1.500   0.1718   0.03428   0.02102  -0.0511  1.0000  1.0000  -0.5340   0.0000   0.0000   0.0000   0.5454
   1.600   0.1789   0.03469   0.02135  -0.0512  1.0000  1.0000  -0.4979   0.0000   0.0000   0.0000   0.5337
   1.700   0.1861   0.03510   0.02169  -0.0512  1.0000  1.0000  -0.4623   0.0000   0.0000   0.0000   0.5230
   1.800   0.1931   0.03552   0.02204  -0.0513  1.0000  1.0000  -0.4413   0.0000   0.0000   0.0000   0.5131
   1.900   0.2002   0.03595   0.02240  -0.0513  1.0000  1.0000  -0.4448   0.0000   0.0000   0.0000   0.5040
   2.000   0.2072   0.03639   0.02278  -0.0514  1.0000  1.0000  -0.4483   0.0000   0.0000   0.0000   0.4955
   2.100   0.2142   0.03683   0.02316  -0.0515  1.0000  1.0000  -0.4529   0.0000   0.0000   0.0000   0.4877
   2.200   0.2211   0.03729   0.02356  -0.0516  1.0000  1.0000  -0.4575   0.0000   0.0000   0.0000   0.4804
   2.300   0.2280   0.03775   0.02397  -0.0516  1.0000  1.0000  -0.4621   0.0000   0.0000   0.0000   0.4736
   2.400   0.2348   0.03822   0.02439  -0.0517  1.0000  1.0000  -0.4667   0.0000   0.0000   0.0000   0.4672
   2.500   0.2416   0.03870   0.02482  -0.0518  1.0000  1.0000  -0.4711   0.0000   0.0000   0.0000   0.4613
   2.600   0.2484   0.03918   0.02526  -0.0519  1.0000  1.0000  -0.4755   0.0000   0.0000   0.0000   0.4557
   2.700   0.2551   0.03967   0.02572  -0.0520  1.0000  1.0000  -0.4798   0.0000   0.0000   0.0000   0.4504
   2.800   0.2618   0.04017   0.02618  -0.0521  1.0000  1.0000  -0.4840   0.0000   0.0000   0.0000   0.4455
   2.900   0.2684   0.04068   0.02665  -0.0522  1.0000  1.0000  -0.4886   0.0000   0.0000   0.0000   0.4409
   3.000   0.2750   0.04120   0.02714  -0.0523  1.0000  1.0000  -0.4941   0.0000   0.0000   0.0000   0.4365
   3.100   0.2816   0.04172   0.02763  -0.0524  1.0000  1.0000  -0.4996   0.0000   0.0000   0.0000   0.4323
   3.200   0.2881   0.04225   0.02814  -0.0525  1.0000  1.0000  -0.5049   0.0000   0.0000   0.0000   0.4284
   3.300   0.2946   0.04279   0.02866  -0.0526  1.0000  1.0000  -0.5102   0.0000   0.0000   0.0000   0.4247
   3.400   0.3010   0.04334   0.02919  -0.0527  1.0000  1.0000  -0.5154   0.0000   0.0000   0.0000   0.4212
   3.500   0.3074   0.04390   0.02973  -0.0528  1.0000  1.0000  -0.5205   0.0000   0.0000   0.0000   0.4178
   3.600   0.3137   0.04446   0.03028  -0.0530  1.0000  1.0000  -0.5255   0.0000   0.0000   0.0000   0.4147
   3.700   0.3200   0.04504   0.03084  -0.0531  1.0000  1.0000  -0.5304   0.0000   0.0000   0.0000   0.4117
   3.800   0.3262   0.04562   0.03141  -0.0532  1.0000  1.0000  -0.5360   0.0000   0.0000   0.0000   0.4088
   3.900   0.3324   0.04621   0.03199  -0.0534  1.0000  1.0000  -0.5423   0.0000   0.0000   0.0000   0.4061
   4.000   0.3386   0.04681   0.03259  -0.0535  1.0000  1.0000  -0.5485   0.0000   0.0000   0.0000   0.4035
   4.100   0.3447   0.04742   0.03320  -0.0537  1.0000  1.0000  -0.5547   0.0000   0.0000   0.0000   0.4010
   4.200   0.3507   0.04804   0.03381  -0.0538  1.0000  1.0000  -0.5607   0.0000   0.0000   0.0000   0.3987
   4.300   0.3568   0.04867   0.03444  -0.0540  1.0000  1.0000  -0.5667   0.0000   0.0000   0.0000   0.3965
   4.400   0.3627   0.04930   0.03508  -0.0541  1.0000  1.0000  -0.5725   0.0000   0.0000   0.0000   0.3943
   4.500   0.3686   0.04995   0.03574  -0.0543  1.0000  1.0000  -0.5783   0.0000   0.0000   0.0000   0.3923
   4.600   0.3745   0.05060   0.03640  -0.0545  1.0000  1.0000  -0.5839   0.0000   0.0000   0.0000   0.3904
   4.700   0.3803   0.05127   0.03708  -0.0546  1.0000  1.0000  -0.5913   0.0000   0.0000   0.0000   0.3886
   4.800   0.3860   0.05195   0.03777  -0.0548  1.0000  1.0000  -0.5985   0.0000   0.0000   0.0000   0.3868
   4.900   0.3917   0.05263   0.03847  -0.0550  1.0000  1.0000  -0.6057   0.0000   0.0000   0.0000   0.3851
   5.000   0.3974   0.05333   0.03918  -0.0552  1.0000  1.0000  -0.6127   0.0000   0.0000   0.0000   0.3835
   5.100   0.4030   0.05404   0.03991  -0.0554  1.0000  1.0000  -0.6196   0.0000   0.0000   0.0000   0.3820
   5.200   0.4085   0.05476   0.04065  -0.0556  1.0000  1.0000  -0.6264   0.0000   0.0000   0.0000   0.3806
   5.300   0.4140   0.05549   0.04141  -0.0559  1.0000  1.0000  -0.6330   0.0000   0.0000   0.0000   0.3792
   5.400   0.4194   0.05624   0.04217  -0.0561  1.0000  1.0000  -0.6394   0.0000   0.0000   0.0000   0.3779
   5.500   0.4248   0.05699   0.04296  -0.0563  1.0000  1.0000  -0.6467   0.0000   0.0000   0.0000   0.3767
   5.600   0.4301   0.05776   0.04376  -0.0566  1.0000  1.0000  -0.6551   0.0000   0.0000   0.0000   0.3755
   5.700   0.4354   0.05854   0.04457  -0.0568  1.0000  1.0000  -0.6633   0.0000   0.0000   0.0000   0.3744
   5.800   0.4405   0.05933   0.04539  -0.0571  1.0000  1.0000  -0.6713   0.0000   0.0000   0.0000   0.3734
   5.900   0.4456   0.06014   0.04622  -0.0573  1.0000  1.0000  -0.6792   0.0000   0.0000   0.0000   0.3724
   6.000   0.4506   0.06095   0.04707  -0.0576  1.0000  1.0000  -0.6870   0.0000   0.0000   0.0000   0.3715
   6.100   0.4556   0.06179   0.04794  -0.0579  1.0000  1.0000  -0.6945   0.0000   0.0000   0.0000   0.3706
   6.200   0.4605   0.06264   0.04882  -0.0582  1.0000  1.0000  -0.7019   0.0000   0.0000   0.0000   0.3698
   6.300   0.4654   0.06350   0.04973  -0.0585  1.0000  1.0000  -0.7090   0.0000   0.0000   0.0000   0.3690
   6.400   0.4702   0.06439   0.05064  -0.0588  1.0000  1.0000  -0.7160   0.0000   0.0000   0.0000   0.3683
   6.500   0.4752   0.06524   0.05167  -0.0590  1.0000  1.0000  -0.7248   0.0000   0.0000   0.0000   0.3674
   6.600   0.4800   0.06615   0.05261  -0.0594  1.0000  1.0000  -0.7343   0.0000   0.0000   0.0000   0.3668
   6.700   0.4847   0.06709   0.05358  -0.0597  1.0000  1.0000  -0.7436   0.0000   0.0000   0.0000   0.3662
   6.800   0.4893   0.06805   0.05458  -0.0601  1.0000  1.0000  -0.7526   0.0000   0.0000   0.0000   0.3656
   6.900   0.4938   0.06903   0.05559  -0.0604  1.0000  1.0000  -0.7615   0.0000   0.0000   0.0000   0.3651
   7.000   0.4983   0.07003   0.05663  -0.0608  1.0000  1.0000  -0.7702   0.0000   0.0000   0.0000   0.3647
   7.100   0.5027   0.07105   0.05769  -0.0612  1.0000  1.0000  -0.7786   0.0000   0.0000   0.0000   0.3643
   7.200   0.5071   0.07209   0.05877  -0.0616  1.0000  1.0000  -0.7868   0.0000   0.0000   0.0000   0.3639
   7.300   0.5114   0.07315   0.05987  -0.0620  1.0000  1.0000  -0.7947   0.0000   0.0000   0.0000   0.3636
   7.400   0.5157   0.07423   0.06100  -0.0624  1.0000  1.0000  -0.8035   0.0000   0.0000   0.0000   0.3633
   7.500   0.5199   0.07534   0.06215  -0.0629  1.0000  1.0000  -0.8141   0.0000   0.0000   0.0000   0.3631
   7.600   0.5241   0.07646   0.06331  -0.0633  1.0000  1.0000  -0.8244   0.0000   0.0000   0.0000   0.3629
   7.700   0.5365   0.07808   0.06501  -0.0656  0.9940  1.0000  -0.8447   0.0000   0.0000   0.0000   0.3643
   7.800   0.5571   0.08033   0.06737  -0.0696  0.9789  1.0000  -0.8749   0.0000   0.0000   0.0000   0.3669
   7.900   0.5763   0.08253   0.06967  -0.0732  0.9606  1.0000  -0.9034   0.0000   0.0000   0.0000   0.3688
   8.000   0.5935   0.08465   0.07190  -0.0762  0.9415  1.0000  -0.9360   0.0000   0.0000   0.0000   0.3701
   8.100   0.6228   0.08858   0.07594  -0.0812  0.9241  1.0000  -1.0156   0.0000   0.0000   0.0000   0.3720
   8.200   0.6214   0.08837   0.07582  -0.0805  0.9077  1.0000  -1.0245   0.0000   0.0000   0.0000   0.3711
   8.300   0.6590   0.09421   0.08178  -0.0868  0.8950  1.0000  -1.1250   0.0000   0.0000   0.0000   0.3732
   8.400   0.6435   0.09248   0.08008  -0.0838  0.8885  1.0000  -1.0998   0.0000   0.0000   0.0000   0.3716
   8.500   0.6651   0.09496   0.08270  -0.0867  0.8656  1.0000  -1.1646   0.0000   0.0000   0.0000   0.3718
   8.600   0.7407   0.09585   0.08393  -0.0883  0.7077  1.0000  -1.4134   0.0000   0.0000   0.0000   0.3608
   8.700   0.7971   0.09554   0.08389  -0.0872  0.6276  1.0000  -1.6284   0.0000   0.0000   0.0000   0.3511
   8.800   0.7945   0.09686   0.08525  -0.0872  0.6238  1.0000  -1.6290   0.0000   0.0000   0.0000   0.3513
   8.900   0.7946   0.09812   0.08657  -0.0872  0.6179  1.0000  -1.6390   0.0000   0.0000   0.0000   0.3512
   9.000   0.8306   0.09859   0.08727  -0.0866  0.5820  1.0000  -1.8540   0.0000   0.0000   0.0000   0.3456
   9.100   0.8240   0.09959   0.08829  -0.0861  0.5753  1.0000  -1.8415   0.0000   0.0000   0.0000   0.3458
   9.200   0.8683   0.09886   0.08786  -0.0845  0.5360  1.0000  -2.1189   0.0000   0.0000   0.0000   0.3385
   9.300   0.8586   0.10034   0.08933  -0.0844  0.5315  1.0000  -2.0844   0.0000   0.0000   0.0000   0.3394
   9.400   0.8530   0.10189   0.09090  -0.0844  0.5269  1.0000  -2.0700   0.0000   0.0000   0.0000   0.3400
   9.500   0.8508   0.10341   0.09246  -0.0845  0.5215  1.0000  -2.0730   0.0000   0.0000   0.0000   0.3402
   9.600   0.8583   0.10462   0.09378  -0.0844  0.5118  1.0000  -2.1291   0.0000   0.0000   0.0000   0.3392
   9.700   0.8876   0.10482   0.09420  -0.0829  0.4863  1.0000  -2.3205   0.0000   0.0000   0.0000   0.3341
   9.800   0.8787   0.10645   0.09583  -0.0830  0.4818  1.0000  -2.2851   0.0000   0.0000   0.0000   0.3351
   9.900   0.8741   0.10772   0.09712  -0.0829  0.4740  1.0000  -2.2767   0.0000   0.0000   0.0000   0.3353
  10.000   0.9149   0.10592   0.09564  -0.0796  0.4385  1.0000  -2.5489   0.0000   0.0000   0.0000   0.3273
  10.100   0.9064   0.10811   0.09782  -0.0801  0.4355  1.0000  -2.5081   0.0000   0.0000   0.0000   0.3287
  10.200   0.8997   0.11018   0.09989  -0.0806  0.4323  1.0000  -2.4776   0.0000   0.0000   0.0000   0.3298
  10.300   0.8950   0.11217   0.10189  -0.0810  0.4287  1.0000  -2.4571   0.0000   0.0000   0.0000   0.3307
  10.400   0.8923   0.11406   0.10382  -0.0814  0.4247  1.0000  -2.4476   0.0000   0.0000   0.0000   0.3312
  10.500   0.9232   0.11309   0.10422  -0.0779  0.3901  1.0000  -2.7924   0.0000   0.0000   0.0000   0.3242
  10.600   0.9161   0.11512   0.10621  -0.0785  0.3867  1.0000  -2.7457   0.0000   0.0000   0.0000   0.3254
  10.700   0.9112   0.11678   0.10787  -0.0787  0.3805  1.0000  -2.7221   0.0000   0.0000   0.0000   0.3261
  10.900   1.1620   0.07690   0.06807  -0.0330  0.1191  1.0000  -4.0364   0.0000   0.0000   0.0000   0.2663
  11.000   1.1557   0.07881   0.07010  -0.0328  0.1189  1.0000  -4.0092   0.0000   0.0000   0.0000   0.2662
  11.100   1.1489   0.08081   0.07221  -0.0327  0.1188  1.0000  -3.9810   0.0000   0.0000   0.0000   0.2662
  11.200   1.1418   0.08289   0.07439  -0.0328  0.1187  1.0000  -3.9517   0.0000   0.0000   0.0000   0.2664
  11.300   1.1345   0.08506   0.07665  -0.0331  0.1188  1.0000  -3.9213   0.0000   0.0000   0.0000   0.2667
  11.400   1.1269   0.08733   0.07900  -0.0335  0.1189  1.0000  -3.8896   0.0000   0.0000   0.0000   0.2671
  11.500   1.1192   0.08970   0.08145  -0.0340  0.1191  1.0000  -3.8565   0.0000   0.0000   0.0000   0.2677
  11.600   1.1114   0.09218   0.08400  -0.0347  0.1193  1.0000  -3.8221   0.0000   0.0000   0.0000   0.2684
  11.700   1.1035   0.09475   0.08663  -0.0355  0.1195  1.0000  -3.7862   0.0000   0.0000   0.0000   0.2692
  11.800   1.0956   0.09740   0.08933  -0.0364  0.1198  1.0000  -3.7492   0.0000   0.0000   0.0000   0.2702
  11.900   1.0878   0.10014   0.09211  -0.0374  0.1201  1.0000  -3.7109   0.0000   0.0000   0.0000   0.2712
  12.000   1.0801   0.10298   0.09499  -0.0384  0.1204  1.0000  -3.6712   0.0000   0.0000   0.0000   0.2724
  12.100   1.0728   0.10591   0.09795  -0.0396  0.1207  1.0000  -3.6303   0.0000   0.0000   0.0000   0.2736
  12.200   1.0246   0.11817   0.11044  -0.0500  0.1523  1.0000  -3.3379   0.0000   0.0000   0.0000   0.2858
  12.300   1.0191   0.12156   0.11381  -0.0514  0.1527  1.0000  -3.2887   0.0000   0.0000   0.0000   0.2874
  12.400   1.0138   0.12493   0.11716  -0.0529  0.1530  1.0000  -3.2395   0.0000   0.0000   0.0000   0.2891
  12.500   1.0089   0.12829   0.12051  -0.0544  0.1532  1.0000  -3.1903   0.0000   0.0000   0.0000   0.2907
  13.200   0.9046   0.17023   0.16192  -0.0921  0.3189  1.0000  -2.3324   0.0000   0.0000   0.0000   0.3392
  13.300   0.9031   0.17209   0.16378  -0.0929  0.3194  1.0000  -2.2971   0.0000   0.0000   0.0000   0.3403
  13.400   0.9052   0.17457   0.16627  -0.0935  0.3186  1.0000  -2.2680   0.0000   0.0000   0.0000   0.3406
  13.600   0.9721   0.16231   0.15428  -0.0705  0.1528  1.0000  -2.6805   0.0000   0.0000   0.0000   0.3086
  13.700   0.9701   0.16497   0.15691  -0.0718  0.1526  1.0000  -2.6404   0.0000   0.0000   0.0000   0.3101
  13.800   0.9684   0.16755   0.15947  -0.0731  0.1524  1.0000  -2.6018   0.0000   0.0000   0.0000   0.3115
  13.900   0.9671   0.17008   0.16198  -0.0743  0.1523  1.0000  -2.5648   0.0000   0.0000   0.0000   0.3127
  14.000   0.9662   0.17260   0.16449  -0.0754  0.1522  1.0000  -2.5298   0.0000   0.0000   0.0000   0.3139
  14.100   0.9660   0.17520   0.16707  -0.0764  0.1522  1.0000  -2.4974   0.0000   0.0000   0.0000   0.3149
  14.200   0.9673   0.17805   0.16993  -0.0772  0.1525  1.0000  -2.4700   0.0000   0.0000   0.0000   0.3155
  14.500   0.9525   0.19063   0.18240  -0.0864  0.1864  1.0000  -2.2154   0.0000   0.0000   0.0000   0.3265
  14.600   0.9571   0.19410   0.18588  -0.0867  0.1871  1.0000  -2.1984   0.0000   0.0000   0.0000   0.3263
  14.700   0.9109   0.20607   0.19774  -0.1054  0.3500  1.0000  -1.8617   0.0000   0.0000   0.0000   0.3517
  14.800   0.9035   0.20401   0.19563  -0.1060  0.3463  1.0000  -1.8355   0.0000   0.0000   0.0000   0.3532
  14.900   0.9000   0.20347   0.19508  -0.1066  0.3402  1.0000  -1.8130   0.0000   0.0000   0.0000   0.3541
  15.000   0.9015   0.20440   0.19602  -0.1068  0.3318  1.0000  -1.7978   0.0000   0.0000   0.0000   0.3540
  15.100   0.9385   0.21860   0.21034  -0.1042  0.3083  1.0000  -1.8361   0.0000   0.0000   0.0000   0.3466
  15.200   0.9320   0.21722   0.20893  -0.1050  0.3073  1.0000  -1.8108   0.0000   0.0000   0.0000   0.3481
  15.300   0.9254   0.21569   0.20737  -0.1058  0.3056  1.0000  -1.7849   0.0000   0.0000   0.0000   0.3496
  15.400   0.9192   0.21434   0.20599  -0.1067  0.3022  1.0000  -1.7597   0.0000   0.0000   0.0000   0.3512
  15.500   0.9157   0.21395   0.20558  -0.1074  0.2960  1.0000  -1.7396   0.0000   0.0000   0.0000   0.3522
  15.600   0.9177   0.21495   0.20660  -0.1075  0.2872  1.0000  -1.7311   0.0000   0.0000   0.0000   0.3520
  15.700   0.9259   0.21764   0.20933  -0.1070  0.2793  1.0000  -1.7358   0.0000   0.0000   0.0000   0.3503
  15.800   0.9325   0.22077   0.21248  -0.1071  0.2764  1.0000  -1.7337   0.0000   0.0000   0.0000   0.3494
  15.900   0.9393   0.22424   0.21598  -0.1072  0.2744  1.0000  -1.7315   0.0000   0.0000   0.0000   0.3486
  16.000   0.9478   0.22866   0.22044  -0.1072  0.2726  1.0000  -1.7332   0.0000   0.0000   0.0000   0.3475
  16.100   0.9598   0.23499   0.22682  -0.1072  0.2708  1.0000  -1.7409   0.0000   0.0000   0.0000   0.3460
  16.200   0.9830   0.24828   0.24021  -0.1072  0.2688  1.0000  -1.7651   0.0000   0.0000   0.0000   0.3434
  16.300   0.9913   0.25621   0.24810  -0.1077  0.2678  1.0000  -1.7635   0.0000   0.0000   0.0000   0.3429
  16.400   0.9869   0.25555   0.24742  -0.1086  0.2675  1.0000  -1.7420   0.0000   0.0000   0.0000   0.3442
  16.500   0.9805   0.25406   0.24589  -0.1094  0.2672  1.0000  -1.7183   0.0000   0.0000   0.0000   0.3455
  16.600   0.9733   0.25218   0.24398  -0.1102  0.2666  1.0000  -1.6931   0.0000   0.0000   0.0000   0.3470
  16.700   0.9656   0.24996   0.24173  -0.1111  0.2659  1.0000  -1.6663   0.0000   0.0000   0.0000   0.3486
  16.800   0.9572   0.24746   0.23920  -0.1121  0.2646  1.0000  -1.6378   0.0000   0.0000   0.0000   0.3505
  16.900   0.9495   0.24528   0.23699  -0.1131  0.2623  1.0000  -1.6097   0.0000   0.0000   0.0000   0.3524
  17.000   0.9452   0.24473   0.23643  -0.1141  0.2589  1.0000  -1.5886   0.0000   0.0000   0.0000   0.3538
  17.100   0.9440   0.24554   0.23723  -0.1148  0.2556  1.0000  -1.5743   0.0000   0.0000   0.0000   0.3545
  17.200   0.9443   0.24695   0.23864  -0.1154  0.2524  1.0000  -1.5638   0.0000   0.0000   0.0000   0.3550
  17.300   0.9454   0.24864   0.24035  -0.1159  0.2495  1.0000  -1.5556   0.0000   0.0000   0.0000   0.3552
  17.400   0.9470   0.25052   0.24223  -0.1163  0.2467  1.0000  -1.5494   0.0000   0.0000   0.0000   0.3553
  17.500   0.9492   0.25254   0.24427  -0.1167  0.2440  1.0000  -1.5451   0.0000   0.0000   0.0000   0.3553
  17.600   0.9520   0.25473   0.24648  -0.1170  0.2414  1.0000  -1.5430   0.0000   0.0000   0.0000   0.3551
  17.700   0.9556   0.25715   0.24892  -0.1171  0.2389  1.0000  -1.5434   0.0000   0.0000   0.0000   0.3547
  17.800   0.9601   0.25993   0.25172  -0.1172  0.2364  1.0000  -1.5473   0.0000   0.0000   0.0000   0.3540
  17.900   0.9663   0.26337   0.25520  -0.1171  0.2340  1.0000  -1.5560   0.0000   0.0000   0.0000   0.3531
  18.000   0.9756   0.26825   0.26011  -0.1169  0.2317  1.0000  -1.5726   0.0000   0.0000   0.0000   0.3516
  18.100   0.9933   0.27781   0.26975  -0.1164  0.2293  1.0000  -1.6085   0.0000   0.0000   0.0000   0.3489
  18.200   1.0206   0.29641   0.28837  -0.1165  0.2271  1.0000  -1.6557   0.0000   0.0000   0.0000   0.3458
  18.300   1.0144   0.29510   0.28704  -0.1172  0.2269  1.0000  -1.6322   0.0000   0.0000   0.0000   0.3471
  18.400   1.0077   0.29353   0.28545  -0.1180  0.2266  1.0000  -1.6075   0.0000   0.0000   0.0000   0.3484
  18.500   1.0005   0.29179   0.28370  -0.1188  0.2262  1.0000  -1.5817   0.0000   0.0000   0.0000   0.3499
  18.600   0.9930   0.28991   0.28180  -0.1196  0.2256  1.0000  -1.5545   0.0000   0.0000   0.0000   0.3514
  18.700   0.9851   0.28795   0.27983  -0.1204  0.2248  1.0000  -1.5262   0.0000   0.0000   0.0000   0.3531
  18.800   0.9774   0.28615   0.27801  -0.1213  0.2236  1.0000  -1.4976   0.0000   0.0000   0.0000   0.3548
  18.900   0.9711   0.28506   0.27691  -0.1222  0.2216  1.0000  -1.4717   0.0000   0.0000   0.0000   0.3564
  19.000   0.9670   0.28512   0.27697  -0.1230  0.2190  1.0000  -1.4522   0.0000   0.0000   0.0000   0.3575
  19.100   0.9650   0.28605   0.27791  -0.1236  0.2163  1.0000  -1.4383   0.0000   0.0000   0.0000   0.3583
  19.200   0.9640   0.28744   0.27932  -0.1241  0.2135  1.0000  -1.4282   0.0000   0.0000   0.0000   0.3588
  19.300   0.9636   0.28908   0.28097  -0.1245  0.2109  1.0000  -1.4203   0.0000   0.0000   0.0000   0.3591
  19.400   0.9637   0.29085   0.28276  -0.1248  0.2083  1.0000  -1.4143   0.0000   0.0000   0.0000   0.3593
  19.500   0.9641   0.29272   0.28465  -0.1251  0.2058  1.0000  -1.4100   0.0000   0.0000   0.0000   0.3593
  19.600   0.9650   0.29470   0.28665  -0.1252  0.2034  1.0000  -1.4075   0.0000   0.0000   0.0000   0.3592
  19.700   0.9663   0.29681   0.28879  -0.1253  0.2011  1.0000  -1.4071   0.0000   0.0000   0.0000   0.3590
  19.800   0.9683   0.29914   0.29114  -0.1253  0.1989  1.0000  -1.4094   0.0000   0.0000   0.0000   0.3587
  19.900   0.9715   0.30184   0.29387  -0.1253  0.1967  1.0000  -1.4156   0.0000   0.0000   0.0000   0.3581
  20.000   0.9767   0.30529   0.29736  -0.1252  0.1947  1.0000  -1.4281   0.0000   0.0000   0.0000   0.3571


