xflr5 v6.61

 Calculated polar for: E387

 1 1 Reynolds number fixed          Mach number fixed         

 xtrf =   1.000 (top)        1.000 (bottom)
 Mach =   0.000     Re =     0.090 e 6     Ncrit =   9.000

  alpha     CL        CD       CDp       Cm    Top Xtr Bot Xtr   Cpmin    Chinge    XCp    
 ------- -------- --------- --------- -------- ------- ------- -------- --------- ---------
   0.000   0.4049   0.01767   0.01003  -0.0949  0.8054  1.0000  -0.6044   0.0000   0.0000   0.0000   0.4841
   0.100   0.4148   0.01783   0.01013  -0.0948  0.8020  1.0000  -0.6099   0.0000   0.0000   0.0000   0.4782
   0.200   0.4251   0.01796   0.01021  -0.0947  0.7988  1.0000  -0.6160   0.0000   0.0000   0.0000   0.4723
   0.300   0.4358   0.01807   0.01027  -0.0946  0.7957  1.0000  -0.6234   0.0000   0.0000   0.0000   0.4665
   0.400   0.4469   0.01816   0.01031  -0.0945  0.7927  1.0000  -0.6311   0.0000   0.0000   0.0000   0.4608
   0.500   0.4582   0.01823   0.01033  -0.0944  0.7899  1.0000  -0.6392   0.0000   0.0000   0.0000   0.4552
   0.600   0.4698   0.01830   0.01034  -0.0943  0.7871  1.0000  -0.6476   0.0000   0.0000   0.0000   0.4498
   0.700   0.4814   0.01840   0.01038  -0.0941  0.7845  1.0000  -0.6560   0.0000   0.0000   0.0000   0.4446
   0.800   0.4928   0.01857   0.01050  -0.0940  0.7817  1.0000  -0.6642   0.0000   0.0000   0.0000   0.4397
   0.900   0.5023   0.01883   0.01073  -0.0938  0.7786  1.0000  -0.6707   0.0000   0.0000   0.0000   0.4356
   1.000   0.5103   0.01905   0.01093  -0.0936  0.7749  1.0000  -0.6756   0.0000   0.0000   0.0000   0.4323
   1.100   0.5186   0.01928   0.01116  -0.0935  0.7711  1.0000  -0.6815   0.0000   0.0000   0.0000   0.4290
   1.200   0.5274   0.01951   0.01138  -0.0934  0.7676  1.0000  -0.6883   0.0000   0.0000   0.0000   0.4256
   1.300   0.5367   0.01972   0.01158  -0.0933  0.7641  1.0000  -0.6955   0.0000   0.0000   0.0000   0.4223
   1.400   0.5462   0.01992   0.01176  -0.0932  0.7608  1.0000  -0.7030   0.0000   0.0000   0.0000   0.4190
   1.500   0.5560   0.02011   0.01192  -0.0930  0.7576  1.0000  -0.7107   0.0000   0.0000   0.0000   0.4157
   1.600   0.5662   0.02027   0.01207  -0.0929  0.7546  1.0000  -0.7188   0.0000   0.0000   0.0000   0.4124
   1.700   0.5766   0.02041   0.01220  -0.0928  0.7518  1.0000  -0.7281   0.0000   0.0000   0.0000   0.4092
   1.800   0.5873   0.02055   0.01231  -0.0927  0.7492  1.0000  -0.7380   0.0000   0.0000   0.0000   0.4060
   1.900   0.5981   0.02067   0.01242  -0.0926  0.7467  1.0000  -0.7482   0.0000   0.0000   0.0000   0.4028
   2.000   0.6091   0.02080   0.01254  -0.0925  0.7444  1.0000  -0.7584   0.0000   0.0000   0.0000   0.3997
   2.100   0.6202   0.02094   0.01266  -0.0923  0.7421  1.0000  -0.7704   0.0000   0.0000   0.0000   0.3967
   2.200   0.6313   0.02111   0.01281  -0.0922  0.7398  1.0000  -0.7825   0.0000   0.0000   0.0000   0.3937
   2.300   0.6422   0.02138   0.01306  -0.0919  0.7372  1.0000  -0.7943   0.0000   0.0000   0.0000   0.3909
   2.400   0.6510   0.02175   0.01342  -0.0918  0.7342  1.0000  -0.8041   0.0000   0.0000   0.0000   0.3886
   2.500   0.6584   0.02202   0.01372  -0.0917  0.7304  1.0000  -0.8133   0.0000   0.0000   0.0000   0.3867
   2.600   0.6660   0.02231   0.01403  -0.0915  0.7263  1.0000  -0.8234   0.0000   0.0000   0.0000   0.3848
   2.700   0.6742   0.02257   0.01431  -0.0913  0.7222  1.0000  -0.8343   0.0000   0.0000   0.0000   0.3828
   2.800   0.6831   0.02281   0.01457  -0.0912  0.7184  1.0000  -0.8458   0.0000   0.0000   0.0000   0.3807
   2.900   0.6925   0.02305   0.01481  -0.0911  0.7150  1.0000  -0.8587   0.0000   0.0000   0.0000   0.3787
   3.000   0.7022   0.02326   0.01503  -0.0909  0.7119  1.0000  -0.8733   0.0000   0.0000   0.0000   0.3766
   3.100   0.7124   0.02339   0.01526  -0.0908  0.7089  1.0000  -0.8885   0.0000   0.0000   0.0000   0.3744
   3.200   0.7229   0.02350   0.01537  -0.0906  0.7059  1.0000  -0.9043   0.0000   0.0000   0.0000   0.3722
   3.300   0.7338   0.02357   0.01543  -0.0904  0.7030  1.0000  -0.9223   0.0000   0.0000   0.0000   0.3700
   3.400   0.7451   0.02361   0.01546  -0.0901  0.7002  1.0000  -0.9423   0.0000   0.0000   0.0000   0.3677
   3.500   0.7565   0.02364   0.01549  -0.0898  0.6976  1.0000  -0.9627   0.0000   0.0000   0.0000   0.3654
   3.600   0.7681   0.02370   0.01553  -0.0895  0.6949  1.0000  -0.9834   0.0000   0.0000   0.0000   0.3631
   3.700   0.7795   0.02386   0.01568  -0.0892  0.6923  1.0000  -1.0039   0.0000   0.0000   0.0000   0.3609
   3.800   0.7895   0.02435   0.01615  -0.0889  0.6891  1.0000  -1.0238   0.0000   0.0000   0.0000   0.3590
   3.900   0.7962   0.02464   0.01651  -0.0888  0.6855  1.0000  -1.0411   0.0000   0.0000   0.0000   0.3578
   4.000   0.8028   0.02502   0.01694  -0.0887  0.6812  1.0000  -1.0582   0.0000   0.0000   0.0000   0.3567
   4.100   0.8099   0.02537   0.01732  -0.0885  0.6766  1.0000  -1.0764   0.0000   0.0000   0.0000   0.3554
   4.200   0.8181   0.02563   0.01761  -0.0883  0.6721  1.0000  -1.0997   0.0000   0.0000   0.0000   0.3539
   4.300   0.8275   0.02578   0.01780  -0.0880  0.6679  1.0000  -1.1266   0.0000   0.0000   0.0000   0.3522
   4.400   0.8379   0.02584   0.01788  -0.0877  0.6639  1.0000  -1.1555   0.0000   0.0000   0.0000   0.3505
   4.500   0.8487   0.02584   0.01789  -0.0874  0.6600  1.0000  -1.1854   0.0000   0.0000   0.0000   0.3487
   4.600   0.8601   0.02578   0.01785  -0.0871  0.6565  1.0000  -1.2169   0.0000   0.0000   0.0000   0.3468
   4.700   0.8719   0.02570   0.01778  -0.0867  0.6534  1.0000  -1.2553   0.0000   0.0000   0.0000   0.3449
   4.800   0.8840   0.02560   0.01769  -0.0863  0.6503  1.0000  -1.3152   0.0000   0.0000   0.0000   0.3430
   4.900   0.8965   0.02551   0.01760  -0.0859  0.6473  1.0000  -1.3777   0.0000   0.0000   0.0000   0.3411
   5.000   0.9088   0.02556   0.01765  -0.0855  0.6440  1.0000  -1.4406   0.0000   0.0000   0.0000   0.3393
   5.100   0.9176   0.02597   0.01808  -0.0851  0.6398  1.0000  -1.4926   0.0000   0.0000   0.0000   0.3379
   5.200   0.9237   0.02625   0.01845  -0.0849  0.6349  1.0000  -1.5352   0.0000   0.0000   0.0000   0.3369
   5.300   0.9304   0.02655   0.01882  -0.0846  0.6294  1.0000  -1.5834   0.0000   0.0000   0.0000   0.3358
   5.400   0.9388   0.02670   0.01903  -0.0842  0.6240  1.0000  -1.6636   0.0000   0.0000   0.0000   0.3345
   5.500   0.9486   0.02669   0.01906  -0.0838  0.6187  1.0000  -1.7531   0.0000   0.0000   0.0000   0.3330
   5.600   0.9596   0.02654   0.01895  -0.0833  0.6137  1.0000  -1.8505   0.0000   0.0000   0.0000   0.3314
   5.700   0.9716   0.02628   0.01872  -0.0828  0.6092  1.0000  -1.9550   0.0000   0.0000   0.0000   0.3297
   5.800   0.9843   0.02597   0.01844  -0.0824  0.6052  1.0000  -2.0653   0.0000   0.0000   0.0000   0.3280
   5.900   1.0007   0.02510   0.01752  -0.0816  0.5996  1.0000  -2.2010   0.0000   0.0000   0.0000   0.3257
   6.000   1.0146   0.02432   0.01667  -0.0804  0.5899  1.0000  -2.3287   0.0000   0.0000   0.0000   0.3233
   6.100   1.0216   0.02371   0.01614  -0.0792  0.5773  1.0000  -2.4175   0.0000   0.0000   0.0000   0.3215
   6.200   1.0364   0.02201   0.01432  -0.0776  0.5600  1.0000  -2.5588   0.0000   0.0000   0.0000   0.3186
   6.300   1.0523   0.02060   0.01263  -0.0762  0.5428  1.0000  -2.7068   0.0000   0.0000   0.0000   0.3160
   6.400   1.0588   0.02034   0.01248  -0.0752  0.5293  1.0000  -2.7922   0.0000   0.0000   0.0000   0.3145
   6.500   1.0680   0.02009   0.01227  -0.0746  0.5176  1.0000  -2.8913   0.0000   0.0000   0.0000   0.3131
   6.600   1.0783   0.01988   0.01207  -0.0740  0.5086  1.0000  -2.9944   0.0000   0.0000   0.0000   0.3118
   6.700   1.0894   0.01966   0.01178  -0.0734  0.4994  1.0000  -3.1014   0.0000   0.0000   0.0000   0.3104
   6.800   1.0967   0.02212   0.01558  -0.0753  0.5269  1.0000  -3.2998   0.0000   0.0000   0.0000   0.3117
   6.900   1.1054   0.02299   0.01670  -0.0756  0.5289  1.0000  -3.4213   0.0000   0.0000   0.0000   0.3113
   7.000   1.1148   0.02296   0.01680  -0.0751  0.5211  1.0000  -3.5459   0.0000   0.0000   0.0000   0.3101
   7.100   1.1269   0.02230   0.01618  -0.0742  0.5098  1.0000  -3.6889   0.0000   0.0000   0.0000   0.3085
   7.200   1.1412   0.02141   0.01511  -0.0733  0.4948  1.0000  -3.8475   0.0000   0.0000   0.0000   0.3067
   7.300   1.1462   0.02120   0.01509  -0.0722  0.4776  1.0000  -3.9376   0.0000   0.0000   0.0000   0.3053
   7.400   1.1551   0.02052   0.01426  -0.0708  0.4528  1.0000  -4.0578   0.0000   0.0000   0.0000   0.3035
   7.500   1.1605   0.02043   0.01419  -0.0697  0.4261  1.0000  -4.1476   0.0000   0.0000   0.0000   0.3020
   7.600   1.1664   0.02038   0.01393  -0.0685  0.3968  1.0000  -4.2378   0.0000   0.0000   0.0000   0.3005
   7.700   1.1700   0.02060   0.01397  -0.0672  0.3586  1.0000  -4.3088   0.0000   0.0000   0.0000   0.2991
   7.800   1.1708   0.02112   0.01413  -0.0657  0.3107  1.0000  -4.3602   0.0000   0.0000   0.0000   0.2976
   7.900   1.1706   0.02189   0.01457  -0.0642  0.2659  1.0000  -4.3943   0.0000   0.0000   0.0000   0.2962
   8.000   1.1683   0.02292   0.01525  -0.0627  0.2160  1.0000  -4.4014   0.0000   0.0000   0.0000   0.2949
   8.100   1.1616   0.02438   0.01622  -0.0608  0.1585  1.0000  -4.3711   0.0000   0.0000   0.0000   0.2934
   8.200   1.1502   0.02635   0.01757  -0.0584  0.0975  1.0000  -4.2854   0.0000   0.0000   0.0000   0.2918
   8.300   1.1379   0.02839   0.01919  -0.0557  0.0663  1.0000  -4.1543   0.0000   0.0000   0.0000   0.2899
   8.400   1.1365   0.02947   0.02028  -0.0541  0.0555  1.0000  -4.0869   0.0000   0.0000   0.0000   0.2883
   8.500   1.1346   0.03041   0.02119  -0.0525  0.0509  1.0000  -4.0705   0.0000   0.0000   0.0000   0.2869
   8.600   1.1317   0.03145   0.02223  -0.0509  0.0478  1.0000  -4.0522   0.0000   0.0000   0.0000   0.2854
   8.700   1.1281   0.03261   0.02343  -0.0492  0.0456  1.0000  -4.0262   0.0000   0.0000   0.0000   0.2839
   8.800   1.1283   0.03358   0.02443  -0.0479  0.0442  1.0000  -4.0185   0.0000   0.0000   0.0000   0.2826
   8.900   1.1317   0.03434   0.02526  -0.0469  0.0431  1.0000  -4.0319   0.0000   0.0000   0.0000   0.2815
   9.000   1.1357   0.03514   0.02613  -0.0459  0.0421  1.0000  -4.0472   0.0000   0.0000   0.0000   0.2804
   9.100   1.1409   0.03597   0.02702  -0.0451  0.0412  1.0000  -4.0663   0.0000   0.0000   0.0000   0.2793
   9.200   1.1474   0.03685   0.02796  -0.0443  0.0403  1.0000  -4.0892   0.0000   0.0000   0.0000   0.2783
   9.300   1.1558   0.03779   0.02895  -0.0437  0.0396  1.0000  -4.1167   0.0000   0.0000   0.0000   0.2773
   9.400   1.1660   0.03882   0.03005  -0.0432  0.0390  1.0000  -4.1484   0.0000   0.0000   0.0000   0.2765
   9.500   1.1776   0.03998   0.03130  -0.0429  0.0385  1.0000  -4.1824   0.0000   0.0000   0.0000   0.2757
   9.600   1.1899   0.04127   0.03269  -0.0428  0.0382  1.0000  -4.2159   0.0000   0.0000   0.0000   0.2751
   9.700   1.2024   0.04270   0.03425  -0.0427  0.0381  1.0000  -4.2474   0.0000   0.0000   0.0000   0.2745
   9.800   1.2132   0.04420   0.03589  -0.0425  0.0381  1.0000  -4.2732   0.0000   0.0000   0.0000   0.2740
   9.900   1.2221   0.04575   0.03759  -0.0422  0.0382  1.0000  -4.2932   0.0000   0.0000   0.0000   0.2733
  10.000   1.2293   0.04731   0.03930  -0.0418  0.0383  1.0000  -4.3082   0.0000   0.0000   0.0000   0.2727
  10.100   1.2347   0.04888   0.04102  -0.0412  0.0385  1.0000  -4.3188   0.0000   0.0000   0.0000   0.2719
  10.200   1.2385   0.05044   0.04274  -0.0406  0.0388  1.0000  -4.3255   0.0000   0.0000   0.0000   0.2712
  10.300   1.2410   0.05199   0.04444  -0.0398  0.0390  1.0000  -4.3289   0.0000   0.0000   0.0000   0.2704
  10.400   1.2421   0.05354   0.04614  -0.0390  0.0393  1.0000  -4.3293   0.0000   0.0000   0.0000   0.2695
  10.500   1.2421   0.05508   0.04783  -0.0381  0.0396  1.0000  -4.3272   0.0000   0.0000   0.0000   0.2687
  10.600   1.2411   0.05662   0.04950  -0.0371  0.0398  1.0000  -4.3228   0.0000   0.0000   0.0000   0.2678
  10.700   1.2390   0.05814   0.05116  -0.0362  0.0401  1.0000  -4.3163   0.0000   0.0000   0.0000   0.2670
  10.800   1.2360   0.05967   0.05281  -0.0352  0.0403  1.0000  -4.3079   0.0000   0.0000   0.0000   0.2662
  10.900   1.2322   0.06120   0.05447  -0.0344  0.0406  1.0000  -4.2978   0.0000   0.0000   0.0000   0.2654
  11.000   1.2279   0.06276   0.05615  -0.0336  0.0408  1.0000  -4.2861   0.0000   0.0000   0.0000   0.2648
  11.100   1.2230   0.06435   0.05785  -0.0328  0.0410  1.0000  -4.2730   0.0000   0.0000   0.0000   0.2642
  11.200   1.2175   0.06596   0.05957  -0.0322  0.0412  1.0000  -4.2584   0.0000   0.0000   0.0000   0.2636
  11.300   1.2116   0.06761   0.06133  -0.0317  0.0414  1.0000  -4.2423   0.0000   0.0000   0.0000   0.2632
  11.400   1.2053   0.06931   0.06313  -0.0313  0.0416  1.0000  -4.2249   0.0000   0.0000   0.0000   0.2628
  11.500   1.1988   0.07107   0.06499  -0.0310  0.0418  1.0000  -4.2060   0.0000   0.0000   0.0000   0.2626
  11.600   1.1918   0.07288   0.06690  -0.0308  0.0420  1.0000  -4.1856   0.0000   0.0000   0.0000   0.2625
  11.700   1.1847   0.07476   0.06887  -0.0308  0.0421  1.0000  -4.1639   0.0000   0.0000   0.0000   0.2625
  11.800   1.1772   0.07670   0.07090  -0.0309  0.0423  1.0000  -4.1406   0.0000   0.0000   0.0000   0.2626
  11.900   1.1693   0.07867   0.07296  -0.0311  0.0424  1.0000  -4.1158   0.0000   0.0000   0.0000   0.2628
  12.000   1.1613   0.08069   0.07507  -0.0314  0.0426  1.0000  -4.0897   0.0000   0.0000   0.0000   0.2631
  12.100   1.1529   0.08279   0.07725  -0.0319  0.0427  1.0000  -4.0618   0.0000   0.0000   0.0000   0.2636
  12.200   1.1446   0.08499   0.07953  -0.0324  0.0429  1.0000  -4.0323   0.0000   0.0000   0.0000   0.2642
  12.300   1.1360   0.08728   0.08189  -0.0332  0.0430  1.0000  -4.0009   0.0000   0.0000   0.0000   0.2649
  12.400   1.1273   0.08966   0.08434  -0.0341  0.0431  1.0000  -3.9677   0.0000   0.0000   0.0000   0.2657
  12.500   1.1187   0.09213   0.08688  -0.0351  0.0432  1.0000  -3.9324   0.0000   0.0000   0.0000   0.2667
  12.600   1.1097   0.09468   0.08950  -0.0362  0.0434  1.0000  -3.8950   0.0000   0.0000   0.0000   0.2679
  12.700   1.1008   0.09734   0.09222  -0.0375  0.0435  1.0000  -3.8552   0.0000   0.0000   0.0000   0.2692
  12.800   1.0918   0.10009   0.09503  -0.0389  0.0436  1.0000  -3.8128   0.0000   0.0000   0.0000   0.2707
  12.900   1.0826   0.10295   0.09795  -0.0405  0.0438  1.0000  -3.7674   0.0000   0.0000   0.0000   0.2723
  13.000   1.0736   0.10594   0.10099  -0.0421  0.0439  1.0000  -3.7184   0.0000   0.0000   0.0000   0.2740
  13.100   1.0644   0.10909   0.10418  -0.0439  0.0441  1.0000  -3.6647   0.0000   0.0000   0.0000   0.2759
  13.200   1.0605   0.11247   0.10763  -0.0447  0.0449  1.0000  -3.6159   0.0000   0.0000   0.0000   0.2768
  13.300   1.0581   0.11418   0.10939  -0.0459  0.0452  1.0000  -3.6111   0.0000   0.0000   0.0000   0.2779
  13.400   1.0545   0.11617   0.11142  -0.0473  0.0455  1.0000  -3.5957   0.0000   0.0000   0.0000   0.2792
  13.500   1.0490   0.11857   0.11387  -0.0491  0.0457  1.0000  -3.5652   0.0000   0.0000   0.0000   0.2811
  13.600   1.0430   0.12124   0.11658  -0.0512  0.0460  1.0000  -3.5251   0.0000   0.0000   0.0000   0.2832
  13.700   1.0357   0.12430   0.11968  -0.0536  0.0463  1.0000  -3.4698   0.0000   0.0000   0.0000   0.2858
  13.800   1.0277   0.12778   0.12321  -0.0564  0.0467  1.0000  -3.3973   0.0000   0.0000   0.0000   0.2889
  13.900   1.0177   0.13226   0.12772  -0.0599  0.0472  1.0000  -3.2892   0.0000   0.0000   0.0000   0.2929
  14.000   1.0020   0.13975   0.13521  -0.0655  0.0485  1.0000  -3.0720   0.0000   0.0000   0.0000   0.2996
  14.100   0.9780   0.15185   0.14723  -0.0736  0.0517  1.0000  -2.6758   0.0000   0.0000   0.0000   0.3099
  14.200   0.9703   0.15707   0.15241  -0.0766  0.0538  1.0000  -2.5350   0.0000   0.0000   0.0000   0.3137
  14.300   0.9664   0.16096   0.15626  -0.0786  0.0559  1.0000  -2.4487   0.0000   0.0000   0.0000   0.3160
  14.400   0.9645   0.16419   0.15948  -0.0800  0.0579  1.0000  -2.3905   0.0000   0.0000   0.0000   0.3176
  14.500   0.9639   0.16701   0.16228  -0.0810  0.0600  1.0000  -2.3524   0.0000   0.0000   0.0000   0.3186
  14.600   0.9645   0.16955   0.16482  -0.0814  0.0622  1.0000  -2.3335   0.0000   0.0000   0.0000   0.3189
  14.800   0.9464   0.18531   0.18054  -0.0913  0.1028  1.0000  -1.8421   0.0000   0.0000   0.0000   0.3315
  14.900   0.9464   0.18759   0.18281  -0.0924  0.1032  1.0000  -1.8215   0.0000   0.0000   0.0000   0.3326
  15.000   0.9467   0.18977   0.18499  -0.0934  0.1033  1.0000  -1.8043   0.0000   0.0000   0.0000   0.3335
  15.100   0.9473   0.19188   0.18710  -0.0943  0.1032  1.0000  -1.7901   0.0000   0.0000   0.0000   0.3343
  15.200   0.9481   0.19395   0.18917  -0.0952  0.1029  1.0000  -1.7784   0.0000   0.0000   0.0000   0.3350
  15.300   0.9492   0.19598   0.19120  -0.0960  0.1025  1.0000  -1.7693   0.0000   0.0000   0.0000   0.3356
  15.400   0.9506   0.19798   0.19320  -0.0967  0.1020  1.0000  -1.7627   0.0000   0.0000   0.0000   0.3361
  15.500   0.9523   0.19994   0.19516  -0.0974  0.1013  1.0000  -1.7587   0.0000   0.0000   0.0000   0.3365
  15.600   0.9542   0.20189   0.19711  -0.0980  0.1006  1.0000  -1.7574   0.0000   0.0000   0.0000   0.3368
  15.700   0.9565   0.20383   0.19905  -0.0985  0.0998  1.0000  -1.7587   0.0000   0.0000   0.0000   0.3369
  15.800   0.9592   0.20576   0.20100  -0.0989  0.0991  1.0000  -1.7631   0.0000   0.0000   0.0000   0.3369
  15.900   0.9622   0.20773   0.20297  -0.0992  0.0983  1.0000  -1.7706   0.0000   0.0000   0.0000   0.3368
  16.000   0.9658   0.20973   0.20499  -0.0994  0.0975  1.0000  -1.7816   0.0000   0.0000   0.0000   0.3365
  16.100   0.9700   0.21182   0.20708  -0.0994  0.0967  1.0000  -1.7966   0.0000   0.0000   0.0000   0.3359
  16.200   0.9745   0.21399   0.20927  -0.0994  0.0959  1.0000  -1.8153   0.0000   0.0000   0.0000   0.3352
  16.300   0.9796   0.21631   0.21161  -0.0991  0.0952  1.0000  -1.8380   0.0000   0.0000   0.0000   0.3343
  16.400   0.9853   0.21896   0.21428  -0.0987  0.0944  1.0000  -1.8659   0.0000   0.0000   0.0000   0.3331
  16.500   0.9914   0.22239   0.21773  -0.0980  0.0935  1.0000  -1.8973   0.0000   0.0000   0.0000   0.3317
  16.600   0.9900   0.23225   0.22755  -0.0980  0.0916  1.0000  -1.8693   0.0000   0.0000   0.0000   0.3318
  16.700   0.9906   0.23432   0.22962  -0.0990  0.0916  1.0000  -1.8557   0.0000   0.0000   0.0000   0.3326
  16.800   0.9911   0.23633   0.23163  -0.1000  0.0915  1.0000  -1.8420   0.0000   0.0000   0.0000   0.3335
  16.900   0.9916   0.23827   0.23356  -0.1011  0.0914  1.0000  -1.8282   0.0000   0.0000   0.0000   0.3344
  17.000   0.9920   0.24010   0.23539  -0.1021  0.0913  1.0000  -1.8142   0.0000   0.0000   0.0000   0.3353
  17.100   0.9923   0.24182   0.23711  -0.1032  0.0911  1.0000  -1.7997   0.0000   0.0000   0.0000   0.3362
  17.200   0.9925   0.24337   0.23865  -0.1044  0.0909  1.0000  -1.7844   0.0000   0.0000   0.0000   0.3372
  17.300   0.9912   0.24459   0.23987  -0.1058  0.0906  1.0000  -1.7607   0.0000   0.0000   0.0000   0.3387
  17.400   0.9889   0.24545   0.24072  -0.1075  0.0902  1.0000  -1.7313   0.0000   0.0000   0.0000   0.3405
  17.500   0.9851   0.24584   0.24108  -0.1095  0.0894  1.0000  -1.6925   0.0000   0.0000   0.0000   0.3428
  17.600   0.9800   0.24610   0.24132  -0.1117  0.0882  1.0000  -1.6469   0.0000   0.0000   0.0000   0.3455
  17.700   0.9774   0.24719   0.24240  -0.1135  0.0866  1.0000  -1.6134   0.0000   0.0000   0.0000   0.3476
  17.800   0.9767   0.24887   0.24408  -0.1148  0.0851  1.0000  -1.5933   0.0000   0.0000   0.0000   0.3488
  17.900   0.9769   0.25077   0.24598  -0.1159  0.0836  1.0000  -1.5804   0.0000   0.0000   0.0000   0.3497
  18.000   0.9775   0.25277   0.24798  -0.1167  0.0823  1.0000  -1.5715   0.0000   0.0000   0.0000   0.3504
  18.100   0.9784   0.25479   0.25001  -0.1175  0.0810  1.0000  -1.5653   0.0000   0.0000   0.0000   0.3510
  18.200   0.9793   0.25683   0.25205  -0.1182  0.0798  1.0000  -1.5610   0.0000   0.0000   0.0000   0.3514
  18.300   0.9804   0.25887   0.25410  -0.1189  0.0787  1.0000  -1.5584   0.0000   0.0000   0.0000   0.3518
  18.400   0.9815   0.26091   0.25614  -0.1195  0.0776  1.0000  -1.5574   0.0000   0.0000   0.0000   0.3521
  18.500   0.9828   0.26294   0.25818  -0.1200  0.0765  1.0000  -1.5578   0.0000   0.0000   0.0000   0.3524
  18.600   0.9841   0.26496   0.26021  -0.1205  0.0756  1.0000  -1.5598   0.0000   0.0000   0.0000   0.3526
  18.700   0.9855   0.26698   0.26224  -0.1209  0.0746  1.0000  -1.5635   0.0000   0.0000   0.0000   0.3527
  18.800   0.9870   0.26899   0.26427  -0.1213  0.0737  1.0000  -1.5690   0.0000   0.0000   0.0000   0.3527
  18.900   0.9887   0.27101   0.26630  -0.1216  0.0728  1.0000  -1.5766   0.0000   0.0000   0.0000   0.3527
  19.000   0.9906   0.27305   0.26835  -0.1218  0.0720  1.0000  -1.5867   0.0000   0.0000   0.0000   0.3525
  19.100   0.9927   0.27513   0.27044  -0.1220  0.0712  1.0000  -1.6000   0.0000   0.0000   0.0000   0.3522
  19.200   0.9953   0.27728   0.27262  -0.1220  0.0705  1.0000  -1.6172   0.0000   0.0000   0.0000   0.3517
  19.300   0.9985   0.27961   0.27496  -0.1218  0.0697  1.0000  -1.6400   0.0000   0.0000   0.0000   0.3510
  19.400   1.0030   0.28230   0.27767  -0.1214  0.0689  1.0000  -1.6718   0.0000   0.0000   0.0000   0.3499
  19.500   1.0111   0.28614   0.28155  -0.1204  0.0681  1.0000  -1.7248   0.0000   0.0000   0.0000   0.3478
  19.600   1.0171   0.29845   0.29384  -0.1190  0.0662  1.0000  -1.7450   0.0000   0.0000   0.0000   0.3456
  19.700   1.0169   0.30048   0.29587  -0.1197  0.0662  1.0000  -1.7325   0.0000   0.0000   0.0000   0.3462
  19.800   1.0165   0.30245   0.29785  -0.1205  0.0661  1.0000  -1.7198   0.0000   0.0000   0.0000   0.3469
  19.900   1.0159   0.30436   0.29977  -0.1212  0.0661  1.0000  -1.7069   0.0000   0.0000   0.0000   0.3476
  20.000   1.0152   0.30622   0.30163  -0.1220  0.0660  1.0000  -1.6936   0.0000   0.0000   0.0000   0.3482


