xflr5 v6.61

 Calculated polar for: E387

 1 1 Reynolds number fixed          Mach number fixed         

 xtrf =   1.000 (top)        1.000 (bottom)
 Mach =   0.000     Re =     0.160 e 6     Ncrit =   9.000

  alpha     CL        CD       CDp       Cm    Top Xtr Bot Xtr   Cpmin    Chinge    XCp    
 ------- -------- --------- --------- -------- ------- ------- -------- --------- ---------
   0.000   0.4050   0.01157   0.00522  -0.0852  0.7339  1.0000  -0.6307   0.0000   0.0000   0.0000   0.4599
   0.100   0.4157   0.01162   0.00524  -0.0852  0.7317  1.0000  -0.6373   0.0000   0.0000   0.0000   0.4543
   0.200   0.4263   0.01167   0.00526  -0.0851  0.7291  1.0000  -0.6439   0.0000   0.0000   0.0000   0.4490
   0.300   0.4369   0.01173   0.00529  -0.0851  0.7262  1.0000  -0.6505   0.0000   0.0000   0.0000   0.4439
   0.400   0.4475   0.01178   0.00531  -0.0850  0.7231  1.0000  -0.6571   0.0000   0.0000   0.0000   0.4390
   0.500   0.4581   0.01183   0.00533  -0.0849  0.7199  1.0000  -0.6638   0.0000   0.0000   0.0000   0.4343
   0.600   0.4687   0.01189   0.00535  -0.0848  0.7167  1.0000  -0.6706   0.0000   0.0000   0.0000   0.4298
   0.700   0.4794   0.01194   0.00537  -0.0847  0.7136  1.0000  -0.6776   0.0000   0.0000   0.0000   0.4255
   0.800   0.4901   0.01199   0.00538  -0.0846  0.7107  1.0000  -0.6855   0.0000   0.0000   0.0000   0.4213
   0.900   0.5008   0.01205   0.00541  -0.0845  0.7080  1.0000  -0.6934   0.0000   0.0000   0.0000   0.4174
   1.000   0.5116   0.01212   0.00544  -0.0844  0.7054  1.0000  -0.7012   0.0000   0.0000   0.0000   0.4136
   1.100   0.5223   0.01219   0.00547  -0.0843  0.7029  1.0000  -0.7092   0.0000   0.0000   0.0000   0.4099
   1.200   0.5331   0.01227   0.00552  -0.0842  0.7005  1.0000  -0.7171   0.0000   0.0000   0.0000   0.4064
   1.300   0.5438   0.01237   0.00558  -0.0841  0.6979  1.0000  -0.7249   0.0000   0.0000   0.0000   0.4030
   1.400   0.5545   0.01250   0.00567  -0.0840  0.6952  1.0000  -0.7330   0.0000   0.0000   0.0000   0.3998
   1.500   0.5651   0.01270   0.00584  -0.0840  0.6922  1.0000  -0.7417   0.0000   0.0000   0.0000   0.3968
   1.600   0.5754   0.01299   0.00610  -0.0840  0.6889  1.0000  -0.7501   0.0000   0.0000   0.0000   0.3940
   1.700   0.5862   0.01304   0.00616  -0.0840  0.6873  1.0000  -0.7589   0.0000   0.0000   0.0000   0.3912
   1.800   0.5968   0.01311   0.00624  -0.0839  0.6855  1.0000  -0.7676   0.0000   0.0000   0.0000   0.3886
   1.900   0.6074   0.01318   0.00632  -0.0839  0.6834  1.0000  -0.7774   0.0000   0.0000   0.0000   0.3860
   2.000   0.6180   0.01326   0.00641  -0.0839  0.6810  1.0000  -0.7874   0.0000   0.0000   0.0000   0.3836
   2.100   0.6286   0.01334   0.00649  -0.0839  0.6784  1.0000  -0.7978   0.0000   0.0000   0.0000   0.3811
   2.200   0.6392   0.01342   0.00657  -0.0838  0.6756  1.0000  -0.8094   0.0000   0.0000   0.0000   0.3787
   2.300   0.6498   0.01348   0.00664  -0.0837  0.6726  1.0000  -0.8211   0.0000   0.0000   0.0000   0.3764
   2.400   0.6604   0.01354   0.00669  -0.0836  0.6695  1.0000  -0.8329   0.0000   0.0000   0.0000   0.3741
   2.500   0.6710   0.01360   0.00674  -0.0835  0.6665  1.0000  -0.8457   0.0000   0.0000   0.0000   0.3719
   2.600   0.6817   0.01365   0.00679  -0.0834  0.6636  1.0000  -0.8595   0.0000   0.0000   0.0000   0.3697
   2.700   0.6924   0.01371   0.00684  -0.0833  0.6609  1.0000  -0.8734   0.0000   0.0000   0.0000   0.3675
   2.800   0.7032   0.01378   0.00690  -0.0832  0.6583  1.0000  -0.8875   0.0000   0.0000   0.0000   0.3655
   2.900   0.7140   0.01383   0.00699  -0.0831  0.6559  1.0000  -0.9037   0.0000   0.0000   0.0000   0.3634
   3.000   0.7248   0.01389   0.00703  -0.0830  0.6533  1.0000  -0.9201   0.0000   0.0000   0.0000   0.3614
   3.100   0.7355   0.01398   0.00709  -0.0829  0.6505  1.0000  -0.9364   0.0000   0.0000   0.0000   0.3595
   3.200   0.7460   0.01411   0.00720  -0.0827  0.6474  1.0000  -0.9553   0.0000   0.0000   0.0000   0.3576
   3.300   0.7564   0.01439   0.00746  -0.0826  0.6436  1.0000  -0.9740   0.0000   0.0000   0.0000   0.3559
   3.400   0.7664   0.01465   0.00772  -0.0826  0.6404  1.0000  -0.9923   0.0000   0.0000   0.0000   0.3543
   3.500   0.7770   0.01467   0.00776  -0.0825  0.6384  1.0000  -1.0115   0.0000   0.0000   0.0000   0.3527
   3.600   0.7874   0.01471   0.00783  -0.0824  0.6360  1.0000  -1.0307   0.0000   0.0000   0.0000   0.3511
   3.700   0.7978   0.01476   0.00791  -0.0823  0.6332  1.0000  -1.0515   0.0000   0.0000   0.0000   0.3495
   3.800   0.8082   0.01480   0.00797  -0.0822  0.6301  1.0000  -1.0750   0.0000   0.0000   0.0000   0.3480
   3.900   0.8186   0.01484   0.00803  -0.0821  0.6266  1.0000  -1.0990   0.0000   0.0000   0.0000   0.3464
   4.000   0.8291   0.01486   0.00807  -0.0819  0.6230  1.0000  -1.1280   0.0000   0.0000   0.0000   0.3449
   4.100   0.8397   0.01488   0.00810  -0.0818  0.6195  1.0000  -1.1574   0.0000   0.0000   0.0000   0.3433
   4.200   0.8503   0.01490   0.00812  -0.0816  0.6160  1.0000  -1.1871   0.0000   0.0000   0.0000   0.3418
   4.300   0.8611   0.01491   0.00812  -0.0815  0.6126  1.0000  -1.2172   0.0000   0.0000   0.0000   0.3403
   4.400   0.8719   0.01487   0.00807  -0.0813  0.6088  1.0000  -1.2478   0.0000   0.0000   0.0000   0.3388
   4.500   0.8828   0.01475   0.00790  -0.0809  0.6038  1.0000  -1.2793   0.0000   0.0000   0.0000   0.3371
   4.600   0.8934   0.01475   0.00780  -0.0805  0.5964  1.0000  -1.3285   0.0000   0.0000   0.0000   0.3354
   4.700   0.9033   0.01468   0.00773  -0.0800  0.5891  1.0000  -1.3842   0.0000   0.0000   0.0000   0.3339
   4.800   0.9131   0.01434   0.00740  -0.0795  0.5805  1.0000  -1.4418   0.0000   0.0000   0.0000   0.3322
   4.900   0.9232   0.01398   0.00701  -0.0789  0.5693  1.0000  -1.5229   0.0000   0.0000   0.0000   0.3305
   5.000   0.9334   0.01366   0.00658  -0.0782  0.5574  1.0000  -1.6173   0.0000   0.0000   0.0000   0.3287
   5.100   0.9435   0.01361   0.00633  -0.0776  0.5442  1.0000  -1.7118   0.0000   0.0000   0.0000   0.3271
   5.200   0.9529   0.01345   0.00623  -0.0772  0.5352  1.0000  -1.8023   0.0000   0.0000   0.0000   0.3257
   5.300   0.9628   0.01338   0.00620  -0.0769  0.5257  1.0000  -1.8954   0.0000   0.0000   0.0000   0.3244
   5.400   0.9730   0.01338   0.00620  -0.0767  0.5184  1.0000  -1.9902   0.0000   0.0000   0.0000   0.3232
   5.500   0.9831   0.01339   0.00619  -0.0764  0.5110  1.0000  -2.0860   0.0000   0.0000   0.0000   0.3221
   5.600   0.9930   0.01342   0.00616  -0.0761  0.5031  1.0000  -2.1821   0.0000   0.0000   0.0000   0.3208
   5.700   1.0028   0.01350   0.00616  -0.0758  0.4947  1.0000  -2.2779   0.0000   0.0000   0.0000   0.3197
   5.800   1.0129   0.01352   0.00626  -0.0756  0.4871  1.0000  -2.3742   0.0000   0.0000   0.0000   0.3186
   5.900   1.0227   0.01355   0.00633  -0.0754  0.4768  1.0000  -2.4698   0.0000   0.0000   0.0000   0.3176
   6.000   1.0322   0.01360   0.00634  -0.0750  0.4640  1.0000  -2.5638   0.0000   0.0000   0.0000   0.3164
   6.100   1.0410   0.01370   0.00632  -0.0745  0.4500  1.0000  -2.6543   0.0000   0.0000   0.0000   0.3152
   6.200   1.0506   0.01379   0.00643  -0.0743  0.4363  1.0000  -2.7449   0.0000   0.0000   0.0000   0.3142
   6.300   1.0588   0.01393   0.00649  -0.0737  0.4123  1.0000  -2.8280   0.0000   0.0000   0.0000   0.3130
   6.400   1.0633   0.01433   0.00654  -0.0727  0.3600  1.0000  -2.8940   0.0000   0.0000   0.0000   0.3116
   6.500   1.0652   0.01507   0.00681  -0.0714  0.2914  1.0000  -2.9456   0.0000   0.0000   0.0000   0.3101
   6.600   1.0684   0.01580   0.00723  -0.0705  0.2418  1.0000  -2.9979   0.0000   0.0000   0.0000   0.3089
   6.700   1.0714   0.01660   0.00773  -0.0696  0.1953  1.0000  -3.0441   0.0000   0.0000   0.0000   0.3078
   6.800   1.0721   0.01765   0.00837  -0.0685  0.1360  1.0000  -3.0771   0.0000   0.0000   0.0000   0.3066
   6.900   1.1198   0.01469   0.00833  -0.0729  0.3992  1.0000  -3.6585   0.0000   0.0000   0.0000   0.3077
   7.000   1.1282   0.01487   0.00851  -0.0725  0.3767  1.0000  -3.7646   0.0000   0.0000   0.0000   0.3067
   7.100   1.1330   0.01528   0.00867  -0.0715  0.3350  1.0000  -3.8460   0.0000   0.0000   0.0000   0.3055
   7.200   1.1340   0.01605   0.00901  -0.0702  0.2761  1.0000  -3.9007   0.0000   0.0000   0.0000   0.3041
   7.300   1.1347   0.01696   0.00953  -0.0690  0.2236  1.0000  -3.9403   0.0000   0.0000   0.0000   0.3029
   7.400   1.1339   0.01807   0.01023  -0.0677  0.1631  1.0000  -3.9502   0.0000   0.0000   0.0000   0.3016
   7.500   1.1284   0.01968   0.01123  -0.0659  0.0879  1.0000  -3.9101   0.0000   0.0000   0.0000   0.3002
   7.600   1.1227   0.02135   0.01243  -0.0638  0.0373  1.0000  -3.8219   0.0000   0.0000   0.0000   0.2985
   7.700   1.1238   0.02234   0.01340  -0.0623  0.0295  1.0000  -3.7822   0.0000   0.0000   0.0000   0.2971
   7.800   1.1259   0.02319   0.01437  -0.0609  0.0271  1.0000  -3.7660   0.0000   0.0000   0.0000   0.2956
   7.900   1.1305   0.02373   0.01501  -0.0601  0.0265  1.0000  -3.8003   0.0000   0.0000   0.0000   0.2945
   8.000   1.1347   0.02431   0.01569  -0.0591  0.0259  1.0000  -3.8332   0.0000   0.0000   0.0000   0.2933
   8.100   1.1381   0.02492   0.01638  -0.0581  0.0255  1.0000  -3.8648   0.0000   0.0000   0.0000   0.2921
   8.200   1.1412   0.02556   0.01710  -0.0570  0.0251  1.0000  -3.8957   0.0000   0.0000   0.0000   0.2910
   8.300   1.1439   0.02621   0.01782  -0.0559  0.0248  1.0000  -3.9256   0.0000   0.0000   0.0000   0.2898
   8.400   1.1457   0.02686   0.01854  -0.0547  0.0246  1.0000  -3.9534   0.0000   0.0000   0.0000   0.2885
   8.500   1.1477   0.02753   0.01927  -0.0535  0.0244  1.0000  -3.9813   0.0000   0.0000   0.0000   0.2872
   8.600   1.1499   0.02824   0.02004  -0.0524  0.0243  1.0000  -4.0093   0.0000   0.0000   0.0000   0.2860
   8.700   1.1523   0.02897   0.02083  -0.0513  0.0242  1.0000  -4.0378   0.0000   0.0000   0.0000   0.2848
   8.800   1.1555   0.02973   0.02164  -0.0503  0.0241  1.0000  -4.0673   0.0000   0.0000   0.0000   0.2837
   8.900   1.1594   0.03052   0.02249  -0.0494  0.0240  1.0000  -4.0978   0.0000   0.0000   0.0000   0.2827
   9.000   1.1640   0.03135   0.02338  -0.0485  0.0240  1.0000  -4.1297   0.0000   0.0000   0.0000   0.2816
   9.100   1.1698   0.03223   0.02432  -0.0478  0.0240  1.0000  -4.1632   0.0000   0.0000   0.0000   0.2807
   9.200   1.1767   0.03317   0.02533  -0.0472  0.0241  1.0000  -4.1982   0.0000   0.0000   0.0000   0.2798
   9.300   1.1849   0.03420   0.02644  -0.0467  0.0242  1.0000  -4.2341   0.0000   0.0000   0.0000   0.2789
   9.400   1.1939   0.03533   0.02765  -0.0463  0.0243  1.0000  -4.2697   0.0000   0.0000   0.0000   0.2782
   9.500   1.2035   0.03657   0.02900  -0.0460  0.0245  1.0000  -4.3041   0.0000   0.0000   0.0000   0.2775
   9.600   1.2127   0.03791   0.03046  -0.0458  0.0247  1.0000  -4.3346   0.0000   0.0000   0.0000   0.2769
   9.700   1.2214   0.03937   0.03204  -0.0455  0.0250  1.0000  -4.3609   0.0000   0.0000   0.0000   0.2762
   9.800   1.2292   0.04092   0.03373  -0.0452  0.0253  1.0000  -4.3821   0.0000   0.0000   0.0000   0.2756
   9.900   1.2357   0.04257   0.03552  -0.0447  0.0255  1.0000  -4.3972   0.0000   0.0000   0.0000   0.2750
  10.000   1.2408   0.04432   0.03741  -0.0442  0.0259  1.0000  -4.4054   0.0000   0.0000   0.0000   0.2743
  10.100   1.2443   0.04620   0.03943  -0.0436  0.0262  1.0000  -4.4055   0.0000   0.0000   0.0000   0.2736
  10.200   1.2462   0.04828   0.04168  -0.0429  0.0265  1.0000  -4.3944   0.0000   0.0000   0.0000   0.2728
  10.300   1.2464   0.05125   0.04482  -0.0423  0.0270  1.0000  -4.3511   0.0000   0.0000   0.0000   0.2722
  10.400   1.2543   0.05289   0.04656  -0.0421  0.0277  1.0000  -4.3794   0.0000   0.0000   0.0000   0.2717
  10.500   1.2594   0.05305   0.04677  -0.0413  0.0281  1.0000  -4.4415   0.0000   0.0000   0.0000   0.2708
  10.600   1.2634   0.05328   0.04704  -0.0404  0.0285  1.0000  -4.4958   0.0000   0.0000   0.0000   0.2699
  10.700   1.2662   0.05360   0.04744  -0.0394  0.0289  1.0000  -4.5393   0.0000   0.0000   0.0000   0.2689
  10.800   1.2673   0.05410   0.04804  -0.0383  0.0295  1.0000  -4.5655   0.0000   0.0000   0.0000   0.2678
  10.900   1.2661   0.05489   0.04898  -0.0371  0.0302  1.0000  -4.5641   0.0000   0.0000   0.0000   0.2667
  11.000   1.2616   0.05632   0.05063  -0.0357  0.0313  1.0000  -4.5153   0.0000   0.0000   0.0000   0.2656
  11.100   1.2546   0.05878   0.05336  -0.0343  0.0329  1.0000  -4.4128   0.0000   0.0000   0.0000   0.2646
  11.200   1.2446   0.06078   0.05556  -0.0332  0.0338  1.0000  -4.3445   0.0000   0.0000   0.0000   0.2638
  11.300   1.2350   0.06273   0.05766  -0.0324  0.0345  1.0000  -4.2897   0.0000   0.0000   0.0000   0.2632
  11.400   1.2258   0.06469   0.05975  -0.0318  0.0352  1.0000  -4.2423   0.0000   0.0000   0.0000   0.2628
  11.500   1.2168   0.06667   0.06187  -0.0314  0.0357  1.0000  -4.1994   0.0000   0.0000   0.0000   0.2625
  11.600   1.2078   0.06868   0.06398  -0.0311  0.0362  1.0000  -4.1605   0.0000   0.0000   0.0000   0.2624
  11.700   1.1989   0.07073   0.06614  -0.0311  0.0367  1.0000  -4.1234   0.0000   0.0000   0.0000   0.2624
  11.800   1.1899   0.07280   0.06831  -0.0312  0.0370  1.0000  -4.0886   0.0000   0.0000   0.0000   0.2626
  11.900   1.1809   0.07487   0.07047  -0.0315  0.0373  1.0000  -4.0549   0.0000   0.0000   0.0000   0.2628
  12.000   1.1716   0.07698   0.07266  -0.0319  0.0376  1.0000  -4.0224   0.0000   0.0000   0.0000   0.2632
  12.100   1.1625   0.07918   0.07494  -0.0324  0.0378  1.0000  -3.9889   0.0000   0.0000   0.0000   0.2637
  12.200   1.1533   0.08148   0.07732  -0.0331  0.0380  1.0000  -3.9551   0.0000   0.0000   0.0000   0.2644
  12.300   1.1441   0.08386   0.07977  -0.0340  0.0382  1.0000  -3.9204   0.0000   0.0000   0.0000   0.2653
  12.400   1.1350   0.08634   0.08232  -0.0350  0.0384  1.0000  -3.8845   0.0000   0.0000   0.0000   0.2663
  12.500   1.1256   0.08888   0.08494  -0.0362  0.0385  1.0000  -3.8483   0.0000   0.0000   0.0000   0.2674
  12.600   1.1164   0.09153   0.08765  -0.0375  0.0386  1.0000  -3.8098   0.0000   0.0000   0.0000   0.2687
  12.700   1.1070   0.09425   0.09043  -0.0389  0.0386  1.0000  -3.7706   0.0000   0.0000   0.0000   0.2702
  12.800   1.0977   0.09708   0.09332  -0.0406  0.0386  1.0000  -3.7290   0.0000   0.0000   0.0000   0.2719
  12.900   1.0883   0.10002   0.09631  -0.0424  0.0386  1.0000  -3.6849   0.0000   0.0000   0.0000   0.2737
  13.000   1.0787   0.10307   0.09942  -0.0443  0.0385  1.0000  -3.6385   0.0000   0.0000   0.0000   0.2758
  13.100   1.0692   0.10627   0.10267  -0.0465  0.0385  1.0000  -3.5877   0.0000   0.0000   0.0000   0.2780
  13.200   1.0595   0.10964   0.10609  -0.0488  0.0384  1.0000  -3.5332   0.0000   0.0000   0.0000   0.2806
  13.300   1.0498   0.11322   0.10971  -0.0513  0.0383  1.0000  -3.4719   0.0000   0.0000   0.0000   0.2833
  13.400   1.0399   0.11709   0.11362  -0.0541  0.0381  1.0000  -3.4033   0.0000   0.0000   0.0000   0.2864
  13.500   1.0299   0.12131   0.11787  -0.0571  0.0380  1.0000  -3.3237   0.0000   0.0000   0.0000   0.2898
  13.600   1.0199   0.12592   0.12250  -0.0604  0.0380  1.0000  -3.2300   0.0000   0.0000   0.0000   0.2935
  13.700   1.0099   0.13091   0.12750  -0.0638  0.0382  1.0000  -3.1179   0.0000   0.0000   0.0000   0.2975
  13.800   1.0005   0.13630   0.13288  -0.0671  0.0387  1.0000  -2.9887   0.0000   0.0000   0.0000   0.3015
  13.900   0.9933   0.14105   0.13761  -0.0698  0.0396  1.0000  -2.8769   0.0000   0.0000   0.0000   0.3048
  14.000   0.9878   0.14495   0.14150  -0.0719  0.0406  1.0000  -2.7927   0.0000   0.0000   0.0000   0.3072
  14.100   0.9830   0.14842   0.14495  -0.0735  0.0419  1.0000  -2.7246   0.0000   0.0000   0.0000   0.3092
  14.500   0.9790   0.16747   0.16403  -0.0802  0.0696  1.0000  -2.2383   0.0000   0.0000   0.0000   0.3165
  14.600   0.9812   0.16937   0.16593  -0.0805  0.0692  1.0000  -2.2473   0.0000   0.0000   0.0000   0.3165
  14.700   0.9820   0.17158   0.16814  -0.0809  0.0686  1.0000  -2.2492   0.0000   0.0000   0.0000   0.3167
  14.800   0.9801   0.17488   0.17143  -0.0814  0.0676  1.0000  -2.2359   0.0000   0.0000   0.0000   0.3173
  14.900   0.9656   0.18310   0.17957  -0.0843  0.0662  1.0000  -2.0939   0.0000   0.0000   0.0000   0.3217
  15.000   0.9658   0.18552   0.18199  -0.0856  0.0661  1.0000  -2.0733   0.0000   0.0000   0.0000   0.3228
  15.100   0.9661   0.18790   0.18436  -0.0868  0.0661  1.0000  -2.0534   0.0000   0.0000   0.0000   0.3239
  15.200   0.9664   0.19022   0.18668  -0.0880  0.0660  1.0000  -2.0342   0.0000   0.0000   0.0000   0.3251
  15.300   0.9668   0.19248   0.18893  -0.0892  0.0659  1.0000  -2.0156   0.0000   0.0000   0.0000   0.3262
  15.400   0.9673   0.19466   0.19111  -0.0904  0.0658  1.0000  -1.9976   0.0000   0.0000   0.0000   0.3273
  15.500   0.9678   0.19673   0.19317  -0.0916  0.0657  1.0000  -1.9800   0.0000   0.0000   0.0000   0.3284
  15.600   0.9684   0.19862   0.19506  -0.0929  0.0654  1.0000  -1.9624   0.0000   0.0000   0.0000   0.3296
  15.700   0.9691   0.20010   0.19653  -0.0945  0.0649  1.0000  -1.9436   0.0000   0.0000   0.0000   0.3310
  15.800   0.9681   0.20119   0.19761  -0.0971  0.0632  1.0000  -1.8999   0.0000   0.0000   0.0000   0.3337
  15.900   0.9671   0.20319   0.19960  -0.0991  0.0616  1.0000  -1.8608   0.0000   0.0000   0.0000   0.3359
  16.000   0.9669   0.20535   0.20175  -0.1006  0.0604  1.0000  -1.8355   0.0000   0.0000   0.0000   0.3373
  16.100   0.9671   0.20749   0.20389  -0.1018  0.0593  1.0000  -1.8168   0.0000   0.0000   0.0000   0.3385
  16.200   0.9676   0.20961   0.20601  -0.1030  0.0584  1.0000  -1.8025   0.0000   0.0000   0.0000   0.3394
  16.300   0.9684   0.21172   0.20811  -0.1040  0.0575  1.0000  -1.7915   0.0000   0.0000   0.0000   0.3403
  16.400   0.9693   0.21381   0.21020  -0.1049  0.0566  1.0000  -1.7829   0.0000   0.0000   0.0000   0.3410
  16.500   0.9704   0.21587   0.21227  -0.1058  0.0558  1.0000  -1.7764   0.0000   0.0000   0.0000   0.3417
  16.600   0.9717   0.21792   0.21432  -0.1066  0.0551  1.0000  -1.7719   0.0000   0.0000   0.0000   0.3423
  16.700   0.9730   0.21995   0.21635  -0.1074  0.0543  1.0000  -1.7693   0.0000   0.0000   0.0000   0.3428
  16.800   0.9745   0.22195   0.21835  -0.1081  0.0536  1.0000  -1.7684   0.0000   0.0000   0.0000   0.3432
  16.900   0.9761   0.22393   0.22034  -0.1088  0.0529  1.0000  -1.7695   0.0000   0.0000   0.0000   0.3436
  17.000   0.9778   0.22589   0.22230  -0.1095  0.0522  1.0000  -1.7725   0.0000   0.0000   0.0000   0.3440
  17.100   0.9796   0.22783   0.22424  -0.1101  0.0516  1.0000  -1.7778   0.0000   0.0000   0.0000   0.3442
  17.200   0.9815   0.22973   0.22615  -0.1107  0.0510  1.0000  -1.7855   0.0000   0.0000   0.0000   0.3444
  17.300   0.9837   0.23161   0.22804  -0.1111  0.0504  1.0000  -1.7958   0.0000   0.0000   0.0000   0.3445
  17.400   0.9860   0.23347   0.22990  -0.1115  0.0498  1.0000  -1.8093   0.0000   0.0000   0.0000   0.3445
  17.500   0.9886   0.23531   0.23175  -0.1119  0.0492  1.0000  -1.8265   0.0000   0.0000   0.0000   0.3443
  17.600   0.9915   0.23713   0.23358  -0.1121  0.0487  1.0000  -1.8485   0.0000   0.0000   0.0000   0.3440
  17.700   0.9950   0.23896   0.23542  -0.1121  0.0481  1.0000  -1.8761   0.0000   0.0000   0.0000   0.3435
  17.800   0.9987   0.24082   0.23729  -0.1120  0.0476  1.0000  -1.9087   0.0000   0.0000   0.0000   0.3428
  17.900   1.0023   0.24278   0.23927  -0.1119  0.0471  1.0000  -1.9431   0.0000   0.0000   0.0000   0.3421
  18.000   1.0058   0.24502   0.24153  -0.1116  0.0465  1.0000  -1.9784   0.0000   0.0000   0.0000   0.3413
  18.100   1.0068   0.24877   0.24529  -0.1115  0.0457  1.0000  -1.9907   0.0000   0.0000   0.0000   0.3409
  18.200   0.9987   0.25719   0.25365  -0.1129  0.0447  1.0000  -1.8772   0.0000   0.0000   0.0000   0.3432
  18.300   0.9995   0.25952   0.25598  -0.1138  0.0447  1.0000  -1.8650   0.0000   0.0000   0.0000   0.3439
  18.400   1.0002   0.26183   0.25830  -0.1146  0.0447  1.0000  -1.8529   0.0000   0.0000   0.0000   0.3445
  18.500   1.0009   0.26412   0.26059  -0.1155  0.0446  1.0000  -1.8410   0.0000   0.0000   0.0000   0.3452
  18.600   1.0015   0.26639   0.26286  -0.1163  0.0446  1.0000  -1.8291   0.0000   0.0000   0.0000   0.3458
  18.700   1.0022   0.26863   0.26510  -0.1172  0.0445  1.0000  -1.8173   0.0000   0.0000   0.0000   0.3465
  18.800   1.0027   0.27084   0.26731  -0.1181  0.0445  1.0000  -1.8056   0.0000   0.0000   0.0000   0.3471
  18.900   1.0033   0.27301   0.26949  -0.1189  0.0444  1.0000  -1.7939   0.0000   0.0000   0.0000   0.3478
  19.000   1.0037   0.27515   0.27163  -0.1197  0.0444  1.0000  -1.7823   0.0000   0.0000   0.0000   0.3484
  19.100   1.0041   0.27724   0.27372  -0.1206  0.0443  1.0000  -1.7706   0.0000   0.0000   0.0000   0.3491
  19.200   1.0045   0.27926   0.27575  -0.1215  0.0442  1.0000  -1.7587   0.0000   0.0000   0.0000   0.3497
  19.300   1.0048   0.28122   0.27771  -0.1223  0.0441  1.0000  -1.7467   0.0000   0.0000   0.0000   0.3504
  19.400   1.0050   0.28307   0.27957  -0.1232  0.0439  1.0000  -1.7341   0.0000   0.0000   0.0000   0.3512
  19.500   1.0043   0.28483   0.28133  -0.1243  0.0437  1.0000  -1.7139   0.0000   0.0000   0.0000   0.3522
  19.600   1.0030   0.28647   0.28297  -0.1255  0.0435  1.0000  -1.6893   0.0000   0.0000   0.0000   0.3534
  19.700   1.0009   0.28803   0.28453  -0.1268  0.0431  1.0000  -1.6580   0.0000   0.0000   0.0000   0.3548
  19.800   0.9991   0.28967   0.28617  -0.1281  0.0426  1.0000  -1.6261   0.0000   0.0000   0.0000   0.3563
  19.900   0.9979   0.29150   0.28801  -0.1294  0.0419  1.0000  -1.5973   0.0000   0.0000   0.0000   0.3576
  20.000   0.9970   0.29351   0.29001  -0.1304  0.0412  1.0000  -1.5741   0.0000   0.0000   0.0000   0.3586


