xflr5 v6.61

 Calculated polar for: E387

 1 1 Reynolds number fixed          Mach number fixed         

 xtrf =   1.000 (top)        1.000 (bottom)
 Mach =   0.000     Re =     0.040 e 6     Ncrit =   9.000

  alpha     CL        CD       CDp       Cm    Top Xtr Bot Xtr   Cpmin    Chinge    XCp    
 ------- -------- --------- --------- -------- ------- ------- -------- --------- ---------
   0.000   0.0958   0.02799   0.01788  -0.0586  0.9822  1.0000  -1.1917   0.0000   0.0000   0.0000   0.8632
   0.100   0.1088   0.02839   0.01811  -0.0595  0.9792  1.0000  -1.1352   0.0000   0.0000   0.0000   0.7979
   0.200   0.1230   0.02885   0.01840  -0.0606  0.9762  1.0000  -1.0747   0.0000   0.0000   0.0000   0.7434
   0.300   0.1388   0.02937   0.01876  -0.0620  0.9734  1.0000  -1.0093   0.0000   0.0000   0.0000   0.6970
   0.400   0.1519   0.02982   0.01908  -0.0630  0.9708  1.0000  -0.9507   0.0000   0.0000   0.0000   0.6646
   0.500   0.1607   0.03014   0.01931  -0.0632  0.9681  1.0000  -0.9029   0.0000   0.0000   0.0000   0.6430
   0.600   0.1705   0.03050   0.01958  -0.0636  0.9654  1.0000  -0.8516   0.0000   0.0000   0.0000   0.6226
   0.700   0.1813   0.03090   0.01989  -0.0642  0.9626  1.0000  -0.7958   0.0000   0.0000   0.0000   0.6033
   0.800   0.1940   0.03135   0.02024  -0.0651  0.9594  1.0000  -0.7306   0.0000   0.0000   0.0000   0.5845
   0.900   0.2094   0.03187   0.02061  -0.0663  0.9559  1.0000  -0.5742   0.0000   0.0000   0.0000   0.5655
   1.000   0.2286   0.03254   0.02118  -0.0683  0.9522  1.0000  -0.5103   0.0000   0.0000   0.0000   0.5476
   1.100   0.2380   0.03292   0.02148  -0.0686  0.9486  1.0000  -0.4690   0.0000   0.0000   0.0000   0.5370
   1.200   0.2458   0.03324   0.02174  -0.0687  0.9447  1.0000  -0.4717   0.0000   0.0000   0.0000   0.5279
   1.300   0.2561   0.03364   0.02207  -0.0691  0.9405  1.0000  -0.4778   0.0000   0.0000   0.0000   0.5184
   1.400   0.2687   0.03410   0.02245  -0.0700  0.9363  1.0000  -0.4854   0.0000   0.0000   0.0000   0.5088
   1.500   0.2838   0.03463   0.02291  -0.0712  0.9323  1.0000  -0.4945   0.0000   0.0000   0.0000   0.4994
   1.600   0.3012   0.03527   0.02347  -0.0729  0.9286  1.0000  -0.5051   0.0000   0.0000   0.0000   0.4902
   1.700   0.3208   0.03605   0.02416  -0.0749  0.9255  1.0000  -0.5171   0.0000   0.0000   0.0000   0.4817
   1.800   0.3239   0.03635   0.02443  -0.0743  0.9233  1.0000  -0.5188   0.0000   0.0000   0.0000   0.4772
   1.900   0.3287   0.03670   0.02475  -0.0739  0.9210  1.0000  -0.5225   0.0000   0.0000   0.0000   0.4727
   2.000   0.3345   0.03710   0.02511  -0.0737  0.9188  1.0000  -0.5268   0.0000   0.0000   0.0000   0.4681
   2.100   0.3412   0.03752   0.02551  -0.0737  0.9165  1.0000  -0.5316   0.0000   0.0000   0.0000   0.4636
   2.200   0.3485   0.03798   0.02593  -0.0737  0.9142  1.0000  -0.5368   0.0000   0.0000   0.0000   0.4592
   2.300   0.3564   0.03846   0.02638  -0.0739  0.9120  1.0000  -0.5424   0.0000   0.0000   0.0000   0.4549
   2.400   0.3651   0.03896   0.02686  -0.0742  0.9096  1.0000  -0.5485   0.0000   0.0000   0.0000   0.4507
   2.500   0.3756   0.03950   0.02737  -0.0748  0.9067  1.0000  -0.5558   0.0000   0.0000   0.0000   0.4465
   2.600   0.3890   0.04010   0.02794  -0.0758  0.9031  1.0000  -0.5667   0.0000   0.0000   0.0000   0.4421
   2.700   0.4079   0.04086   0.02867  -0.0777  0.8988  1.0000  -0.5818   0.0000   0.0000   0.0000   0.4375
   2.800   0.4286   0.04180   0.02958  -0.0797  0.8943  1.0000  -0.5983   0.0000   0.0000   0.0000   0.4331
   2.900   0.4281   0.04204   0.02981  -0.0785  0.8909  1.0000  -0.5992   0.0000   0.0000   0.0000   0.4304
   3.000   0.4313   0.04240   0.03017  -0.0779  0.8873  1.0000  -0.6027   0.0000   0.0000   0.0000   0.4276
   3.100   0.4369   0.04284   0.03060  -0.0777  0.8835  1.0000  -0.6079   0.0000   0.0000   0.0000   0.4247
   3.200   0.4442   0.04334   0.03110  -0.0778  0.8799  1.0000  -0.6144   0.0000   0.0000   0.0000   0.4218
   3.300   0.4524   0.04389   0.03165  -0.0781  0.8769  1.0000  -0.6227   0.0000   0.0000   0.0000   0.4191
   3.400   0.4609   0.04448   0.03224  -0.0784  0.8745  1.0000  -0.6316   0.0000   0.0000   0.0000   0.4165
   3.500   0.4704   0.04511   0.03287  -0.0789  0.8719  1.0000  -0.6414   0.0000   0.0000   0.0000   0.4140
   3.600   0.4815   0.04578   0.03355  -0.0796  0.8693  1.0000  -0.6524   0.0000   0.0000   0.0000   0.4116
   3.700   0.4976   0.04659   0.03436  -0.0809  0.8656  1.0000  -0.6676   0.0000   0.0000   0.0000   0.4089
   3.800   0.5269   0.04797   0.03576  -0.0841  0.8601  1.0000  -0.6945   0.0000   0.0000   0.0000   0.4058
   3.900   0.5228   0.04822   0.03601  -0.0826  0.8573  1.0000  -0.6940   0.0000   0.0000   0.0000   0.4041
   4.000   0.5222   0.04857   0.03638  -0.0816  0.8540  1.0000  -0.6966   0.0000   0.0000   0.0000   0.4022
   4.100   0.5243   0.04901   0.03683  -0.0809  0.8500  1.0000  -0.7018   0.0000   0.0000   0.0000   0.4003
   4.200   0.5292   0.04952   0.03735  -0.0807  0.8455  1.0000  -0.7095   0.0000   0.0000   0.0000   0.3983
   4.300   0.5373   0.05009   0.03794  -0.0809  0.8406  1.0000  -0.7201   0.0000   0.0000   0.0000   0.3962
   4.400   0.5491   0.05074   0.03862  -0.0815  0.8354  1.0000  -0.7343   0.0000   0.0000   0.0000   0.3941
   4.500   0.5652   0.05152   0.03943  -0.0828  0.8304  1.0000  -0.7525   0.0000   0.0000   0.0000   0.3920
   4.600   0.5880   0.05258   0.04054  -0.0849  0.8255  1.0000  -0.7814   0.0000   0.0000   0.0000   0.3898
   4.700   0.6076   0.05379   0.04190  -0.0865  0.8205  1.0000  -0.8070   0.0000   0.0000   0.0000   0.3877
   4.800   0.6028   0.05417   0.04230  -0.0851  0.8180  1.0000  -0.8061   0.0000   0.0000   0.0000   0.3865
   4.900   0.6006   0.05463   0.04277  -0.0841  0.8150  1.0000  -0.8078   0.0000   0.0000   0.0000   0.3852
   5.000   0.6007   0.05515   0.04331  -0.0833  0.8112  1.0000  -0.8121   0.0000   0.0000   0.0000   0.3838
   5.100   0.6036   0.05571   0.04389  -0.0829  0.8065  1.0000  -0.8194   0.0000   0.0000   0.0000   0.3823
   5.200   0.6107   0.05630   0.04451  -0.0829  0.8005  1.0000  -0.8314   0.0000   0.0000   0.0000   0.3807
   5.300   0.6269   0.05697   0.04521  -0.0839  0.7926  1.0000  -0.8558   0.0000   0.0000   0.0000   0.3787
   5.400   0.6821   0.05867   0.04701  -0.0889  0.7793  1.0000  -0.9358   0.0000   0.0000   0.0000   0.3751
   5.500   0.6692   0.05893   0.04727  -0.0867  0.7756  1.0000  -0.9248   0.0000   0.0000   0.0000   0.3743
   5.600   0.6644   0.05947   0.04783  -0.0856  0.7721  1.0000  -0.9242   0.0000   0.0000   0.0000   0.3734
   5.700   0.6633   0.06014   0.04853  -0.0849  0.7684  1.0000  -0.9281   0.0000   0.0000   0.0000   0.3725
   5.800   0.6646   0.06083   0.04924  -0.0845  0.7640  1.0000  -0.9353   0.0000   0.0000   0.0000   0.3714
   5.900   0.6696   0.06151   0.04996  -0.0843  0.7582  1.0000  -0.9495   0.0000   0.0000   0.0000   0.3702
   6.000   0.6850   0.06216   0.05067  -0.0850  0.7497  1.0000  -0.9825   0.0000   0.0000   0.0000   0.3683
   6.100   0.7411   0.06339   0.05206  -0.0890  0.7338  1.0000  -1.0839   0.0000   0.0000   0.0000   0.3642
   6.200   0.7250   0.06381   0.05246  -0.0868  0.7289  1.0000  -1.0655   0.0000   0.0000   0.0000   0.3638
   6.300   0.7186   0.06438   0.05305  -0.0856  0.7229  1.0000  -1.0627   0.0000   0.0000   0.0000   0.3630
   6.400   0.7196   0.06502   0.05373  -0.0850  0.7158  1.0000  -1.0736   0.0000   0.0000   0.0000   0.3620
   6.500   0.7284   0.06568   0.05445  -0.0851  0.7082  1.0000  -1.1158   0.0000   0.0000   0.0000   0.3605
   6.600   0.7541   0.06625   0.05513  -0.0863  0.6986  1.0000  -1.2080   0.0000   0.0000   0.0000   0.3581
   6.700   0.7934   0.06718   0.05622  -0.0881  0.6863  1.0000  -1.3456   0.0000   0.0000   0.0000   0.3547
   6.800   0.7762   0.06796   0.05698  -0.0864  0.6811  1.0000  -1.3112   0.0000   0.0000   0.0000   0.3548
   6.900   0.7687   0.06873   0.05776  -0.0853  0.6743  1.0000  -1.3061   0.0000   0.0000   0.0000   0.3543
   7.000   0.7713   0.06934   0.05843  -0.0848  0.6654  1.0000  -1.3322   0.0000   0.0000   0.0000   0.3532
   7.100   0.8023   0.06924   0.05848  -0.0855  0.6514  1.0000  -1.4506   0.0000   0.0000   0.0000   0.3498
   7.200   0.8454   0.06946   0.05891  -0.0866  0.6381  1.0000  -1.6143   0.0000   0.0000   0.0000   0.3455
   7.300   0.8250   0.07072   0.06013  -0.0851  0.6323  1.0000  -1.5634   0.0000   0.0000   0.0000   0.3462
   7.400   0.8158   0.07180   0.06122  -0.0843  0.6254  1.0000  -1.5502   0.0000   0.0000   0.0000   0.3462
   7.500   0.8174   0.07258   0.06204  -0.0838  0.6168  1.0000  -1.5732   0.0000   0.0000   0.0000   0.3453
   7.600   0.8560   0.07173   0.06142  -0.0840  0.6015  1.0000  -1.7552   0.0000   0.0000   0.0000   0.3409
   7.700   0.8881   0.07143   0.06131  -0.0837  0.5879  1.0000  -1.9637   0.0000   0.0000   0.0000   0.3368
   7.800   0.8667   0.07320   0.06302  -0.0827  0.5810  1.0000  -1.8778   0.0000   0.0000   0.0000   0.3379
   7.900   0.8606   0.07426   0.06410  -0.0820  0.5716  1.0000  -1.8748   0.0000   0.0000   0.0000   0.3377
   8.000   0.8776   0.07408   0.06406  -0.0815  0.5592  1.0000  -2.0009   0.0000   0.0000   0.0000   0.3351
   8.100   0.9493   0.07046   0.06090  -0.0802  0.5407  1.0000  -2.4531   0.0000   0.0000   0.0000   0.3266
   8.200   0.9197   0.07356   0.06387  -0.0800  0.5350  1.0000  -2.3075   0.0000   0.0000   0.0000   0.3290
   8.300   0.9042   0.07554   0.06581  -0.0796  0.5271  1.0000  -2.2460   0.0000   0.0000   0.0000   0.3300
   8.400   0.9142   0.07545   0.06583  -0.0787  0.5137  1.0000  -2.3379   0.0000   0.0000   0.0000   0.3279
   8.500   0.9934   0.06894   0.05989  -0.0750  0.4911  1.0000  -2.8679   0.0000   0.0000   0.0000   0.3171
   8.600   0.9638   0.07298   0.06379  -0.0756  0.4851  1.0000  -2.7095   0.0000   0.0000   0.0000   0.3200
   8.700   0.9487   0.07547   0.06623  -0.0757  0.4771  1.0000  -2.6425   0.0000   0.0000   0.0000   0.3212
   8.900   1.1766   0.03971   0.03165  -0.0502  0.2549  1.0000  -4.4895   0.0000   0.0000   0.0000   0.2830
   9.000   1.1716   0.04076   0.03213  -0.0481  0.2253  1.0000  -4.4810   0.0000   0.0000   0.0000   0.2812
   9.100   1.1644   0.04178   0.03321  -0.0464  0.2091  1.0000  -4.4525   0.0000   0.0000   0.0000   0.2798
   9.200   1.1597   0.04338   0.03436  -0.0447  0.1845  1.0000  -4.4093   0.0000   0.0000   0.0000   0.2783
   9.300   1.1530   0.04444   0.03544  -0.0430  0.1706  1.0000  -4.3704   0.0000   0.0000   0.0000   0.2770
   9.400   1.1481   0.04599   0.03652  -0.0416  0.1515  1.0000  -4.3430   0.0000   0.0000   0.0000   0.2758
   9.500   1.1415   0.04696   0.03762  -0.0403  0.1428  1.0000  -4.3134   0.0000   0.0000   0.0000   0.2747
   9.600   1.1357   0.04796   0.03855  -0.0393  0.1329  1.0000  -4.2982   0.0000   0.0000   0.0000   0.2738
   9.700   1.1351   0.04969   0.03993  -0.0384  0.1184  1.0000  -4.2742   0.0000   0.0000   0.0000   0.2729
   9.800   1.1369   0.05101   0.04144  -0.0374  0.1102  1.0000  -4.2248   0.0000   0.0000   0.0000   0.2719
   9.900   1.1427   0.05235   0.04277  -0.0366  0.1018  1.0000  -4.1974   0.0000   0.0000   0.0000   0.2709
  10.000   1.1761   0.05587   0.04622  -0.0373  0.0902  1.0000  -4.1750   0.0000   0.0000   0.0000   0.2705
  10.100   1.1818   0.05737   0.04793  -0.0366  0.0884  1.0000  -4.1617   0.0000   0.0000   0.0000   0.2697
  10.200   1.1871   0.05900   0.04977  -0.0361  0.0868  1.0000  -4.1499   0.0000   0.0000   0.0000   0.2689
  10.300   1.1908   0.06067   0.05163  -0.0355  0.0855  1.0000  -4.1386   0.0000   0.0000   0.0000   0.2682
  10.400   1.1928   0.06235   0.05348  -0.0349  0.0846  1.0000  -4.1270   0.0000   0.0000   0.0000   0.2676
  10.500   1.1934   0.06404   0.05533  -0.0342  0.0840  1.0000  -4.1145   0.0000   0.0000   0.0000   0.2669
  10.600   1.1928   0.06573   0.05718  -0.0336  0.0835  1.0000  -4.1009   0.0000   0.0000   0.0000   0.2663
  10.700   1.1908   0.06743   0.05903  -0.0330  0.0832  1.0000  -4.0858   0.0000   0.0000   0.0000   0.2657
  10.800   1.1876   0.06914   0.06087  -0.0324  0.0830  1.0000  -4.0691   0.0000   0.0000   0.0000   0.2652
  10.900   1.1835   0.07087   0.06273  -0.0319  0.0829  1.0000  -4.0508   0.0000   0.0000   0.0000   0.2647
  11.000   1.1786   0.07265   0.06463  -0.0315  0.0829  1.0000  -4.0308   0.0000   0.0000   0.0000   0.2644
  11.100   1.1729   0.07446   0.06656  -0.0312  0.0829  1.0000  -4.0092   0.0000   0.0000   0.0000   0.2641
  11.200   1.1664   0.07631   0.06853  -0.0311  0.0830  1.0000  -3.9858   0.0000   0.0000   0.0000   0.2640
  11.300   1.1594   0.07824   0.07056  -0.0310  0.0832  1.0000  -3.9608   0.0000   0.0000   0.0000   0.2641
  11.400   1.1519   0.08024   0.07266  -0.0312  0.0833  1.0000  -3.9338   0.0000   0.0000   0.0000   0.2642
  11.500   1.1439   0.08233   0.07485  -0.0315  0.0836  1.0000  -3.9051   0.0000   0.0000   0.0000   0.2645
  11.600   1.1355   0.08451   0.07712  -0.0319  0.0838  1.0000  -3.8743   0.0000   0.0000   0.0000   0.2650
  11.700   1.1267   0.08678   0.07947  -0.0325  0.0841  1.0000  -3.8416   0.0000   0.0000   0.0000   0.2657
  11.800   1.1174   0.08913   0.08189  -0.0333  0.0845  1.0000  -3.8069   0.0000   0.0000   0.0000   0.2665
  11.900   1.1080   0.09158   0.08441  -0.0342  0.0849  1.0000  -3.7702   0.0000   0.0000   0.0000   0.2674
  12.000   1.0984   0.09416   0.08705  -0.0353  0.0853  1.0000  -3.7313   0.0000   0.0000   0.0000   0.2686
  12.100   1.0887   0.09687   0.08981  -0.0365  0.0857  1.0000  -3.6902   0.0000   0.0000   0.0000   0.2699
  12.200   1.0791   0.09970   0.09269  -0.0379  0.0862  1.0000  -3.6469   0.0000   0.0000   0.0000   0.2714
  12.300   1.0696   0.10264   0.09567  -0.0394  0.0866  1.0000  -3.6016   0.0000   0.0000   0.0000   0.2730
  12.400   1.0604   0.10568   0.09875  -0.0411  0.0871  1.0000  -3.5545   0.0000   0.0000   0.0000   0.2748
  12.500   1.0514   0.10882   0.10192  -0.0428  0.0877  1.0000  -3.5056   0.0000   0.0000   0.0000   0.2767
  12.600   1.0430   0.11203   0.10514  -0.0446  0.0882  1.0000  -3.4558   0.0000   0.0000   0.0000   0.2786
  12.700   1.0350   0.11529   0.10842  -0.0463  0.0887  1.0000  -3.4051   0.0000   0.0000   0.0000   0.2806
  12.800   1.0278   0.11857   0.11170  -0.0481  0.0892  1.0000  -3.3546   0.0000   0.0000   0.0000   0.2825
  12.900   1.0213   0.12186   0.11500  -0.0498  0.0897  1.0000  -3.3043   0.0000   0.0000   0.0000   0.2844
  13.000   1.0155   0.12515   0.11829  -0.0515  0.0901  1.0000  -3.2550   0.0000   0.0000   0.0000   0.2863
  13.100   1.0106   0.12841   0.12154  -0.0530  0.0906  1.0000  -3.2072   0.0000   0.0000   0.0000   0.2880
  13.200   1.0064   0.13166   0.12479  -0.0544  0.0910  1.0000  -3.1614   0.0000   0.0000   0.0000   0.2895
  13.300   1.0032   0.13491   0.12803  -0.0557  0.0914  1.0000  -3.1181   0.0000   0.0000   0.0000   0.2909
  13.500   0.9648   0.14906   0.14211  -0.0692  0.1008  1.0000  -2.7142   0.0000   0.0000   0.0000   0.3075
  13.600   0.9593   0.15274   0.14575  -0.0714  0.1027  1.0000  -2.6381   0.0000   0.0000   0.0000   0.3103
  13.700   0.9558   0.15592   0.14889  -0.0732  0.1042  1.0000  -2.5791   0.0000   0.0000   0.0000   0.3124
  13.800   0.9533   0.15890   0.15184  -0.0748  0.1056  1.0000  -2.5269   0.0000   0.0000   0.0000   0.3142
  13.900   0.9511   0.16176   0.15468  -0.0762  0.1070  1.0000  -2.4787   0.0000   0.0000   0.0000   0.3158
  14.000   0.9497   0.16453   0.15743  -0.0775  0.1084  1.0000  -2.4354   0.0000   0.0000   0.0000   0.3173
  14.100   0.9490   0.16723   0.16011  -0.0787  0.1099  1.0000  -2.3966   0.0000   0.0000   0.0000   0.3185
  14.200   0.9489   0.16988   0.16275  -0.0797  0.1113  1.0000  -2.3621   0.0000   0.0000   0.0000   0.3195
  14.300   0.9496   0.17250   0.16536  -0.0806  0.1129  1.0000  -2.3325   0.0000   0.0000   0.0000   0.3203
  14.400   0.9512   0.17512   0.16798  -0.0812  0.1145  1.0000  -2.3092   0.0000   0.0000   0.0000   0.3207
  14.500   0.9544   0.17783   0.17070  -0.0815  0.1163  1.0000  -2.2953   0.0000   0.0000   0.0000   0.3206
  14.600   0.9627   0.18114   0.17405  -0.0806  0.1187  1.0000  -2.3072   0.0000   0.0000   0.0000   0.3188
  14.700   0.9391   0.18557   0.17837  -0.0887  0.1351  1.0000  -2.0761   0.0000   0.0000   0.0000   0.3298
  14.800   0.9397   0.18922   0.18201  -0.0900  0.1430  1.0000  -2.0315   0.0000   0.0000   0.0000   0.3310
  14.900   0.9218   0.19760   0.19036  -0.0983  0.2122  1.0000  -1.7983   0.0000   0.0000   0.0000   0.3421
  15.200   0.9637   0.21896   0.21188  -0.0977  0.2259  1.0000  -1.8167   0.0000   0.0000   0.0000   0.3367
  15.300   0.9578   0.21830   0.21119  -0.0990  0.2253  1.0000  -1.7885   0.0000   0.0000   0.0000   0.3386
  15.400   0.9379   0.21229   0.20509  -0.1012  0.2220  1.0000  -1.7337   0.0000   0.0000   0.0000   0.3429
  15.500   0.9314   0.21142   0.20419  -0.1027  0.2181  1.0000  -1.7045   0.0000   0.0000   0.0000   0.3451
  15.600   0.9307   0.21268   0.20545  -0.1036  0.2159  1.0000  -1.6878   0.0000   0.0000   0.0000   0.3460
  15.700   0.9310   0.21424   0.20701  -0.1043  0.2141  1.0000  -1.6738   0.0000   0.0000   0.0000   0.3467
  15.800   0.9318   0.21594   0.20871  -0.1051  0.2123  1.0000  -1.6614   0.0000   0.0000   0.0000   0.3472
  15.900   0.9330   0.21773   0.21050  -0.1057  0.2106  1.0000  -1.6505   0.0000   0.0000   0.0000   0.3477
  16.000   0.9344   0.21957   0.21234  -0.1063  0.2089  1.0000  -1.6408   0.0000   0.0000   0.0000   0.3480
  16.100   0.9361   0.22146   0.21424  -0.1069  0.2072  1.0000  -1.6326   0.0000   0.0000   0.0000   0.3483
  16.200   0.9381   0.22340   0.21618  -0.1074  0.2054  1.0000  -1.6259   0.0000   0.0000   0.0000   0.3484
  16.300   0.9405   0.22540   0.21819  -0.1078  0.2036  1.0000  -1.6211   0.0000   0.0000   0.0000   0.3485
  16.400   0.9434   0.22748   0.22028  -0.1082  0.2017  1.0000  -1.6183   0.0000   0.0000   0.0000   0.3484
  16.500   0.9467   0.22967   0.22249  -0.1085  0.1999  1.0000  -1.6179   0.0000   0.0000   0.0000   0.3481
  16.600   0.9508   0.23206   0.22489  -0.1086  0.1981  1.0000  -1.6203   0.0000   0.0000   0.0000   0.3477
  16.700   0.9557   0.23472   0.22757  -0.1087  0.1964  1.0000  -1.6258   0.0000   0.0000   0.0000   0.3470
  16.800   0.9618   0.23784   0.23072  -0.1086  0.1948  1.0000  -1.6354   0.0000   0.0000   0.0000   0.3461
  16.900   0.9698   0.24182   0.23473  -0.1083  0.1932  1.0000  -1.6509   0.0000   0.0000   0.0000   0.3448
  17.000   0.9820   0.24779   0.24076  -0.1078  0.1916  1.0000  -1.6772   0.0000   0.0000   0.0000   0.3428
  17.100   1.0076   0.26298   0.25605  -0.1063  0.1894  1.0000  -1.7361   0.0000   0.0000   0.0000   0.3385
  17.200   1.0097   0.26808   0.26109  -0.1070  0.1887  1.0000  -1.7273   0.0000   0.0000   0.0000   0.3388
  17.300   1.0071   0.26842   0.26142  -0.1081  0.1885  1.0000  -1.7075   0.0000   0.0000   0.0000   0.3401
  17.400   1.0031   0.26824   0.26122  -0.1093  0.1883  1.0000  -1.6845   0.0000   0.0000   0.0000   0.3415
  17.500   0.9980   0.26756   0.26052  -0.1105  0.1879  1.0000  -1.6590   0.0000   0.0000   0.0000   0.3431
  17.600   0.9909   0.26615   0.25909  -0.1117  0.1874  1.0000  -1.6296   0.0000   0.0000   0.0000   0.3449
  17.700   0.9831   0.26439   0.25730  -0.1129  0.1867  1.0000  -1.5975   0.0000   0.0000   0.0000   0.3469
  17.800   0.9750   0.26248   0.25536  -0.1144  0.1855  1.0000  -1.5631   0.0000   0.0000   0.0000   0.3492
  17.900   0.9684   0.26125   0.25411  -0.1159  0.1835  1.0000  -1.5317   0.0000   0.0000   0.0000   0.3513
  18.000   0.9651   0.26149   0.25435  -0.1170  0.1808  1.0000  -1.5103   0.0000   0.0000   0.0000   0.3528
  18.100   0.9641   0.26268   0.25553  -0.1179  0.1782  1.0000  -1.4970   0.0000   0.0000   0.0000   0.3537
  18.200   0.9641   0.26427   0.25713  -0.1186  0.1757  1.0000  -1.4880   0.0000   0.0000   0.0000   0.3543
  18.300   0.9646   0.26604   0.25891  -0.1192  0.1734  1.0000  -1.4816   0.0000   0.0000   0.0000   0.3546
  18.400   0.9656   0.26793   0.26081  -0.1197  0.1712  1.0000  -1.4771   0.0000   0.0000   0.0000   0.3549
  18.500   0.9669   0.26990   0.26279  -0.1201  0.1691  1.0000  -1.4745   0.0000   0.0000   0.0000   0.3550
  18.600   0.9684   0.27193   0.26484  -0.1204  0.1671  1.0000  -1.4735   0.0000   0.0000   0.0000   0.3550
  18.700   0.9703   0.27404   0.26696  -0.1207  0.1652  1.0000  -1.4745   0.0000   0.0000   0.0000   0.3549
  18.800   0.9726   0.27626   0.26920  -0.1208  0.1634  1.0000  -1.4777   0.0000   0.0000   0.0000   0.3546
  18.900   0.9755   0.27864   0.27161  -0.1209  0.1617  1.0000  -1.4837   0.0000   0.0000   0.0000   0.3542
  19.000   0.9793   0.28133   0.27432  -0.1208  0.1600  1.0000  -1.4937   0.0000   0.0000   0.0000   0.3535
  19.100   0.9846   0.28459   0.27762  -0.1206  0.1583  1.0000  -1.5096   0.0000   0.0000   0.0000   0.3525
  19.200   0.9933   0.28925   0.28231  -0.1201  0.1567  1.0000  -1.5371   0.0000   0.0000   0.0000   0.3508
  19.300   1.0360   0.31405   0.30717  -0.1179  0.1533  1.0000  -1.6617   0.0000   0.0000   0.0000   0.3437
  19.400   1.0330   0.31449   0.30761  -0.1188  0.1531  1.0000  -1.6423   0.0000   0.0000   0.0000   0.3448
  19.500   1.0290   0.31458   0.30769  -0.1198  0.1530  1.0000  -1.6203   0.0000   0.0000   0.0000   0.3460
  19.600   1.0240   0.31436   0.30747  -0.1207  0.1528  1.0000  -1.5963   0.0000   0.0000   0.0000   0.3473
  19.700   1.0175   0.31367   0.30677  -0.1215  0.1525  1.0000  -1.5689   0.0000   0.0000   0.0000   0.3487
  19.800   1.0103   0.31281   0.30590  -0.1223  0.1523  1.0000  -1.5400   0.0000   0.0000   0.0000   0.3502
  19.900   1.0027   0.31179   0.30488  -0.1231  0.1519  1.0000  -1.5096   0.0000   0.0000   0.0000   0.3517
  20.000   0.9946   0.31064   0.30373  -0.1239  0.1514  1.0000  -1.4775   0.0000   0.0000   0.0000   0.3534


