xflr5 v6.61

 Calculated polar for: E387

 1 1 Reynolds number fixed          Mach number fixed         

 xtrf =   1.000 (top)        1.000 (bottom)
 Mach =   0.000     Re =     0.130 e 6     Ncrit =   9.000

  alpha     CL        CD       CDp       Cm    Top Xtr Bot Xtr   Cpmin    Chinge    XCp    
 ------- -------- --------- --------- -------- ------- ------- -------- --------- ---------
   0.000   0.4084   0.01316   0.00645  -0.0883  0.7581  1.0000  -0.6251   0.0000   0.0000   0.0000   0.4657
   0.100   0.4189   0.01323   0.00647  -0.0882  0.7552  1.0000  -0.6316   0.0000   0.0000   0.0000   0.4599
   0.200   0.4295   0.01330   0.00649  -0.0880  0.7522  1.0000  -0.6383   0.0000   0.0000   0.0000   0.4543
   0.300   0.4401   0.01336   0.00649  -0.0878  0.7493  1.0000  -0.6451   0.0000   0.0000   0.0000   0.4489
   0.400   0.4507   0.01342   0.00650  -0.0877  0.7464  1.0000  -0.6519   0.0000   0.0000   0.0000   0.4437
   0.500   0.4613   0.01350   0.00652  -0.0874  0.7435  1.0000  -0.6588   0.0000   0.0000   0.0000   0.4387
   0.600   0.4718   0.01363   0.00658  -0.0872  0.7404  1.0000  -0.6661   0.0000   0.0000   0.0000   0.4339
   0.700   0.4821   0.01385   0.00675  -0.0871  0.7370  1.0000  -0.6736   0.0000   0.0000   0.0000   0.4295
   0.800   0.4924   0.01401   0.00688  -0.0870  0.7341  1.0000  -0.6808   0.0000   0.0000   0.0000   0.4255
   0.900   0.5027   0.01408   0.00695  -0.0870  0.7316  1.0000  -0.6880   0.0000   0.0000   0.0000   0.4217
   1.000   0.5131   0.01418   0.00703  -0.0869  0.7289  1.0000  -0.6953   0.0000   0.0000   0.0000   0.4181
   1.100   0.5234   0.01428   0.00713  -0.0869  0.7262  1.0000  -0.7025   0.0000   0.0000   0.0000   0.4146
   1.200   0.5338   0.01439   0.00723  -0.0869  0.7233  1.0000  -0.7097   0.0000   0.0000   0.0000   0.4113
   1.300   0.5442   0.01450   0.00732  -0.0868  0.7204  1.0000  -0.7174   0.0000   0.0000   0.0000   0.4080
   1.400   0.5547   0.01461   0.00742  -0.0868  0.7175  1.0000  -0.7259   0.0000   0.0000   0.0000   0.4048
   1.500   0.5651   0.01471   0.00750  -0.0867  0.7147  1.0000  -0.7345   0.0000   0.0000   0.0000   0.4017
   1.600   0.5757   0.01480   0.00758  -0.0866  0.7119  1.0000  -0.7432   0.0000   0.0000   0.0000   0.3987
   1.700   0.5863   0.01490   0.00766  -0.0865  0.7092  1.0000  -0.7520   0.0000   0.0000   0.0000   0.3957
   1.800   0.5969   0.01498   0.00773  -0.0864  0.7066  1.0000  -0.7613   0.0000   0.0000   0.0000   0.3928
   1.900   0.6076   0.01507   0.00779  -0.0863  0.7041  1.0000  -0.7715   0.0000   0.0000   0.0000   0.3900
   2.000   0.6183   0.01516   0.00786  -0.0862  0.7017  1.0000  -0.7818   0.0000   0.0000   0.0000   0.3873
   2.100   0.6290   0.01526   0.00794  -0.0861  0.6992  1.0000  -0.7929   0.0000   0.0000   0.0000   0.3846
   2.200   0.6397   0.01537   0.00803  -0.0859  0.6967  1.0000  -0.8047   0.0000   0.0000   0.0000   0.3820
   2.300   0.6502   0.01555   0.00817  -0.0858  0.6938  1.0000  -0.8164   0.0000   0.0000   0.0000   0.3795
   2.400   0.6600   0.01590   0.00850  -0.0856  0.6902  1.0000  -0.8274   0.0000   0.0000   0.0000   0.3772
   2.500   0.6700   0.01608   0.00869  -0.0855  0.6876  1.0000  -0.8395   0.0000   0.0000   0.0000   0.3751
   2.600   0.6803   0.01614   0.00878  -0.0855  0.6851  1.0000  -0.8526   0.0000   0.0000   0.0000   0.3730
   2.700   0.6905   0.01624   0.00889  -0.0854  0.6824  1.0000  -0.8657   0.0000   0.0000   0.0000   0.3710
   2.800   0.7007   0.01635   0.00903  -0.0854  0.6795  1.0000  -0.8787   0.0000   0.0000   0.0000   0.3690
   2.900   0.7108   0.01649   0.00917  -0.0853  0.6767  1.0000  -0.8940   0.0000   0.0000   0.0000   0.3671
   3.000   0.7211   0.01658   0.00936  -0.0852  0.6738  1.0000  -0.9095   0.0000   0.0000   0.0000   0.3652
   3.100   0.7314   0.01668   0.00946  -0.0851  0.6707  1.0000  -0.9251   0.0000   0.0000   0.0000   0.3633
   3.200   0.7417   0.01677   0.00955  -0.0850  0.6675  1.0000  -0.9426   0.0000   0.0000   0.0000   0.3614
   3.300   0.7522   0.01683   0.00961  -0.0848  0.6643  1.0000  -0.9616   0.0000   0.0000   0.0000   0.3595
   3.400   0.7628   0.01688   0.00965  -0.0847  0.6612  1.0000  -0.9808   0.0000   0.0000   0.0000   0.3576
   3.500   0.7735   0.01692   0.00969  -0.0845  0.6582  1.0000  -1.0004   0.0000   0.0000   0.0000   0.3558
   3.600   0.7843   0.01696   0.00971  -0.0843  0.6553  1.0000  -1.0202   0.0000   0.0000   0.0000   0.3539
   3.700   0.7951   0.01700   0.00974  -0.0841  0.6524  1.0000  -1.0410   0.0000   0.0000   0.0000   0.3521
   3.800   0.8060   0.01708   0.00980  -0.0839  0.6496  1.0000  -1.0653   0.0000   0.0000   0.0000   0.3504
   3.900   0.8165   0.01723   0.00993  -0.0837  0.6465  1.0000  -1.0894   0.0000   0.0000   0.0000   0.3487
   4.000   0.8262   0.01764   0.01032  -0.0835  0.6423  1.0000  -1.1152   0.0000   0.0000   0.0000   0.3471
   4.100   0.8359   0.01779   0.01051  -0.0834  0.6394  1.0000  -1.1428   0.0000   0.0000   0.0000   0.3457
   4.200   0.8460   0.01781   0.01057  -0.0832  0.6364  1.0000  -1.1711   0.0000   0.0000   0.0000   0.3443
   4.300   0.8559   0.01787   0.01067  -0.0831  0.6330  1.0000  -1.1993   0.0000   0.0000   0.0000   0.3429
   4.400   0.8658   0.01794   0.01078  -0.0829  0.6293  1.0000  -1.2276   0.0000   0.0000   0.0000   0.3415
   4.500   0.8758   0.01799   0.01087  -0.0827  0.6253  1.0000  -1.2564   0.0000   0.0000   0.0000   0.3401
   4.600   0.8861   0.01802   0.01092  -0.0825  0.6212  1.0000  -1.2958   0.0000   0.0000   0.0000   0.3386
   4.700   0.8965   0.01802   0.01093  -0.0823  0.6172  1.0000  -1.3512   0.0000   0.0000   0.0000   0.3372
   4.800   0.9072   0.01801   0.01093  -0.0820  0.6135  1.0000  -1.4082   0.0000   0.0000   0.0000   0.3357
   4.900   0.9182   0.01793   0.01085  -0.0818  0.6095  1.0000  -1.4677   0.0000   0.0000   0.0000   0.3342
   5.000   0.9299   0.01762   0.01049  -0.0812  0.6038  1.0000  -1.5482   0.0000   0.0000   0.0000   0.3324
   5.100   0.9414   0.01740   0.01015  -0.0806  0.5955  1.0000  -1.6496   0.0000   0.0000   0.0000   0.3305
   5.200   0.9508   0.01715   0.00991  -0.0799  0.5869  1.0000  -1.7406   0.0000   0.0000   0.0000   0.3288
   5.300   0.9604   0.01666   0.00943  -0.0791  0.5756  1.0000  -1.8357   0.0000   0.0000   0.0000   0.3271
   5.400   0.9710   0.01606   0.00875  -0.0782  0.5623  1.0000  -1.9386   0.0000   0.0000   0.0000   0.3251
   5.500   0.9819   0.01561   0.00809  -0.0774  0.5484  1.0000  -2.0448   0.0000   0.0000   0.0000   0.3232
   5.600   0.9911   0.01546   0.00793  -0.0768  0.5370  1.0000  -2.1395   0.0000   0.0000   0.0000   0.3218
   5.700   1.0005   0.01536   0.00788  -0.0764  0.5268  1.0000  -2.2340   0.0000   0.0000   0.0000   0.3205
   5.800   1.0104   0.01533   0.00788  -0.0761  0.5191  1.0000  -2.3311   0.0000   0.0000   0.0000   0.3193
   5.900   1.0204   0.01529   0.00782  -0.0757  0.5108  1.0000  -2.4299   0.0000   0.0000   0.0000   0.3181
   6.000   1.0304   0.01527   0.00773  -0.0753  0.5021  1.0000  -2.5290   0.0000   0.0000   0.0000   0.3169
   6.100   1.0402   0.01531   0.00772  -0.0750  0.4934  1.0000  -2.6264   0.0000   0.0000   0.0000   0.3157
   6.200   1.0497   0.01534   0.00786  -0.0747  0.4842  1.0000  -2.7206   0.0000   0.0000   0.0000   0.3147
   6.300   1.0591   0.01536   0.00791  -0.0743  0.4723  1.0000  -2.8140   0.0000   0.0000   0.0000   0.3136
   6.400   1.0682   0.01539   0.00790  -0.0738  0.4589  1.0000  -2.9054   0.0000   0.0000   0.0000   0.3124
   6.500   1.0768   0.01547   0.00789  -0.0733  0.4432  1.0000  -2.9919   0.0000   0.0000   0.0000   0.3112
   6.600   1.0828   0.01561   0.00784  -0.0723  0.4037  1.0000  -3.0656   0.0000   0.0000   0.0000   0.3098
   6.700   1.0870   0.01601   0.00791  -0.0712  0.3523  1.0000  -3.1279   0.0000   0.0000   0.0000   0.3083
   6.800   1.1096   0.01601   0.00958  -0.0734  0.4539  1.0000  -3.5073   0.0000   0.0000   0.0000   0.3090
   6.900   1.1189   0.01612   0.00973  -0.0730  0.4449  1.0000  -3.6281   0.0000   0.0000   0.0000   0.3079
   7.000   1.1280   0.01622   0.00995  -0.0727  0.4328  1.0000  -3.7413   0.0000   0.0000   0.0000   0.3070
   7.100   1.1362   0.01632   0.01004  -0.0721  0.4148  1.0000  -3.8477   0.0000   0.0000   0.0000   0.3059
   7.200   1.1436   0.01648   0.01011  -0.0714  0.3932  1.0000  -3.9457   0.0000   0.0000   0.0000   0.3047
   7.300   1.1483   0.01680   0.01019  -0.0704  0.3547  1.0000  -4.0255   0.0000   0.0000   0.0000   0.3034
   7.400   1.1502   0.01741   0.01044  -0.0691  0.2987  1.0000  -4.0839   0.0000   0.0000   0.0000   0.3021
   7.500   1.1511   0.01822   0.01089  -0.0679  0.2478  1.0000  -4.1236   0.0000   0.0000   0.0000   0.3008
   7.600   1.1494   0.01933   0.01157  -0.0664  0.1924  1.0000  -4.1337   0.0000   0.0000   0.0000   0.2995
   7.700   1.1436   0.02089   0.01255  -0.0646  0.1194  1.0000  -4.0942   0.0000   0.0000   0.0000   0.2981
   7.800   1.1333   0.02295   0.01392  -0.0621  0.0511  1.0000  -3.9829   0.0000   0.0000   0.0000   0.2963
   7.900   1.1328   0.02407   0.01501  -0.0604  0.0388  1.0000  -3.9154   0.0000   0.0000   0.0000   0.2947
   8.000   1.1356   0.02480   0.01579  -0.0592  0.0352  1.0000  -3.9196   0.0000   0.0000   0.0000   0.2934
   8.100   1.1381   0.02553   0.01657  -0.0581  0.0330  1.0000  -3.9323   0.0000   0.0000   0.0000   0.2922
   8.200   1.1397   0.02630   0.01740  -0.0569  0.0314  1.0000  -3.9438   0.0000   0.0000   0.0000   0.2909
   8.300   1.1406   0.02711   0.01828  -0.0556  0.0303  1.0000  -3.9529   0.0000   0.0000   0.0000   0.2896
   8.400   1.1403   0.02792   0.01917  -0.0542  0.0295  1.0000  -3.9603   0.0000   0.0000   0.0000   0.2882
   8.500   1.1397   0.02875   0.02007  -0.0527  0.0289  1.0000  -3.9670   0.0000   0.0000   0.0000   0.2868
   8.600   1.1393   0.02964   0.02103  -0.0513  0.0284  1.0000  -3.9737   0.0000   0.0000   0.0000   0.2855
   8.700   1.1397   0.03059   0.02204  -0.0500  0.0280  1.0000  -3.9818   0.0000   0.0000   0.0000   0.2842
   8.800   1.1413   0.03161   0.02311  -0.0488  0.0277  1.0000  -3.9917   0.0000   0.0000   0.0000   0.2830
   8.900   1.1450   0.03270   0.02426  -0.0479  0.0274  1.0000  -4.0053   0.0000   0.0000   0.0000   0.2819
   9.000   1.1513   0.03380   0.02537  -0.0472  0.0273  1.0000  -4.0293   0.0000   0.0000   0.0000   0.2809
   9.100   1.1593   0.03479   0.02642  -0.0467  0.0272  1.0000  -4.0661   0.0000   0.0000   0.0000   0.2801
   9.200   1.1690   0.03592   0.02762  -0.0464  0.0272  1.0000  -4.1046   0.0000   0.0000   0.0000   0.2794
   9.300   1.1803   0.03724   0.02902  -0.0463  0.0271  1.0000  -4.1429   0.0000   0.0000   0.0000   0.2788
   9.400   1.1928   0.03882   0.03070  -0.0464  0.0272  1.0000  -4.1782   0.0000   0.0000   0.0000   0.2783
   9.600   1.2129   0.04175   0.03389  -0.0462  0.0274  1.0000  -4.2468   0.0000   0.0000   0.0000   0.2772
   9.700   1.2203   0.04276   0.03499  -0.0457  0.0276  1.0000  -4.2899   0.0000   0.0000   0.0000   0.2765
   9.800   1.2272   0.04371   0.03603  -0.0452  0.0278  1.0000  -4.3335   0.0000   0.0000   0.0000   0.2758
   9.900   1.2337   0.04461   0.03703  -0.0447  0.0280  1.0000  -4.3772   0.0000   0.0000   0.0000   0.2750
  10.000   1.2398   0.04549   0.03800  -0.0441  0.0283  1.0000  -4.4202   0.0000   0.0000   0.0000   0.2742
  10.100   1.2453   0.04634   0.03895  -0.0435  0.0286  1.0000  -4.4612   0.0000   0.0000   0.0000   0.2734
  10.200   1.2502   0.04719   0.03990  -0.0428  0.0289  1.0000  -4.4986   0.0000   0.0000   0.0000   0.2726
  10.300   1.2544   0.04807   0.04088  -0.0420  0.0292  1.0000  -4.5307   0.0000   0.0000   0.0000   0.2717
  10.400   1.2578   0.04900   0.04194  -0.0412  0.0296  1.0000  -4.5550   0.0000   0.0000   0.0000   0.2708
  10.500   1.2601   0.05004   0.04313  -0.0402  0.0301  1.0000  -4.5680   0.0000   0.0000   0.0000   0.2699
  10.600   1.2611   0.05125   0.04451  -0.0391  0.0307  1.0000  -4.5659   0.0000   0.0000   0.0000   0.2689
  10.700   1.2606   0.05269   0.04616  -0.0380  0.0313  1.0000  -4.5467   0.0000   0.0000   0.0000   0.2679
  10.800   1.2586   0.05436   0.04803  -0.0369  0.0321  1.0000  -4.5142   0.0000   0.0000   0.0000   0.2669
  10.900   1.2554   0.05616   0.05001  -0.0358  0.0328  1.0000  -4.4766   0.0000   0.0000   0.0000   0.2660
  11.000   1.2505   0.05797   0.05201  -0.0347  0.0335  1.0000  -4.4363   0.0000   0.0000   0.0000   0.2651
  11.100   1.2441   0.05975   0.05395  -0.0337  0.0341  1.0000  -4.3966   0.0000   0.0000   0.0000   0.2643
  11.200   1.2373   0.06151   0.05585  -0.0329  0.0346  1.0000  -4.3603   0.0000   0.0000   0.0000   0.2637
  11.300   1.2300   0.06326   0.05775  -0.0321  0.0351  1.0000  -4.3266   0.0000   0.0000   0.0000   0.2631
  11.400   1.2225   0.06506   0.05967  -0.0316  0.0355  1.0000  -4.2943   0.0000   0.0000   0.0000   0.2627
  11.500   1.2148   0.06690   0.06163  -0.0312  0.0359  1.0000  -4.2628   0.0000   0.0000   0.0000   0.2624
  11.600   1.2069   0.06878   0.06362  -0.0310  0.0362  1.0000  -4.2321   0.0000   0.0000   0.0000   0.2623
  11.700   1.1988   0.07072   0.06567  -0.0309  0.0365  1.0000  -4.2015   0.0000   0.0000   0.0000   0.2622
  11.800   1.1905   0.07270   0.06775  -0.0310  0.0368  1.0000  -4.1711   0.0000   0.0000   0.0000   0.2623
  11.900   1.1820   0.07471   0.06985  -0.0312  0.0371  1.0000  -4.1406   0.0000   0.0000   0.0000   0.2626
  12.000   1.1732   0.07676   0.07198  -0.0315  0.0373  1.0000  -4.1100   0.0000   0.0000   0.0000   0.2629
  12.100   1.1644   0.07889   0.07420  -0.0320  0.0375  1.0000  -4.0785   0.0000   0.0000   0.0000   0.2634
  12.200   1.1555   0.08112   0.07652  -0.0327  0.0377  1.0000  -4.0458   0.0000   0.0000   0.0000   0.2640
  12.300   1.1464   0.08344   0.07892  -0.0335  0.0378  1.0000  -4.0123   0.0000   0.0000   0.0000   0.2648
  12.400   1.1374   0.08586   0.08141  -0.0344  0.0380  1.0000  -3.9771   0.0000   0.0000   0.0000   0.2657
  12.500   1.1281   0.08836   0.08399  -0.0355  0.0381  1.0000  -3.9407   0.0000   0.0000   0.0000   0.2668
  12.600   1.1189   0.09097   0.08666  -0.0368  0.0382  1.0000  -3.9024   0.0000   0.0000   0.0000   0.2681
  12.700   1.1096   0.09367   0.08943  -0.0382  0.0383  1.0000  -3.8620   0.0000   0.0000   0.0000   0.2695
  12.800   1.1001   0.09647   0.09230  -0.0398  0.0383  1.0000  -3.8194   0.0000   0.0000   0.0000   0.2711
  12.900   1.0907   0.09939   0.09528  -0.0415  0.0384  1.0000  -3.7739   0.0000   0.0000   0.0000   0.2729
  13.000   1.0810   0.10244   0.09838  -0.0435  0.0384  1.0000  -3.7253   0.0000   0.0000   0.0000   0.2749
  13.100   1.0714   0.10562   0.10162  -0.0455  0.0385  1.0000  -3.6728   0.0000   0.0000   0.0000   0.2771
  13.200   1.0615   0.10898   0.10503  -0.0478  0.0385  1.0000  -3.6155   0.0000   0.0000   0.0000   0.2795
  13.300   1.0517   0.11253   0.10862  -0.0503  0.0385  1.0000  -3.5525   0.0000   0.0000   0.0000   0.2822
  13.400   1.0416   0.11635   0.11248  -0.0530  0.0386  1.0000  -3.4819   0.0000   0.0000   0.0000   0.2852
  13.500   1.0317   0.12044   0.11661  -0.0558  0.0386  1.0000  -3.4025   0.0000   0.0000   0.0000   0.2884
  13.600   1.0217   0.12486   0.12105  -0.0589  0.0387  1.0000  -3.3121   0.0000   0.0000   0.0000   0.2920
  13.700   1.0120   0.12946   0.12566  -0.0621  0.0390  1.0000  -3.2113   0.0000   0.0000   0.0000   0.2956
  13.800   1.0032   0.13422   0.13042  -0.0652  0.0394  1.0000  -3.1026   0.0000   0.0000   0.0000   0.2993
  13.900   0.9957   0.13895   0.13514  -0.0680  0.0400  1.0000  -2.9935   0.0000   0.0000   0.0000   0.3026
  14.000   0.9900   0.14311   0.13928  -0.0702  0.0407  1.0000  -2.9029   0.0000   0.0000   0.0000   0.3053
  14.100   0.9855   0.14673   0.14289  -0.0721  0.0415  1.0000  -2.8307   0.0000   0.0000   0.0000   0.3074
  14.200   0.9816   0.15004   0.14618  -0.0735  0.0424  1.0000  -2.7705   0.0000   0.0000   0.0000   0.3092
  14.300   0.9639   0.16359   0.15968  -0.0811  0.0578  1.0000  -2.2635   0.0000   0.0000   0.0000   0.3191
  14.500   0.9533   0.17453   0.17059  -0.0871  0.0771  1.0000  -1.9644   0.0000   0.0000   0.0000   0.3264
  14.600   0.9532   0.17686   0.17291  -0.0882  0.0771  1.0000  -1.9434   0.0000   0.0000   0.0000   0.3275
  14.700   0.9534   0.17910   0.17515  -0.0892  0.0770  1.0000  -1.9255   0.0000   0.0000   0.0000   0.3285
  14.800   0.9538   0.18128   0.17732  -0.0902  0.0768  1.0000  -1.9104   0.0000   0.0000   0.0000   0.3294
  14.900   0.9544   0.18341   0.17945  -0.0912  0.0765  1.0000  -1.8976   0.0000   0.0000   0.0000   0.3302
  15.000   0.9552   0.18550   0.18154  -0.0921  0.0761  1.0000  -1.8870   0.0000   0.0000   0.0000   0.3310
  15.100   0.9562   0.18755   0.18359  -0.0929  0.0756  1.0000  -1.8786   0.0000   0.0000   0.0000   0.3316
  15.200   0.9574   0.18956   0.18559  -0.0937  0.0751  1.0000  -1.8724   0.0000   0.0000   0.0000   0.3322
  15.300   0.9588   0.19153   0.18756  -0.0945  0.0746  1.0000  -1.8686   0.0000   0.0000   0.0000   0.3327
  15.400   0.9605   0.19346   0.18950  -0.0951  0.0740  1.0000  -1.8674   0.0000   0.0000   0.0000   0.3331
  15.500   0.9624   0.19535   0.19139  -0.0957  0.0734  1.0000  -1.8691   0.0000   0.0000   0.0000   0.3334
  15.600   0.9646   0.19720   0.19325  -0.0963  0.0728  1.0000  -1.8740   0.0000   0.0000   0.0000   0.3336
  15.700   0.9671   0.19903   0.19508  -0.0967  0.0722  1.0000  -1.8825   0.0000   0.0000   0.0000   0.3336
  15.800   0.9700   0.20082   0.19688  -0.0970  0.0716  1.0000  -1.8950   0.0000   0.0000   0.0000   0.3335
  15.900   0.9732   0.20259   0.19866  -0.0972  0.0709  1.0000  -1.9114   0.0000   0.0000   0.0000   0.3332
  16.000   0.9768   0.20436   0.20044  -0.0972  0.0703  1.0000  -1.9328   0.0000   0.0000   0.0000   0.3327
  16.100   0.9808   0.20619   0.20228  -0.0971  0.0696  1.0000  -1.9580   0.0000   0.0000   0.0000   0.3321
  16.200   0.9849   0.20814   0.20425  -0.0969  0.0690  1.0000  -1.9865   0.0000   0.0000   0.0000   0.3313
  16.300   0.9897   0.21047   0.20659  -0.0964  0.0683  1.0000  -2.0214   0.0000   0.0000   0.0000   0.3301
  16.400   0.9815   0.21992   0.21598  -0.0972  0.0662  1.0000  -1.9434   0.0000   0.0000   0.0000   0.3318
  16.500   0.9823   0.22219   0.21825  -0.0982  0.0662  1.0000  -1.9288   0.0000   0.0000   0.0000   0.3326
  16.600   0.9831   0.22443   0.22049  -0.0993  0.0661  1.0000  -1.9146   0.0000   0.0000   0.0000   0.3335
  16.700   0.9838   0.22662   0.22268  -0.1003  0.0661  1.0000  -1.9005   0.0000   0.0000   0.0000   0.3343
  16.800   0.9846   0.22878   0.22484  -0.1013  0.0660  1.0000  -1.8866   0.0000   0.0000   0.0000   0.3352
  16.900   0.9854   0.23088   0.22694  -0.1024  0.0659  1.0000  -1.8729   0.0000   0.0000   0.0000   0.3360
  17.000   0.9862   0.23291   0.22897  -0.1034  0.0658  1.0000  -1.8592   0.0000   0.0000   0.0000   0.3369
  17.100   0.9870   0.23486   0.23092  -0.1045  0.0657  1.0000  -1.8454   0.0000   0.0000   0.0000   0.3378
  17.200   0.9877   0.23669   0.23275  -0.1056  0.0655  1.0000  -1.8313   0.0000   0.0000   0.0000   0.3387
  17.300   0.9884   0.23835   0.23441  -0.1068  0.0653  1.0000  -1.8164   0.0000   0.0000   0.0000   0.3397
  17.400   0.9880   0.23977   0.23581  -0.1083  0.0648  1.0000  -1.7925   0.0000   0.0000   0.0000   0.3411
  17.500   0.9864   0.24094   0.23697  -0.1102  0.0641  1.0000  -1.7568   0.0000   0.0000   0.0000   0.3432
  17.600   0.9838   0.24220   0.23822  -0.1123  0.0631  1.0000  -1.7143   0.0000   0.0000   0.0000   0.3454
  17.700   0.9826   0.24392   0.23993  -0.1140  0.0619  1.0000  -1.6823   0.0000   0.0000   0.0000   0.3472
  17.800   0.9825   0.24591   0.24192  -0.1153  0.0608  1.0000  -1.6614   0.0000   0.0000   0.0000   0.3484
  17.900   0.9829   0.24801   0.24402  -0.1163  0.0597  1.0000  -1.6468   0.0000   0.0000   0.0000   0.3493
  18.000   0.9836   0.25014   0.24615  -0.1173  0.0587  1.0000  -1.6362   0.0000   0.0000   0.0000   0.3500
  18.100   0.9844   0.25228   0.24830  -0.1181  0.0578  1.0000  -1.6282   0.0000   0.0000   0.0000   0.3506
  18.200   0.9854   0.25441   0.25043  -0.1189  0.0569  1.0000  -1.6221   0.0000   0.0000   0.0000   0.3512
  18.300   0.9864   0.25654   0.25257  -0.1196  0.0561  1.0000  -1.6176   0.0000   0.0000   0.0000   0.3517
  18.400   0.9874   0.25865   0.25469  -0.1203  0.0553  1.0000  -1.6146   0.0000   0.0000   0.0000   0.3521
  18.500   0.9884   0.26076   0.25679  -0.1210  0.0545  1.0000  -1.6129   0.0000   0.0000   0.0000   0.3525
  18.600   0.9895   0.26284   0.25889  -0.1216  0.0537  1.0000  -1.6125   0.0000   0.0000   0.0000   0.3528
  18.700   0.9906   0.26491   0.26096  -0.1222  0.0530  1.0000  -1.6135   0.0000   0.0000   0.0000   0.3531
  18.800   0.9918   0.26696   0.26302  -0.1228  0.0523  1.0000  -1.6159   0.0000   0.0000   0.0000   0.3534
  18.900   0.9930   0.26900   0.26506  -0.1233  0.0517  1.0000  -1.6198   0.0000   0.0000   0.0000   0.3536
  19.000   0.9942   0.27101   0.26709  -0.1237  0.0510  1.0000  -1.6255   0.0000   0.0000   0.0000   0.3537
  19.100   0.9955   0.27301   0.26910  -0.1241  0.0504  1.0000  -1.6331   0.0000   0.0000   0.0000   0.3538
  19.200   0.9969   0.27499   0.27109  -0.1245  0.0498  1.0000  -1.6428   0.0000   0.0000   0.0000   0.3538
  19.300   0.9984   0.27697   0.27308  -0.1248  0.0492  1.0000  -1.6552   0.0000   0.0000   0.0000   0.3538
  19.400   1.0000   0.27895   0.27507  -0.1250  0.0487  1.0000  -1.6706   0.0000   0.0000   0.0000   0.3536
  19.500   1.0020   0.28095   0.27708  -0.1251  0.0481  1.0000  -1.6899   0.0000   0.0000   0.0000   0.3533
  19.600   1.0044   0.28301   0.27916  -0.1250  0.0476  1.0000  -1.7147   0.0000   0.0000   0.0000   0.3527
  19.700   1.0075   0.28524   0.28141  -0.1247  0.0471  1.0000  -1.7474   0.0000   0.0000   0.0000   0.3519
  19.800   1.0125   0.28796   0.28415  -0.1240  0.0465  1.0000  -1.7945   0.0000   0.0000   0.0000   0.3504
  19.900   1.0167   0.29166   0.28799  -0.1233  0.0458  1.0000  -1.8282   0.0000   0.0000   0.0000   0.3490
  20.000   1.0099   0.30058   0.29686  -0.1237  0.0447  1.0000  -1.7481   0.0000   0.0000   0.0000   0.3502


