xflr5 v6.61

 Calculated polar for: E387

 1 1 Reynolds number fixed          Mach number fixed         

 xtrf =   1.000 (top)        1.000 (bottom)
 Mach =   0.000     Re =     0.050 e 6     Ncrit =   9.000

  alpha     CL        CD       CDp       Cm    Top Xtr Bot Xtr   Cpmin    Chinge    XCp    
 ------- -------- --------- --------- -------- ------- ------- -------- --------- ---------
   0.100   0.2277   0.02768   0.01800  -0.0781  0.9087  1.0000  -0.8125   0.0000   0.0000   0.0000   0.5933
   0.200   0.2407   0.02801   0.01824  -0.0789  0.9056  1.0000  -0.7473   0.0000   0.0000   0.0000   0.5776
   0.300   0.2550   0.02837   0.01850  -0.0798  0.9027  1.0000  -0.6662   0.0000   0.0000   0.0000   0.5626
   0.400   0.2710   0.02875   0.01877  -0.0809  0.8999  1.0000  -0.5304   0.0000   0.0000   0.0000   0.5482
   0.500   0.2890   0.02917   0.01910  -0.0824  0.8972  1.0000  -0.5049   0.0000   0.0000   0.0000   0.5347
   0.600   0.3054   0.02963   0.01946  -0.0837  0.8944  1.0000  -0.5142   0.0000   0.0000   0.0000   0.5234
   0.700   0.3056   0.02987   0.01966  -0.0824  0.8905  1.0000  -0.5134   0.0000   0.0000   0.0000   0.5188
   0.800   0.3101   0.03014   0.01988  -0.0817  0.8864  1.0000  -0.5153   0.0000   0.0000   0.0000   0.5127
   0.900   0.3178   0.03044   0.02012  -0.0816  0.8822  1.0000  -0.5198   0.0000   0.0000   0.0000   0.5057
   1.000   0.3282   0.03076   0.02038  -0.0818  0.8780  1.0000  -0.5266   0.0000   0.0000   0.0000   0.4983
   1.100   0.3408   0.03109   0.02065  -0.0824  0.8739  1.0000  -0.5349   0.0000   0.0000   0.0000   0.4907
   1.200   0.3556   0.03144   0.02094  -0.0834  0.8702  1.0000  -0.5447   0.0000   0.0000   0.0000   0.4831
   1.300   0.3719   0.03182   0.02126  -0.0845  0.8669  1.0000  -0.5555   0.0000   0.0000   0.0000   0.4758
   1.400   0.3892   0.03224   0.02163  -0.0858  0.8641  1.0000  -0.5669   0.0000   0.0000   0.0000   0.4690
   1.500   0.4078   0.03275   0.02208  -0.0874  0.8617  1.0000  -0.5792   0.0000   0.0000   0.0000   0.4626
   1.600   0.4177   0.03324   0.02253  -0.0876  0.8591  1.0000  -0.5856   0.0000   0.0000   0.0000   0.4581
   1.700   0.4160   0.03360   0.02287  -0.0862  0.8561  1.0000  -0.5847   0.0000   0.0000   0.0000   0.4555
   1.800   0.4178   0.03398   0.02323  -0.0853  0.8531  1.0000  -0.5867   0.0000   0.0000   0.0000   0.4524
   1.900   0.4217   0.03439   0.02361  -0.0848  0.8502  1.0000  -0.5901   0.0000   0.0000   0.0000   0.4490
   2.000   0.4272   0.03481   0.02401  -0.0845  0.8472  1.0000  -0.5946   0.0000   0.0000   0.0000   0.4456
   2.100   0.4340   0.03523   0.02441  -0.0843  0.8443  1.0000  -0.5999   0.0000   0.0000   0.0000   0.4421
   2.200   0.4421   0.03566   0.02482  -0.0844  0.8412  1.0000  -0.6062   0.0000   0.0000   0.0000   0.4386
   2.300   0.4522   0.03607   0.02521  -0.0846  0.8378  1.0000  -0.6140   0.0000   0.0000   0.0000   0.4348
   2.400   0.4650   0.03648   0.02560  -0.0853  0.8342  1.0000  -0.6253   0.0000   0.0000   0.0000   0.4309
   2.500   0.4813   0.03688   0.02599  -0.0863  0.8304  1.0000  -0.6395   0.0000   0.0000   0.0000   0.4268
   2.600   0.5011   0.03732   0.02642  -0.0878  0.8267  1.0000  -0.6566   0.0000   0.0000   0.0000   0.4225
   2.700   0.5252   0.03787   0.02698  -0.0898  0.8233  1.0000  -0.6772   0.0000   0.0000   0.0000   0.4183
   2.800   0.5310   0.03842   0.02750  -0.0894  0.8196  1.0000  -0.6833   0.0000   0.0000   0.0000   0.4156
   2.900   0.5256   0.03882   0.02790  -0.0876  0.8155  1.0000  -0.6804   0.0000   0.0000   0.0000   0.4139
   3.000   0.5262   0.03928   0.02836  -0.0867  0.8119  1.0000  -0.6833   0.0000   0.0000   0.0000   0.4119
   3.100   0.5295   0.03978   0.02886  -0.0862  0.8087  1.0000  -0.6886   0.0000   0.0000   0.0000   0.4097
   3.200   0.5345   0.04029   0.02937  -0.0859  0.8057  1.0000  -0.6952   0.0000   0.0000   0.0000   0.4076
   3.300   0.5407   0.04080   0.02989  -0.0858  0.8026  1.0000  -0.7029   0.0000   0.0000   0.0000   0.4054
   3.400   0.5487   0.04130   0.03039  -0.0858  0.7993  1.0000  -0.7120   0.0000   0.0000   0.0000   0.4031
   3.500   0.5592   0.04177   0.03087  -0.0861  0.7956  1.0000  -0.7236   0.0000   0.0000   0.0000   0.4006
   3.600   0.5735   0.04220   0.03132  -0.0868  0.7916  1.0000  -0.7399   0.0000   0.0000   0.0000   0.3979
   3.700   0.5933   0.04262   0.03176  -0.0881  0.7874  1.0000  -0.7629   0.0000   0.0000   0.0000   0.3949
   3.800   0.6187   0.04309   0.03227  -0.0899  0.7833  1.0000  -0.7917   0.0000   0.0000   0.0000   0.3917
   3.900   0.6421   0.04380   0.03302  -0.0915  0.7793  1.0000  -0.8185   0.0000   0.0000   0.0000   0.3888
   4.000   0.6263   0.04432   0.03352  -0.0888  0.7746  1.0000  -0.8066   0.0000   0.0000   0.0000   0.3880
   4.100   0.6222   0.04486   0.03405  -0.0875  0.7700  1.0000  -0.8064   0.0000   0.0000   0.0000   0.3867
   4.200   0.6234   0.04541   0.03462  -0.0868  0.7657  1.0000  -0.8126   0.0000   0.0000   0.0000   0.3852
   4.300   0.6277   0.04596   0.03530  -0.0864  0.7619  1.0000  -0.8222   0.0000   0.0000   0.0000   0.3835
   4.400   0.6340   0.04650   0.03586  -0.0863  0.7581  1.0000  -0.8341   0.0000   0.0000   0.0000   0.3818
   4.500   0.6432   0.04700   0.03638  -0.0864  0.7539  1.0000  -0.8494   0.0000   0.0000   0.0000   0.3800
   4.600   0.6570   0.04742   0.03683  -0.0869  0.7492  1.0000  -0.8703   0.0000   0.0000   0.0000   0.3778
   4.700   0.6781   0.04775   0.03719  -0.0880  0.7443  1.0000  -0.9000   0.0000   0.0000   0.0000   0.3753
   4.800   0.7079   0.04804   0.03755  -0.0898  0.7394  1.0000  -0.9465   0.0000   0.0000   0.0000   0.3723
   4.900   0.7350   0.04867   0.03824  -0.0914  0.7347  1.0000  -0.9912   0.0000   0.0000   0.0000   0.3697
   5.000   0.7116   0.04949   0.03902  -0.0884  0.7291  1.0000  -0.9660   0.0000   0.0000   0.0000   0.3695
   5.100   0.7049   0.05017   0.03971  -0.0870  0.7235  1.0000  -0.9635   0.0000   0.0000   0.0000   0.3686
   5.200   0.7056   0.05079   0.04035  -0.0863  0.7180  1.0000  -0.9712   0.0000   0.0000   0.0000   0.3674
   5.300   0.7110   0.05136   0.04095  -0.0861  0.7127  1.0000  -0.9854   0.0000   0.0000   0.0000   0.3660
   5.400   0.7212   0.05182   0.04145  -0.0861  0.7074  1.0000  -1.0105   0.0000   0.0000   0.0000   0.3643
   5.500   0.7393   0.05208   0.04177  -0.0867  0.7016  1.0000  -1.0500   0.0000   0.0000   0.0000   0.3621
   5.600   0.7685   0.05205   0.04183  -0.0880  0.6958  1.0000  -1.1091   0.0000   0.0000   0.0000   0.3592
   5.700   0.8150   0.05180   0.04174  -0.0904  0.6903  1.0000  -1.2430   0.0000   0.0000   0.0000   0.3555
   5.800   0.7919   0.05321   0.04310  -0.0880  0.6838  1.0000  -1.1955   0.0000   0.0000   0.0000   0.3555
   5.900   0.7769   0.05424   0.04411  -0.0862  0.6769  1.0000  -1.1710   0.0000   0.0000   0.0000   0.3553
   6.000   0.7755   0.05494   0.04484  -0.0854  0.6699  1.0000  -1.1863   0.0000   0.0000   0.0000   0.3544
   6.100   0.7829   0.05539   0.04534  -0.0851  0.6630  1.0000  -1.2279   0.0000   0.0000   0.0000   0.3529
   6.200   0.7992   0.05554   0.04557  -0.0853  0.6565  1.0000  -1.2975   0.0000   0.0000   0.0000   0.3508
   6.300   0.8273   0.05519   0.04534  -0.0860  0.6500  1.0000  -1.4064   0.0000   0.0000   0.0000   0.3479
   6.400   0.8790   0.05386   0.04423  -0.0876  0.6439  1.0000  -1.5974   0.0000   0.0000   0.0000   0.3435
   6.500   0.8691   0.05533   0.04569  -0.0863  0.6367  1.0000  -1.5864   0.0000   0.0000   0.0000   0.3430
   6.600   0.8431   0.05715   0.04745  -0.0844  0.6283  1.0000  -1.5206   0.0000   0.0000   0.0000   0.3438
   6.700   0.8407   0.05794   0.04827  -0.0835  0.6198  1.0000  -1.5336   0.0000   0.0000   0.0000   0.3429
   6.800   0.8538   0.05796   0.04838  -0.0833  0.6115  1.0000  -1.5997   0.0000   0.0000   0.0000   0.3410
   6.900   0.8814   0.05713   0.04770  -0.0832  0.6038  1.0000  -1.7485   0.0000   0.0000   0.0000   0.3378
   7.000   0.9383   0.05436   0.04521  -0.0838  0.5970  1.0000  -2.0930   0.0000   0.0000   0.0000   0.3325
   7.100   0.9517   0.05446   0.04541  -0.0830  0.5895  1.0000  -2.2075   0.0000   0.0000   0.0000   0.3303
   7.200   0.9102   0.05808   0.04888  -0.0816  0.5798  1.0000  -2.0111   0.0000   0.0000   0.0000   0.3327
   7.300   0.9052   0.05910   0.04993  -0.0807  0.5700  1.0000  -2.0192   0.0000   0.0000   0.0000   0.3321
   7.400   0.9246   0.05830   0.04926  -0.0800  0.5604  1.0000  -2.1666   0.0000   0.0000   0.0000   0.3293
   7.500   0.9863   0.05379   0.04512  -0.0792  0.5517  1.0000  -2.5676   0.0000   0.0000   0.0000   0.3229
   7.700   0.9954   0.05457   0.04605  -0.0771  0.5333  1.0000  -2.7025   0.0000   0.0000   0.0000   0.3198
   7.800   0.9767   0.05709   0.04852  -0.0765  0.5224  1.0000  -2.6261   0.0000   0.0000   0.0000   0.3206
   7.900   1.0276   0.05228   0.04406  -0.0744  0.5108  1.0000  -2.9820   0.0000   0.0000   0.0000   0.3146
   8.000   1.1126   0.04169   0.03517  -0.0697  0.4812  1.0000  -3.8328   0.0000   0.0000   0.0000   0.3045
   8.100   1.1721   0.03383   0.02743  -0.0665  0.4463  1.0000  -4.3027   0.0000   0.0000   0.0000   0.2982
   8.200   1.1668   0.03459   0.02837  -0.0648  0.4281  1.0000  -4.3126   0.0000   0.0000   0.0000   0.2969
   8.300   1.1824   0.03209   0.02569  -0.0619  0.3900  1.0000  -4.4684   0.0000   0.0000   0.0000   0.2935
   8.400   1.1850   0.03125   0.02449  -0.0592  0.3505  1.0000  -4.5371   0.0000   0.0000   0.0000   0.2908
   8.500   1.1812   0.03150   0.02445  -0.0567  0.3154  1.0000  -4.5595   0.0000   0.0000   0.0000   0.2888
   8.600   1.1753   0.03224   0.02495  -0.0546  0.2829  1.0000  -4.5640   0.0000   0.0000   0.0000   0.2870
   8.700   1.1684   0.03321   0.02555  -0.0526  0.2529  1.0000  -4.5627   0.0000   0.0000   0.0000   0.2854
   8.800   1.1605   0.03435   0.02625  -0.0507  0.2281  1.0000  -4.5588   0.0000   0.0000   0.0000   0.2839
   8.900   1.1528   0.03546   0.02729  -0.0490  0.2052  1.0000  -4.5408   0.0000   0.0000   0.0000   0.2826
   9.000   1.1444   0.03684   0.02827  -0.0472  0.1856  1.0000  -4.5182   0.0000   0.0000   0.0000   0.2812
   9.100   1.1365   0.03812   0.02950  -0.0458  0.1661  1.0000  -4.4876   0.0000   0.0000   0.0000   0.2801
   9.200   1.1284   0.03972   0.03077  -0.0444  0.1482  1.0000  -4.4486   0.0000   0.0000   0.0000   0.2790
   9.300   1.1211   0.04117   0.03214  -0.0434  0.1314  1.0000  -4.4045   0.0000   0.0000   0.0000   0.2782
   9.400   1.1154   0.04304   0.03374  -0.0419  0.1139  1.0000  -4.3176   0.0000   0.0000   0.0000   0.2770
   9.500   1.1127   0.04448   0.03511  -0.0409  0.1012  1.0000  -4.2560   0.0000   0.0000   0.0000   0.2760
   9.600   1.1206   0.04618   0.03662  -0.0393  0.0873  1.0000  -4.1777   0.0000   0.0000   0.0000   0.2742
   9.700   1.1324   0.04725   0.03780  -0.0383  0.0794  1.0000  -4.1502   0.0000   0.0000   0.0000   0.2729
   9.800   1.1449   0.04836   0.03891  -0.0376  0.0740  1.0000  -4.1582   0.0000   0.0000   0.0000   0.2718
   9.900   1.1940   0.05277   0.04335  -0.0397  0.0665  1.0000  -4.1816   0.0000   0.0000   0.0000   0.2721
  10.000   1.2033   0.05467   0.04537  -0.0394  0.0658  1.0000  -4.1829   0.0000   0.0000   0.0000   0.2715
  10.100   1.2095   0.05623   0.04710  -0.0389  0.0653  1.0000  -4.1873   0.0000   0.0000   0.0000   0.2707
  10.200   1.2141   0.05784   0.04888  -0.0383  0.0650  1.0000  -4.1889   0.0000   0.0000   0.0000   0.2700
  10.300   1.2173   0.05948   0.05069  -0.0377  0.0647  1.0000  -4.1881   0.0000   0.0000   0.0000   0.2693
  10.400   1.2193   0.06115   0.05252  -0.0370  0.0646  1.0000  -4.1852   0.0000   0.0000   0.0000   0.2686
  10.500   1.2199   0.06280   0.05433  -0.0363  0.0645  1.0000  -4.1800   0.0000   0.0000   0.0000   0.2679
  10.600   1.2192   0.06444   0.05611  -0.0355  0.0645  1.0000  -4.1728   0.0000   0.0000   0.0000   0.2672
  10.700   1.2176   0.06609   0.05790  -0.0347  0.0645  1.0000  -4.1638   0.0000   0.0000   0.0000   0.2665
  10.800   1.2149   0.06773   0.05967  -0.0340  0.0645  1.0000  -4.1531   0.0000   0.0000   0.0000   0.2658
  10.900   1.2114   0.06940   0.06146  -0.0332  0.0646  1.0000  -4.1409   0.0000   0.0000   0.0000   0.2651
  11.000   1.2073   0.07107   0.06326  -0.0326  0.0647  1.0000  -4.1271   0.0000   0.0000   0.0000   0.2646
  11.100   1.2025   0.07278   0.06508  -0.0320  0.0648  1.0000  -4.1117   0.0000   0.0000   0.0000   0.2641
  11.200   1.1971   0.07452   0.06693  -0.0315  0.0649  1.0000  -4.0947   0.0000   0.0000   0.0000   0.2636
  11.300   1.1911   0.07630   0.06880  -0.0311  0.0650  1.0000  -4.0762   0.0000   0.0000   0.0000   0.2633
  11.400   1.1848   0.07812   0.07072  -0.0308  0.0651  1.0000  -4.0562   0.0000   0.0000   0.0000   0.2631
  11.500   1.1780   0.08001   0.07270  -0.0306  0.0652  1.0000  -4.0346   0.0000   0.0000   0.0000   0.2630
  11.600   1.1711   0.08197   0.07476  -0.0306  0.0654  1.0000  -4.0115   0.0000   0.0000   0.0000   0.2630
  11.700   1.1638   0.08402   0.07689  -0.0307  0.0655  1.0000  -3.9867   0.0000   0.0000   0.0000   0.2631
  11.800   1.1564   0.08615   0.07910  -0.0309  0.0657  1.0000  -3.9602   0.0000   0.0000   0.0000   0.2633
  11.900   1.1488   0.08837   0.08140  -0.0312  0.0659  1.0000  -3.9318   0.0000   0.0000   0.0000   0.2637
  12.000   1.1411   0.09069   0.08378  -0.0317  0.0660  1.0000  -3.9016   0.0000   0.0000   0.0000   0.2641
  12.100   1.1333   0.09313   0.08629  -0.0322  0.0662  1.0000  -3.8691   0.0000   0.0000   0.0000   0.2647
  12.200   1.1265   0.09496   0.08828  -0.0328  0.0664  1.0000  -3.8480   0.0000   0.0000   0.0000   0.2652
  12.300   1.1196   0.09676   0.09016  -0.0335  0.0666  1.0000  -3.8269   0.0000   0.0000   0.0000   0.2659
  12.400   1.1123   0.09867   0.09213  -0.0343  0.0668  1.0000  -3.8028   0.0000   0.0000   0.0000   0.2667
  12.500   1.1047   0.10068   0.09421  -0.0353  0.0671  1.0000  -3.7752   0.0000   0.0000   0.0000   0.2677
  12.600   1.0964   0.10283   0.09643  -0.0366  0.0673  1.0000  -3.7429   0.0000   0.0000   0.0000   0.2689
  12.700   1.0874   0.10517   0.09883  -0.0380  0.0676  1.0000  -3.7046   0.0000   0.0000   0.0000   0.2704
  12.800   1.0775   0.10774   0.10148  -0.0398  0.0680  1.0000  -3.6580   0.0000   0.0000   0.0000   0.2723
  12.900   1.0662   0.11069   0.10449  -0.0421  0.0685  1.0000  -3.5988   0.0000   0.0000   0.0000   0.2747
  13.000   1.0528   0.11423   0.10809  -0.0449  0.0691  1.0000  -3.5199   0.0000   0.0000   0.0000   0.2778
  13.100   1.0366   0.11880   0.11270  -0.0487  0.0702  1.0000  -3.4076   0.0000   0.0000   0.0000   0.2821
  13.200   1.0168   0.12493   0.11887  -0.0537  0.0718  1.0000  -3.2482   0.0000   0.0000   0.0000   0.2880
  13.300   0.9910   0.13384   0.12774  -0.0608  0.0748  1.0000  -3.0052   0.0000   0.0000   0.0000   0.2967
  13.400   0.9801   0.13948   0.13334  -0.0644  0.0767  1.0000  -2.8731   0.0000   0.0000   0.0000   0.3013
  13.500   0.9738   0.14356   0.13737  -0.0669  0.0781  1.0000  -2.7875   0.0000   0.0000   0.0000   0.3042
  13.600   0.9693   0.14705   0.14084  -0.0688  0.0793  1.0000  -2.7194   0.0000   0.0000   0.0000   0.3065
  13.700   0.9660   0.15025   0.14400  -0.0705  0.0804  1.0000  -2.6615   0.0000   0.0000   0.0000   0.3084
  13.800   0.9635   0.15325   0.14698  -0.0720  0.0814  1.0000  -2.6107   0.0000   0.0000   0.0000   0.3101
  13.900   0.9618   0.15611   0.14982  -0.0733  0.0825  1.0000  -2.5658   0.0000   0.0000   0.0000   0.3116
  14.000   0.9606   0.15886   0.15256  -0.0745  0.0836  1.0000  -2.5260   0.0000   0.0000   0.0000   0.3129
  14.100   0.9601   0.16153   0.15521  -0.0756  0.0847  1.0000  -2.4913   0.0000   0.0000   0.0000   0.3139
  14.200   0.9601   0.16412   0.15780  -0.0765  0.0858  1.0000  -2.4618   0.0000   0.0000   0.0000   0.3148
  14.300   0.9608   0.16667   0.16034  -0.0772  0.0870  1.0000  -2.4379   0.0000   0.0000   0.0000   0.3154
  14.400   0.9622   0.16922   0.16289  -0.0776  0.0883  1.0000  -2.4214   0.0000   0.0000   0.0000   0.3156
  14.500   0.9653   0.17195   0.16563  -0.0775  0.0899  1.0000  -2.4184   0.0000   0.0000   0.0000   0.3151
  14.600   0.9535   0.17711   0.17075  -0.0836  0.0991  1.0000  -2.2153   0.0000   0.0000   0.0000   0.3227
  14.700   0.9455   0.18173   0.17530  -0.0869  0.1057  1.0000  -2.0990   0.0000   0.0000   0.0000   0.3270
  14.800   0.9464   0.18510   0.17867  -0.0880  0.1115  1.0000  -2.0586   0.0000   0.0000   0.0000   0.3279
  14.900   0.9296   0.19437   0.18792  -0.0959  0.1696  1.0000  -1.7812   0.0000   0.0000   0.0000   0.3386
  15.000   0.9296   0.19677   0.19031  -0.0971  0.1722  1.0000  -1.7566   0.0000   0.0000   0.0000   0.3397
  15.100   0.9304   0.19911   0.19265  -0.0980  0.1741  1.0000  -1.7376   0.0000   0.0000   0.0000   0.3405
  15.200   0.9314   0.20134   0.19488  -0.0988  0.1752  1.0000  -1.7218   0.0000   0.0000   0.0000   0.3411
  15.300   0.9325   0.20343   0.19697  -0.0996  0.1754  1.0000  -1.7075   0.0000   0.0000   0.0000   0.3417
  15.400   0.9334   0.20541   0.19894  -0.1004  0.1750  1.0000  -1.6943   0.0000   0.0000   0.0000   0.3424
  15.500   0.9344   0.20731   0.20085  -0.1012  0.1742  1.0000  -1.6822   0.0000   0.0000   0.0000   0.3430
  15.600   0.9355   0.20920   0.20274  -0.1019  0.1731  1.0000  -1.6712   0.0000   0.0000   0.0000   0.3435
  15.700   0.9367   0.21109   0.20463  -0.1026  0.1719  1.0000  -1.6614   0.0000   0.0000   0.0000   0.3440
  15.800   0.9382   0.21300   0.20654  -0.1033  0.1707  1.0000  -1.6529   0.0000   0.0000   0.0000   0.3444
  15.900   0.9398   0.21493   0.20847  -0.1039  0.1694  1.0000  -1.6456   0.0000   0.0000   0.0000   0.3447
  16.000   0.9417   0.21688   0.21042  -0.1044  0.1682  1.0000  -1.6395   0.0000   0.0000   0.0000   0.3450
  16.100   0.9438   0.21885   0.21241  -0.1050  0.1669  1.0000  -1.6348   0.0000   0.0000   0.0000   0.3452
  16.200   0.9461   0.22086   0.21442  -0.1054  0.1656  1.0000  -1.6317   0.0000   0.0000   0.0000   0.3452
  16.300   0.9488   0.22292   0.21649  -0.1058  0.1643  1.0000  -1.6305   0.0000   0.0000   0.0000   0.3452
  16.400   0.9518   0.22504   0.21862  -0.1062  0.1630  1.0000  -1.6315   0.0000   0.0000   0.0000   0.3451
  16.500   0.9555   0.22728   0.22088  -0.1064  0.1616  1.0000  -1.6353   0.0000   0.0000   0.0000   0.3447
  16.600   0.9599   0.22971   0.22332  -0.1065  0.1603  1.0000  -1.6428   0.0000   0.0000   0.0000   0.3442
  16.700   0.9654   0.23248   0.22611  -0.1064  0.1590  1.0000  -1.6550   0.0000   0.0000   0.0000   0.3433
  16.800   0.9728   0.23589   0.22956  -0.1060  0.1576  1.0000  -1.6743   0.0000   0.0000   0.0000   0.3420
  16.900   0.9838   0.24083   0.23454  -0.1053  0.1562  1.0000  -1.7059   0.0000   0.0000   0.0000   0.3399
  17.000   1.0013   0.25009   0.24387  -0.1038  0.1544  1.0000  -1.7585   0.0000   0.0000   0.0000   0.3365
  17.100   1.0085   0.25977   0.25352  -0.1035  0.1532  1.0000  -1.7659   0.0000   0.0000   0.0000   0.3354
  17.200   1.0067   0.26078   0.25452  -0.1047  0.1530  1.0000  -1.7466   0.0000   0.0000   0.0000   0.3367
  17.300   1.0046   0.26158   0.25531  -0.1059  0.1528  1.0000  -1.7265   0.0000   0.0000   0.0000   0.3379
  17.400   1.0021   0.26213   0.25585  -0.1072  0.1526  1.0000  -1.7052   0.0000   0.0000   0.0000   0.3393
  17.500   0.9986   0.26228   0.25599  -0.1085  0.1523  1.0000  -1.6809   0.0000   0.0000   0.0000   0.3408
  17.600   0.9936   0.26188   0.25556  -0.1099  0.1519  1.0000  -1.6521   0.0000   0.0000   0.0000   0.3427
  17.700   0.9865   0.26077   0.25443  -0.1114  0.1512  1.0000  -1.6177   0.0000   0.0000   0.0000   0.3448
  17.800   0.9790   0.25944   0.25307  -0.1131  0.1502  1.0000  -1.5804   0.0000   0.0000   0.0000   0.3472
  17.900   0.9729   0.25866   0.25227  -0.1148  0.1484  1.0000  -1.5455   0.0000   0.0000   0.0000   0.3496
  18.000   0.9699   0.25918   0.25278  -0.1162  0.1462  1.0000  -1.5220   0.0000   0.0000   0.0000   0.3512
  18.100   0.9689   0.26051   0.25411  -0.1172  0.1440  1.0000  -1.5074   0.0000   0.0000   0.0000   0.3522
  18.200   0.9689   0.26218   0.25579  -0.1180  0.1420  1.0000  -1.4976   0.0000   0.0000   0.0000   0.3529
  18.300   0.9694   0.26400   0.25762  -0.1186  0.1400  1.0000  -1.4907   0.0000   0.0000   0.0000   0.3533
  18.400   0.9702   0.26591   0.25953  -0.1192  0.1381  1.0000  -1.4859   0.0000   0.0000   0.0000   0.3537
  18.500   0.9712   0.26786   0.26149  -0.1197  0.1363  1.0000  -1.4829   0.0000   0.0000   0.0000   0.3539
  18.600   0.9725   0.26985   0.26349  -0.1202  0.1346  1.0000  -1.4817   0.0000   0.0000   0.0000   0.3541
  18.700   0.9740   0.27187   0.26553  -0.1205  0.1329  1.0000  -1.4822   0.0000   0.0000   0.0000   0.3541
  18.800   0.9757   0.27394   0.26761  -0.1208  0.1313  1.0000  -1.4849   0.0000   0.0000   0.0000   0.3540
  18.900   0.9778   0.27608   0.26977  -0.1210  0.1298  1.0000  -1.4899   0.0000   0.0000   0.0000   0.3538
  19.000   0.9804   0.27833   0.27204  -0.1210  0.1283  1.0000  -1.4979   0.0000   0.0000   0.0000   0.3534
  19.100   0.9836   0.28079   0.27453  -0.1210  0.1269  1.0000  -1.5099   0.0000   0.0000   0.0000   0.3528
  19.200   0.9881   0.28366   0.27742  -0.1208  0.1255  1.0000  -1.5276   0.0000   0.0000   0.0000   0.3519
  19.300   0.9950   0.28744   0.28124  -0.1202  0.1242  1.0000  -1.5559   0.0000   0.0000   0.0000   0.3504
  19.400   1.0109   0.29506   0.28891  -0.1190  0.1225  1.0000  -1.6171   0.0000   0.0000   0.0000   0.3471
  19.500   1.0317   0.31108   0.30493  -0.1178  0.1207  1.0000  -1.6773   0.0000   0.0000   0.0000   0.3436
  19.600   1.0293   0.31207   0.30592  -0.1188  0.1206  1.0000  -1.6586   0.0000   0.0000   0.0000   0.3446
  19.700   1.0267   0.31292   0.30677  -0.1197  0.1204  1.0000  -1.6391   0.0000   0.0000   0.0000   0.3456
  19.800   1.0234   0.31355   0.30740  -0.1206  0.1203  1.0000  -1.6179   0.0000   0.0000   0.0000   0.3468
  19.900   1.0191   0.31389   0.30773  -0.1215  0.1201  1.0000  -1.5939   0.0000   0.0000   0.0000   0.3480
  20.000   1.0133   0.31381   0.30766  -0.1224  0.1199  1.0000  -1.5663   0.0000   0.0000   0.0000   0.3494


