  
       XFOIL         Version 6.99
  
 Calculated polar for: GOE 382 AIRFOIL                                 
  
 1 1 Reynolds number fixed          Mach number fixed         
  
 xtrf =   1.000 (top)        1.000 (bottom)  
 Mach =   0.000     Re =     0.325 e 6     Ncrit =   9.000  9.000
  
   alpha    CL        CD       CDp       CM     Top_Xtr  Bot_Xtr  Top_Itr  Bot_Itr
  ------ -------- --------- --------- -------- -------- -------- -------- --------
   0.000   0.5814   0.01217   0.00325  -0.0979   0.5490   0.6943  59.8925 257.2025
   0.000   0.5814   0.01217   0.00325  -0.0979   0.5490   0.6944  59.8925 257.2044
   0.000   0.5814   0.01217   0.00325  -0.0979   0.5490   0.6944  59.8925 257.2044
   0.000   0.5814   0.01217   0.00325  -0.0979   0.5490   0.6944  59.8925 257.2044
   0.000   0.5814   0.01217   0.00325  -0.0979   0.5490   0.6944  59.8925 257.2044
   1.000   0.6786   0.01209   0.00347  -0.0940   0.5280   0.8993  61.8575 274.9069
   1.000   0.6786   0.01209   0.00347  -0.0940   0.5280   0.8993  61.8575 274.9069
   1.000   0.6786   0.01209   0.00347  -0.0940   0.5280   0.8993  61.8575 274.9069
   1.000   0.6786   0.01209   0.00347  -0.0940   0.5280   0.8993  61.8575 274.9069
   1.000   0.6786   0.01209   0.00347  -0.0940   0.5280   0.8993  61.8575 274.9069
   2.000   0.8322   0.01276   0.00370  -0.1026   0.5051   0.9819  64.0401 291.4866
   2.000   0.8322   0.01276   0.00370  -0.1026   0.5051   0.9819  64.0401 291.4880
   2.000   0.8322   0.01276   0.00370  -0.1026   0.5051   0.9819  64.0401 291.4880
   2.000   0.8322   0.01276   0.00370  -0.1026   0.5051   0.9819  64.0401 291.4880
   2.000   0.8322   0.01276   0.00370  -0.1026   0.5051   0.9819  64.0401 291.4880
   3.000   0.9735   0.01338   0.00376  -0.1104   0.4821   1.0000  66.2697 300.0000
   3.000   0.9735   0.01338   0.00376  -0.1104   0.4821   1.0000  66.2697 300.0000
   3.000   0.9735   0.01338   0.00376  -0.1104   0.4821   1.0000  66.2697 300.0000
   3.000   0.9735   0.01338   0.00376  -0.1104   0.4821   1.0000  66.2697 300.0000
   3.000   0.9735   0.01338   0.00376  -0.1104   0.4821   1.0000  66.2697 300.0000
   4.000   1.0427   0.01402   0.00361  -0.1033   0.4634   1.0000  68.0943 300.0000
   4.000   1.0427   0.01402   0.00361  -0.1033   0.4634   1.0000  68.0943 300.0000
   4.000   1.0427   0.01402   0.00361  -0.1033   0.4634   1.0000  68.0943 300.0000
   4.000   1.0427   0.01402   0.00361  -0.1033   0.4634   1.0000  68.0943 300.0000
   4.000   1.0427   0.01402   0.00361  -0.1033   0.4634   1.0000  68.0943 300.0000
   5.000   1.1183   0.01485   0.00362  -0.0976   0.4455   1.0000  69.8442 300.0000
   5.000   1.1183   0.01485   0.00362  -0.0976   0.4455   1.0000  69.8442 300.0000
   5.000   1.1183   0.01485   0.00362  -0.0976   0.4455   1.0000  69.8442 300.0000
   5.000   1.1183   0.01485   0.00362  -0.0976   0.4455   1.0000  69.8442 300.0000
   5.000   1.1183   0.01485   0.00362  -0.0976   0.4455   1.0000  69.8442 300.0000
   6.000   1.1988   0.01588   0.00376  -0.0932   0.4291   1.0000  71.4549 300.0000
   6.000   1.1988   0.01588   0.00376  -0.0932   0.4291   1.0000  71.4549 300.0000
   6.000   1.1988   0.01588   0.00376  -0.0932   0.4291   1.0000  71.4549 300.0000
   6.000   1.1988   0.01588   0.00376  -0.0932   0.4291   1.0000  71.4549 300.0000
   6.000   1.1988   0.01588   0.00376  -0.0932   0.4291   1.0000  71.4549 300.0000
   7.000   1.2820   0.01707   0.00390  -0.0897   0.4144   1.0000  72.9002 300.0000
   7.000   1.2820   0.01707   0.00390  -0.0897   0.4144   1.0000  72.9002 300.0000
   7.000   1.2820   0.01707   0.00390  -0.0897   0.4144   1.0000  72.9002 300.0000
   7.000   1.2820   0.01707   0.00390  -0.0897   0.4144   1.0000  72.9002 300.0000
   7.000   1.2820   0.01707   0.00390  -0.0897   0.4144   1.0000  72.9002 300.0000
   8.000   1.3618   0.01851   0.00423  -0.0862   0.4005   1.0000  74.2769 300.0000
   8.000   1.3618   0.01851   0.00423  -0.0862   0.4005   1.0000  74.2768 300.0000
   8.000   1.3618   0.01851   0.00423  -0.0862   0.4005   1.0000  74.2768 300.0000
   8.000   1.3618   0.01851   0.00423  -0.0862   0.4005   1.0000  74.2768 300.0000
   8.000   1.3618   0.01851   0.00423  -0.0862   0.4005   1.0000  74.2768 300.0000
   9.000   1.4393   0.02017   0.00461  -0.0829   0.3873   1.0000  75.5844 300.0000
   9.000   1.4393   0.02017   0.00461  -0.0829   0.3873   1.0000  75.5844 300.0000
   9.000   1.4393   0.02017   0.00461  -0.0829   0.3873   1.0000  75.5844 300.0000
   9.000   1.4393   0.02017   0.00461  -0.0829   0.3873   1.0000  75.5844 300.0000
   9.000   1.4393   0.02017   0.00461  -0.0829   0.3873   1.0000  75.5844 300.0000
  10.000   1.5166   0.02200   0.00497  -0.0801   0.3751   1.0000  76.8008 300.0000
  10.000   1.5166   0.02200   0.00497  -0.0801   0.3751   1.0000  76.8008 300.0000
  10.000   1.5166   0.02200   0.00497  -0.0801   0.3751   1.0000  76.8008 300.0000
  10.000   1.5166   0.02200   0.00497  -0.0801   0.3751   1.0000  76.8008 300.0000
  10.000   1.5166   0.02200   0.00497  -0.0801   0.3751   1.0000  76.8008 300.0000
  11.000   1.5847   0.02419   0.00537  -0.0765   0.3622   1.0000  78.0960 300.0000
  11.000   1.5847   0.02419   0.00537  -0.0765   0.3622   1.0000  78.0960 300.0000
  11.000   1.5847   0.02419   0.00537  -0.0765   0.3622   1.0000  78.0960 300.0000
  11.000   1.5847   0.02419   0.00537  -0.0765   0.3622   1.0000  78.0960 300.0000
  11.000   1.5847   0.02419   0.00537  -0.0765   0.3622   1.0000  78.0960 300.0000
  12.000   1.6232   0.02756   0.00632  -0.0703   0.3466   1.0000  79.6879 300.0000
  12.000   1.6232   0.02756   0.00632  -0.0703   0.3466   1.0000  79.6879 300.0000
  12.000   1.6232   0.02756   0.00632  -0.0703   0.3466   1.0000  79.6879 300.0000
  12.000   1.6232   0.02756   0.00632  -0.0703   0.3466   1.0000  79.6879 300.0000
  12.000   1.6232   0.02756   0.00632  -0.0703   0.3466   1.0000  79.6879 300.0000
  13.000   1.6696   0.03120   0.00730  -0.0662   0.3328   1.0000  81.1041 300.0000
  13.000   1.6696   0.03120   0.00730  -0.0662   0.3328   1.0000  81.1042 300.0000
  13.000   1.6696   0.03120   0.00730  -0.0662   0.3328   1.0000  81.1042 300.0000
  13.000   1.6696   0.03120   0.00730  -0.0662   0.3328   1.0000  81.1042 300.0000
  13.000   1.6696   0.03120   0.00730  -0.0662   0.3328   1.0000  81.1042 300.0000
  14.000   1.6909   0.03690   0.00963  -0.0613   0.3172   1.0000  82.7432 300.0000
  14.000   1.6909   0.03689   0.00963  -0.0613   0.3172   1.0000  82.7430 300.0000
  14.000   1.6909   0.03689   0.00963  -0.0613   0.3172   1.0000  82.7430 300.0000
  14.000   1.6909   0.03689   0.00963  -0.0613   0.3172   1.0000  82.7430 300.0000
  14.000   1.6909   0.03689   0.00963  -0.0613   0.3172   1.0000  82.7430 300.0000
  15.000   1.7063   0.04409   0.01295  -0.0579   0.3010   1.0000  84.4657 300.0000
  15.000   1.7063   0.04409   0.01295  -0.0579   0.3010   1.0000  84.4660 300.0000
  15.000   1.7063   0.04409   0.01295  -0.0579   0.3010   1.0000  84.4660 300.0000
  15.000   1.7063   0.04409   0.01295  -0.0579   0.3010   1.0000  84.4660 300.0000
  15.000   1.7063   0.04409   0.01295  -0.0579   0.3010   1.0000  84.4660 300.0000
  16.000   1.7114   0.05311   0.01760  -0.0554   0.2835   1.0000  86.3599 300.0000
  16.000   1.7114   0.05311   0.01760  -0.0554   0.2835   1.0000  86.3596 300.0000
  16.000   1.7114   0.05311   0.01760  -0.0554   0.2835   1.0000  86.3595 300.0000
  16.000   1.7114   0.05311   0.01760  -0.0554   0.2835   1.0000  86.3595 300.0000
  16.000   1.7114   0.05311   0.01760  -0.0554   0.2835   1.0000  86.3595 300.0000
  17.000   1.6990   0.06473   0.02445  -0.0539   0.2635   1.0000  88.5817 300.0000
  17.000   1.6990   0.06473   0.02445  -0.0539   0.2635   1.0000  88.5819 300.0000
  17.000   1.6990   0.06473   0.02445  -0.0539   0.2635   1.0000  88.5820 300.0000
  17.000   1.6990   0.06473   0.02445  -0.0539   0.2635   1.0000  88.5820 300.0000
  17.000   1.6990   0.06473   0.02445  -0.0539   0.2635   1.0000  88.5820 300.0000
  18.000   1.6726   0.07865   0.03356  -0.0534   0.2405   1.0000  91.1988 300.0000
  18.000   1.6726   0.07866   0.03356  -0.0534   0.2405   1.0000  91.1991 300.0000
  18.000   1.6726   0.07866   0.03356  -0.0534   0.2405   1.0000  91.1992 300.0000
  18.000   1.6726   0.07866   0.03356  -0.0534   0.2405   1.0000  91.1992 300.0000
  18.000   1.6726   0.07866   0.03356  -0.0534   0.2405   1.0000  91.1992 300.0000
  19.000   1.6241   0.09609   0.04686  -0.0542   0.2124   1.0000  94.5305 300.0000
  19.000   1.6240   0.09609   0.04686  -0.0542   0.2124   1.0000  94.5302 300.0000
  19.000   1.6240   0.09609   0.04686  -0.0542   0.2124   1.0000  94.5301 300.0000
  19.000   1.6240   0.09609   0.04686  -0.0542   0.2124   1.0000  94.5301 300.0000
  19.000   1.6240   0.09609   0.04686  -0.0542   0.2124   1.0000  94.5301 300.0000
