  
       XFOIL         Version 6.99
  
 Calculated polar for: AH 94-W-301                                     
  
 1 1 Reynolds number fixed          Mach number fixed         
  
 xtrf =   1.000 (top)        1.000 (bottom)  
 Mach =   0.000     Re =     0.525 e 6     Ncrit =   9.000  9.000
  
   alpha    CL        CD       CDp       CM     Top_Xtr  Bot_Xtr  Top_Itr  Bot_Itr
  ------ -------- --------- --------- -------- -------- -------- -------- --------
   0.000   0.2445   0.01362   0.00378  -0.0869   0.4960   0.4416  24.2173 132.2781
   0.000   0.2445   0.01362   0.00378  -0.0869   0.4960   0.4416  24.2173 132.2779
   0.000   0.2445   0.01362   0.00378  -0.0869   0.4960   0.4416  24.2173 132.2779
   0.000   0.2445   0.01362   0.00378  -0.0869   0.4960   0.4416  24.2173 132.2779
   0.000   0.2445   0.01362   0.00378  -0.0869   0.4960   0.4416  24.2173 132.2779
   1.000   0.3714   0.01374   0.00372  -0.0902   0.4844   0.4531  24.7770 132.8655
   1.000   0.3714   0.01374   0.00372  -0.0902   0.4844   0.4531  24.7772 132.8655
   1.000   0.3714   0.01374   0.00372  -0.0902   0.4844   0.4531  24.7772 132.8655
   1.000   0.3714   0.01374   0.00372  -0.0902   0.4844   0.4531  24.7772 132.8655
   1.000   0.3714   0.01374   0.00372  -0.0902   0.4844   0.4531  24.7772 132.8655
   2.000   0.4970   0.01391   0.00378  -0.0932   0.4738   0.4648  25.2956 133.4549
   2.000   0.4970   0.01391   0.00378  -0.0932   0.4738   0.4648  25.2957 133.4549
   2.000   0.4970   0.01391   0.00378  -0.0932   0.4738   0.4648  25.2957 133.4549
   2.000   0.4970   0.01391   0.00378  -0.0932   0.4738   0.4648  25.2957 133.4549
   2.000   0.4970   0.01391   0.00378  -0.0932   0.4738   0.4648  25.2957 133.4549
   3.000   0.6222   0.01421   0.00371  -0.0960   0.4629   0.4759  25.8334 134.0079
   3.000   0.6222   0.01421   0.00371  -0.0960   0.4629   0.4759  25.8334 134.0079
   3.000   0.6222   0.01421   0.00371  -0.0960   0.4629   0.4759  25.8334 134.0079
   3.000   0.6222   0.01421   0.00371  -0.0960   0.4629   0.4759  25.8334 134.0079
   3.000   0.6222   0.01421   0.00371  -0.0960   0.4629   0.4759  25.8334 134.0079
   4.000   0.7448   0.01445   0.00384  -0.0982   0.4526   0.4888  26.3542 134.6298
   4.000   0.7448   0.01445   0.00384  -0.0982   0.4526   0.4888  26.3542 134.6298
   4.000   0.7448   0.01445   0.00384  -0.0982   0.4526   0.4888  26.3542 134.6298
   4.000   0.7448   0.01445   0.00384  -0.0982   0.4526   0.4888  26.3542 134.6298
   4.000   0.7448   0.01445   0.00384  -0.0982   0.4526   0.4888  26.3542 134.6298
   5.000   0.8666   0.01482   0.00379  -0.1003   0.4420   0.5009  26.8926 135.2074
   5.000   0.8666   0.01482   0.00379  -0.1003   0.4420   0.5009  26.8926 135.2075
   5.000   0.8666   0.01482   0.00379  -0.1003   0.4420   0.5009  26.8926 135.2075
   5.000   0.8666   0.01482   0.00379  -0.1003   0.4420   0.5009  26.8926 135.2075
   5.000   0.8666   0.01482   0.00379  -0.1003   0.4420   0.5009  26.8926 135.2075
   6.000   0.9851   0.01528   0.00395  -0.1016   0.4322   0.5137  27.3975 135.8091
   6.000   0.9851   0.01528   0.00395  -0.1016   0.4322   0.5137  27.3976 135.8090
   6.000   0.9851   0.01528   0.00395  -0.1016   0.4322   0.5137  27.3976 135.8090
   6.000   0.9851   0.01528   0.00395  -0.1016   0.4322   0.5137  27.3976 135.8090
   6.000   0.9851   0.01528   0.00395  -0.1016   0.4322   0.5137  27.3976 135.8090
   7.000   1.1023   0.01585   0.00396  -0.1028   0.4213   0.5263  27.9665 136.3908
   7.000   1.1023   0.01585   0.00396  -0.1028   0.4213   0.5263  27.9665 136.3908
   7.000   1.1023   0.01585   0.00396  -0.1028   0.4213   0.5263  27.9665 136.3908
   7.000   1.1023   0.01585   0.00396  -0.1028   0.4213   0.5263  27.9665 136.3908
   7.000   1.1023   0.01585   0.00396  -0.1028   0.4213   0.5263  27.9665 136.3908
   8.000   1.2122   0.01638   0.00402  -0.1024   0.4112   0.5388  28.5046 136.9619
   8.000   1.2122   0.01638   0.00402  -0.1024   0.4112   0.5388  28.5051 136.9613
   8.000   1.2122   0.01638   0.00402  -0.1024   0.4112   0.5388  28.5051 136.9613
   8.000   1.2122   0.01638   0.00402  -0.1024   0.4112   0.5388  28.5051 136.9613
   8.000   1.2122   0.01638   0.00402  -0.1024   0.4112   0.5388  28.5051 136.9613
   9.000   1.3161   0.01703   0.00399  -0.1011   0.3988   0.5533  29.1726 137.6065
   9.000   1.3161   0.01703   0.00399  -0.1011   0.3988   0.5533  29.1726 137.6065
   9.000   1.3161   0.01703   0.00399  -0.1011   0.3988   0.5533  29.1726 137.6065
   9.000   1.3161   0.01703   0.00399  -0.1011   0.3988   0.5533  29.1726 137.6065
   9.000   1.3161   0.01703   0.00399  -0.1011   0.3988   0.5533  29.1726 137.6065
  10.000   1.4050   0.01777   0.00372  -0.0971   0.3833   0.5668  30.0198 138.2019
  10.000   1.4050   0.01777   0.00372  -0.0971   0.3833   0.5668  30.0198 138.2019
  10.000   1.4050   0.01777   0.00372  -0.0971   0.3833   0.5668  30.0198 138.2019
  10.000   1.4050   0.01777   0.00372  -0.0971   0.3833   0.5668  30.0198 138.2019
  10.000   1.4050   0.01777   0.00372  -0.0971   0.3833   0.5668  30.0198 138.2019
  11.000   1.4660   0.01897   0.00370  -0.0885   0.3681   0.5813  30.8662 138.8323
  11.000   1.4660   0.01897   0.00370  -0.0885   0.3681   0.5813  30.8662 138.8324
  11.000   1.4660   0.01897   0.00370  -0.0885   0.3681   0.5813  30.8662 138.8324
  11.000   1.4660   0.01897   0.00370  -0.0885   0.3681   0.5813  30.8662 138.8324
  11.000   1.4660   0.01897   0.00370  -0.0885   0.3681   0.5813  30.8662 138.8324
  12.000   1.5261   0.02118   0.00417  -0.0819   0.3500   0.5962  31.8953 139.4690
  12.000   1.5261   0.02118   0.00417  -0.0819   0.3500   0.5962  31.8953 139.4697
  12.000   1.5261   0.02118   0.00417  -0.0819   0.3500   0.5962  31.8953 139.4697
  12.000   1.5261   0.02118   0.00417  -0.0819   0.3500   0.5962  31.8953 139.4697
  12.000   1.5261   0.02118   0.00417  -0.0819   0.3500   0.5962  31.8953 139.4697
  13.000   1.5727   0.02510   0.00552  -0.0763   0.3292   0.6119  33.1049 140.1369
  13.000   1.5727   0.02510   0.00552  -0.0763   0.3292   0.6119  33.1049 140.1368
  13.000   1.5727   0.02510   0.00552  -0.0763   0.3292   0.6119  33.1049 140.1368
  13.000   1.5727   0.02510   0.00552  -0.0763   0.3292   0.6119  33.1049 140.1368
  13.000   1.5727   0.02510   0.00552  -0.0763   0.3292   0.6119  33.1049 140.1368
  14.000   1.5998   0.03160   0.00844  -0.0719   0.3030   0.6284  34.6702 140.8339
  14.000   1.5998   0.03160   0.00844  -0.0719   0.3030   0.6284  34.6702 140.8337
  14.000   1.5998   0.03160   0.00844  -0.0719   0.3030   0.6284  34.6703 140.8337
  14.000   1.5998   0.03160   0.00844  -0.0719   0.3030   0.6284  34.6703 140.8337
  14.000   1.5998   0.03160   0.00844  -0.0719   0.3030   0.6284  34.6703 140.8337
  15.000   1.5854   0.04243   0.01417  -0.0675   0.2704   0.6447  36.6726 141.5245
  15.000   1.5854   0.04243   0.01417  -0.0675   0.2704   0.6447  36.6726 141.5245
  15.000   1.5854   0.04243   0.01417  -0.0675   0.2704   0.6447  36.6726 141.5245
  15.000   1.5854   0.04243   0.01417  -0.0675   0.2704   0.6447  36.6726 141.5245
  15.000   1.5854   0.04243   0.01417  -0.0675   0.2704   0.6447  36.6726 141.5245
  16.000   1.5302   0.05837   0.02394  -0.0643   0.2327   0.6587  39.0869 142.1198
  16.000   1.5302   0.05837   0.02394  -0.0643   0.2327   0.6587  39.0868 142.1208
  16.000   1.5302   0.05837   0.02394  -0.0643   0.2327   0.6587  39.0868 142.1208
  16.000   1.5302   0.05837   0.02394  -0.0643   0.2327   0.6587  39.0868 142.1208
  16.000   1.5302   0.05837   0.02394  -0.0643   0.2327   0.6587  39.0868 142.1208
  17.000   1.4668   0.07657   0.03659  -0.0632   0.1933   0.6743  41.7625 142.7859
  17.000   1.4668   0.07657   0.03659  -0.0632   0.1933   0.6743  41.7627 142.7872
  17.000   1.4668   0.07657   0.03659  -0.0632   0.1933   0.6743  41.7627 142.7871
  17.000   1.4668   0.07657   0.03659  -0.0632   0.1933   0.6743  41.7627 142.7871
  17.000   1.4668   0.07657   0.03659  -0.0632   0.1933   0.6743  41.7627 142.7871
  18.000   1.4172   0.09430   0.05037  -0.0640   0.1592   0.6910  44.2853 143.5133
  18.000   1.4172   0.09430   0.05037  -0.0640   0.1592   0.6910  44.2852 143.5135
  18.000   1.4172   0.09430   0.05037  -0.0640   0.1592   0.6910  44.2852 143.5135
  18.000   1.4172   0.09430   0.05037  -0.0640   0.1592   0.6910  44.2852 143.5135
  18.000   1.4172   0.09430   0.05037  -0.0640   0.1592   0.6910  44.2852 143.5135
  19.000   1.3857   0.11066   0.06492  -0.0665   0.1304   0.7107  46.6722 144.3748
  19.000   1.3857   0.11066   0.06492  -0.0665   0.1304   0.7107  46.6721 144.3761
  19.000   1.3857   0.11066   0.06492  -0.0665   0.1304   0.7107  46.6721 144.3762
  19.000   1.3857   0.11066   0.06492  -0.0665   0.1304   0.7107  46.6721 144.3762
  19.000   1.3857   0.11066   0.06492  -0.0665   0.1304   0.7107  46.6721 144.3762
