  
       XFOIL         Version 6.99
  
 Calculated polar for: AH 94-W-301                                     
  
 1 1 Reynolds number fixed          Mach number fixed         
  
 xtrf =   1.000 (top)        1.000 (bottom)  
 Mach =   0.000     Re =     0.350 e 6     Ncrit =   9.000  9.000
  
   alpha    CL        CD       CDp       CM     Top_Xtr  Bot_Xtr  Top_Itr  Bot_Itr
  ------ -------- --------- --------- -------- -------- -------- -------- --------
   0.000   0.2368   0.01687   0.00606  -0.0848   0.5154   0.4578  23.2996 133.1031
   0.000   0.2368   0.01687   0.00606  -0.0848   0.5154   0.4577  23.2996 133.1029
   0.000   0.2368   0.01687   0.00606  -0.0848   0.5154   0.4577  23.2996 133.1029
   0.000   0.2368   0.01687   0.00606  -0.0848   0.5154   0.4577  23.2996 133.1029
   0.000   0.2368   0.01687   0.00606  -0.0848   0.5154   0.4577  23.2996 133.1029
   1.000   0.3616   0.01704   0.00612  -0.0877   0.5034   0.4696  23.8646 133.6943
   1.000   0.3616   0.01704   0.00612  -0.0877   0.5034   0.4696  23.8646 133.6943
   1.000   0.3616   0.01704   0.00612  -0.0877   0.5034   0.4696  23.8646 133.6943
   1.000   0.3616   0.01704   0.00612  -0.0877   0.5034   0.4696  23.8646 133.6943
   1.000   0.3616   0.01704   0.00612  -0.0877   0.5034   0.4696  23.8646 133.6943
   2.000   0.4858   0.01722   0.00620  -0.0907   0.4923   0.4814  24.3957 134.2729
   2.000   0.4858   0.01722   0.00620  -0.0907   0.4923   0.4814  24.3957 134.2729
   2.000   0.4858   0.01722   0.00620  -0.0907   0.4923   0.4814  24.3957 134.2729
   2.000   0.4858   0.01722   0.00620  -0.0907   0.4923   0.4814  24.3957 134.2729
   2.000   0.4858   0.01722   0.00620  -0.0907   0.4923   0.4814  24.3957 134.2729
   3.000   0.6110   0.01764   0.00617  -0.0936   0.4809   0.4941  24.9411 134.8872
   3.000   0.6110   0.01764   0.00617  -0.0936   0.4809   0.4941  24.9411 134.8872
   3.000   0.6110   0.01764   0.00617  -0.0936   0.4809   0.4941  24.9411 134.8872
   3.000   0.6110   0.01764   0.00617  -0.0936   0.4809   0.4941  24.9411 134.8872
   3.000   0.6110   0.01764   0.00617  -0.0936   0.4809   0.4941  24.9411 134.8872
   4.000   0.7306   0.01793   0.00644  -0.0954   0.4703   0.5062  25.4668 135.4590
   4.000   0.7306   0.01793   0.00644  -0.0954   0.4703   0.5062  25.4668 135.4590
   4.000   0.7306   0.01793   0.00644  -0.0954   0.4703   0.5062  25.4668 135.4590
   4.000   0.7306   0.01793   0.00644  -0.0954   0.4703   0.5062  25.4668 135.4590
   4.000   0.7306   0.01793   0.00644  -0.0954   0.4703   0.5062  25.4668 135.4590
   5.000   0.8554   0.01856   0.00636  -0.0983   0.4596   0.5190  25.9952 136.0574
   5.000   0.8554   0.01856   0.00636  -0.0983   0.4596   0.5190  25.9952 136.0572
   5.000   0.8554   0.01856   0.00636  -0.0983   0.4596   0.5190  25.9952 136.0572
   5.000   0.8554   0.01856   0.00636  -0.0983   0.4596   0.5190  25.9952 136.0572
   5.000   0.8554   0.01856   0.00636  -0.0983   0.4596   0.5190  25.9952 136.0572
   6.000   0.9686   0.01896   0.00671  -0.0988   0.4494   0.5320  26.5143 136.6520
   6.000   0.9686   0.01896   0.00671  -0.0988   0.4494   0.5320  26.5143 136.6520
   6.000   0.9686   0.01896   0.00671  -0.0988   0.4494   0.5320  26.5143 136.6520
   6.000   0.9686   0.01896   0.00671  -0.0988   0.4494   0.5320  26.5143 136.6520
   6.000   0.9686   0.01896   0.00671  -0.0988   0.4494   0.5320  26.5143 136.6520
   7.000   1.0883   0.01965   0.00672  -0.1006   0.4390   0.5456  27.0433 137.2658
   7.000   1.0883   0.01965   0.00672  -0.1006   0.4390   0.5456  27.0433 137.2658
   7.000   1.0883   0.01965   0.00672  -0.1006   0.4390   0.5456  27.0433 137.2658
   7.000   1.0883   0.01965   0.00672  -0.1006   0.4390   0.5456  27.0433 137.2658
   7.000   1.0883   0.01965   0.00672  -0.1006   0.4390   0.5456  27.0433 137.2658
   8.000   1.1952   0.02026   0.00689  -0.0999   0.4280   0.5593  27.6166 137.8730
   8.000   1.1952   0.02026   0.00689  -0.0999   0.4280   0.5593  27.6166 137.8730
   8.000   1.1952   0.02026   0.00689  -0.0999   0.4280   0.5593  27.6166 137.8730
   8.000   1.1952   0.02026   0.00689  -0.0999   0.4280   0.5593  27.6166 137.8730
   8.000   1.1952   0.02026   0.00689  -0.0999   0.4280   0.5593  27.6166 137.8730
   9.000   1.3009   0.02101   0.00692  -0.0991   0.4164   0.5736  28.2270 138.4973
   9.000   1.3009   0.02101   0.00692  -0.0991   0.4164   0.5736  28.2270 138.4973
   9.000   1.3009   0.02101   0.00692  -0.0991   0.4164   0.5736  28.2270 138.4973
   9.000   1.3009   0.02101   0.00692  -0.0991   0.4164   0.5736  28.2270 138.4973
   9.000   1.3009   0.02101   0.00692  -0.0991   0.4164   0.5736  28.2270 138.4973
  10.000   1.4036   0.02160   0.00646  -0.0976   0.4025   0.5889  28.9700 139.1575
  10.000   1.4036   0.02160   0.00646  -0.0976   0.4025   0.5889  28.9710 139.1580
  10.000   1.4036   0.02160   0.00646  -0.0976   0.4025   0.5889  28.9710 139.1580
  10.000   1.4036   0.02160   0.00646  -0.0976   0.4025   0.5889  28.9710 139.1580
  10.000   1.4036   0.02160   0.00646  -0.0976   0.4025   0.5889  28.9710 139.1580
  11.000   1.4601   0.02236   0.00600  -0.0883   0.3865   0.6038  29.8439 139.7931
  11.000   1.4601   0.02236   0.00600  -0.0883   0.3865   0.6038  29.8439 139.7930
  11.000   1.4601   0.02236   0.00600  -0.0883   0.3865   0.6038  29.8439 139.7930
  11.000   1.4601   0.02236   0.00600  -0.0883   0.3865   0.6038  29.8439 139.7930
  11.000   1.4601   0.02236   0.00600  -0.0883   0.3865   0.6038  29.8439 139.7930
  12.000   1.5069   0.02431   0.00619  -0.0791   0.3700   0.6194  30.7639 140.4538
  12.000   1.5069   0.02431   0.00619  -0.0791   0.3700   0.6194  30.7639 140.4538
  12.000   1.5069   0.02431   0.00619  -0.0791   0.3700   0.6194  30.7639 140.4538
  12.000   1.5069   0.02431   0.00619  -0.0791   0.3700   0.6194  30.7639 140.4538
  12.000   1.5069   0.02431   0.00619  -0.0791   0.3700   0.6194  30.7639 140.4538
  13.000   1.5447   0.02787   0.00707  -0.0720   0.3507   0.6359  31.8573 141.1522
  13.000   1.5447   0.02787   0.00707  -0.0720   0.3507   0.6359  31.8573 141.1525
  13.000   1.5447   0.02787   0.00707  -0.0720   0.3507   0.6359  31.8573 141.1525
  13.000   1.5447   0.02787   0.00707  -0.0720   0.3507   0.6359  31.8573 141.1525
  13.000   1.5447   0.02787   0.00707  -0.0720   0.3507   0.6359  31.8573 141.1525
  14.000   1.5617   0.03429   0.00978  -0.0666   0.3281   0.6535  33.1671 141.8988
  14.000   1.5617   0.03429   0.00978  -0.0666   0.3281   0.6535  33.1671 141.8987
  14.000   1.5617   0.03429   0.00978  -0.0666   0.3281   0.6535  33.1671 141.8987
  14.000   1.5617   0.03429   0.00978  -0.0666   0.3281   0.6535  33.1671 141.8987
  14.000   1.5617   0.03429   0.00978  -0.0666   0.3281   0.6535  33.1671 141.8987
  15.000   1.5514   0.04435   0.01504  -0.0627   0.3001   0.6707  34.8453 142.6318
  15.000   1.5514   0.04435   0.01504  -0.0627   0.3001   0.6706  34.8453 142.6312
  15.000   1.5514   0.04435   0.01504  -0.0627   0.3001   0.6706  34.8453 142.6311
  15.000   1.5514   0.04435   0.01504  -0.0627   0.3001   0.6706  34.8453 142.6311
  15.000   1.5514   0.04435   0.01504  -0.0627   0.3001   0.6706  34.8453 142.6311
  16.000   1.5149   0.05845   0.02354  -0.0604   0.2662   0.6877  36.9406 143.3697
  16.000   1.5149   0.05845   0.02354  -0.0604   0.2661   0.6877  36.9406 143.3695
  16.000   1.5149   0.05845   0.02354  -0.0604   0.2661   0.6877  36.9406 143.3694
  16.000   1.5149   0.05845   0.02354  -0.0604   0.2661   0.6877  36.9406 143.3694
  16.000   1.5149   0.05845   0.02354  -0.0604   0.2661   0.6877  36.9406 143.3694
  17.000   1.4636   0.07543   0.03513  -0.0599   0.2270   0.7054  39.4695 144.1398
  17.000   1.4636   0.07543   0.03513  -0.0599   0.2270   0.7054  39.4695 144.1401
  17.000   1.4636   0.07543   0.03513  -0.0599   0.2270   0.7054  39.4695 144.1402
  17.000   1.4636   0.07543   0.03513  -0.0599   0.2270   0.7054  39.4695 144.1402
  17.000   1.4636   0.07543   0.03513  -0.0599   0.2270   0.7054  39.4695 144.1402
  18.000   1.4120   0.09334   0.04894  -0.0609   0.1881   0.7239  42.1339 144.9595
  18.000   1.4120   0.09334   0.04894  -0.0609   0.1881   0.7239  42.1338 144.9621
  18.000   1.4120   0.09334   0.04894  -0.0609   0.1881   0.7240  42.1338 144.9623
  18.000   1.4120   0.09334   0.04894  -0.0609   0.1881   0.7240  42.1338 144.9623
  18.000   1.4120   0.09334   0.04894  -0.0609   0.1881   0.7240  42.1338 144.9623
