  
       XFOIL         Version 6.99
  
 Calculated polar for: AH 94-W-301                                     
  
 1 1 Reynolds number fixed          Mach number fixed         
  
 xtrf =   1.000 (top)        1.000 (bottom)  
 Mach =   0.000     Re =     0.375 e 6     Ncrit =   9.000  9.000
  
   alpha    CL        CD       CDp       CM     Top_Xtr  Bot_Xtr  Top_Itr  Bot_Itr
  ------ -------- --------- --------- -------- -------- -------- -------- --------
   0.000   0.2386   0.01628   0.00558  -0.0852   0.5117   0.4548  23.4722 132.9528
   0.000   0.2386   0.01628   0.00558  -0.0852   0.5117   0.4548  23.4722 132.9528
   0.000   0.2386   0.01628   0.00558  -0.0852   0.5117   0.4548  23.4722 132.9528
   0.000   0.2386   0.01628   0.00558  -0.0852   0.5117   0.4548  23.4722 132.9528
   0.000   0.2386   0.01628   0.00558  -0.0852   0.5117   0.4548  23.4722 132.9528
   1.000   0.3636   0.01646   0.00564  -0.0883   0.4996   0.4665  24.0411 133.5400
   1.000   0.3636   0.01646   0.00564  -0.0883   0.4996   0.4665  24.0411 133.5400
   1.000   0.3636   0.01646   0.00564  -0.0883   0.4996   0.4665  24.0411 133.5400
   1.000   0.3636   0.01646   0.00564  -0.0883   0.4996   0.4665  24.0411 133.5400
   1.000   0.3636   0.01646   0.00564  -0.0883   0.4996   0.4665  24.0411 133.5400
   2.000   0.4886   0.01651   0.00560  -0.0913   0.4888   0.4786  24.5623 134.1367
   2.000   0.4886   0.01651   0.00560  -0.0913   0.4888   0.4786  24.5623 134.1366
   2.000   0.4886   0.01651   0.00560  -0.0913   0.4888   0.4786  24.5623 134.1366
   2.000   0.4886   0.01651   0.00560  -0.0913   0.4888   0.4786  24.5623 134.1366
   2.000   0.4886   0.01651   0.00560  -0.0913   0.4888   0.4786  24.5623 134.1366
   3.000   0.6124   0.01697   0.00574  -0.0939   0.4778   0.4910  25.0936 134.7349
   3.000   0.6124   0.01697   0.00574  -0.0939   0.4778   0.4910  25.0936 134.7349
   3.000   0.6124   0.01697   0.00574  -0.0939   0.4778   0.4910  25.0936 134.7349
   3.000   0.6124   0.01697   0.00574  -0.0939   0.4778   0.4910  25.0936 134.7349
   3.000   0.6124   0.01697   0.00574  -0.0939   0.4778   0.4910  25.0936 134.7349
   4.000   0.7341   0.01715   0.00580  -0.0961   0.4670   0.5032  25.6276 135.3167
   4.000   0.7341   0.01715   0.00580  -0.0961   0.4670   0.5032  25.6276 135.3167
   4.000   0.7341   0.01715   0.00580  -0.0961   0.4670   0.5032  25.6276 135.3167
   4.000   0.7341   0.01715   0.00580  -0.0961   0.4670   0.5032  25.6276 135.3167
   4.000   0.7341   0.01715   0.00580  -0.0961   0.4670   0.5032  25.6276 135.3167
   5.000   0.8559   0.01780   0.00590  -0.0983   0.4569   0.5158  26.1334 135.9081
   5.000   0.8559   0.01780   0.00590  -0.0983   0.4569   0.5158  26.1334 135.9081
   5.000   0.8559   0.01780   0.00590  -0.0983   0.4569   0.5158  26.1334 135.9081
   5.000   0.8559   0.01780   0.00590  -0.0983   0.4569   0.5158  26.1334 135.9081
   5.000   0.8559   0.01780   0.00590  -0.0983   0.4569   0.5158  26.1334 135.9081
   6.000   0.9728   0.01813   0.00605  -0.0995   0.4464   0.5286  26.6691 136.4947
   6.000   0.9728   0.01813   0.00605  -0.0995   0.4464   0.5286  26.6691 136.4947
   6.000   0.9728   0.01813   0.00605  -0.0995   0.4464   0.5286  26.6691 136.4947
   6.000   0.9728   0.01813   0.00605  -0.0995   0.4464   0.5286  26.6691 136.4947
   6.000   0.9728   0.01813   0.00605  -0.0995   0.4464   0.5286  26.6691 136.4947
   7.000   1.0894   0.01886   0.00616  -0.1007   0.4361   0.5421  27.1930 137.1105
   7.000   1.0894   0.01886   0.00616  -0.1007   0.4361   0.5421  27.1930 137.1105
   7.000   1.0894   0.01886   0.00616  -0.1007   0.4361   0.5421  27.1930 137.1105
   7.000   1.0894   0.01886   0.00616  -0.1007   0.4361   0.5421  27.1930 137.1105
   7.000   1.0894   0.01886   0.00616  -0.1007   0.4361   0.5421  27.1930 137.1105
   8.000   1.2002   0.01937   0.00620  -0.1006   0.4252   0.5557  27.7639 137.7124
   8.000   1.2002   0.01937   0.00620  -0.1006   0.4252   0.5557  27.7639 137.7124
   8.000   1.2002   0.01937   0.00620  -0.1006   0.4252   0.5557  27.7639 137.7124
   8.000   1.2002   0.01937   0.00620  -0.1006   0.4252   0.5557  27.7639 137.7124
   8.000   1.2002   0.01937   0.00620  -0.1006   0.4252   0.5557  27.7639 137.7124
   9.000   1.3032   0.02014   0.00628  -0.0993   0.4132   0.5699  28.4000 138.3371
   9.000   1.3032   0.02014   0.00628  -0.0993   0.4132   0.5699  28.4000 138.3371
   9.000   1.3032   0.02014   0.00628  -0.0993   0.4132   0.5699  28.4000 138.3371
   9.000   1.3032   0.02014   0.00628  -0.0993   0.4132   0.5699  28.4000 138.3371
   9.000   1.3032   0.02014   0.00628  -0.0993   0.4132   0.5699  28.4000 138.3371
  10.000   1.4009   0.02090   0.00595  -0.0970   0.3996   0.5845  29.1304 138.9701
  10.000   1.4009   0.02090   0.00595  -0.0970   0.3996   0.5845  29.1304 138.9697
  10.000   1.4009   0.02090   0.00595  -0.0970   0.3996   0.5845  29.1304 138.9697
  10.000   1.4009   0.02090   0.00595  -0.0970   0.3996   0.5845  29.1304 138.9697
  10.000   1.4009   0.02090   0.00595  -0.0970   0.3996   0.5845  29.1304 138.9697
  11.000   1.4677   0.02163   0.00543  -0.0894   0.3831   0.5997  30.0282 139.6186
  11.000   1.4677   0.02163   0.00543  -0.0894   0.3831   0.5997  30.0282 139.6188
  11.000   1.4677   0.02163   0.00543  -0.0894   0.3831   0.5997  30.0282 139.6188
  11.000   1.4677   0.02163   0.00543  -0.0894   0.3831   0.5997  30.0282 139.6188
  11.000   1.4677   0.02163   0.00543  -0.0894   0.3831   0.5997  30.0282 139.6188
  12.000   1.5156   0.02351   0.00554  -0.0802   0.3665   0.6154  30.9552 140.2839
  12.000   1.5156   0.02351   0.00554  -0.0802   0.3665   0.6154  30.9552 140.2839
  12.000   1.5156   0.02351   0.00554  -0.0802   0.3665   0.6154  30.9552 140.2839
  12.000   1.5156   0.02351   0.00554  -0.0802   0.3665   0.6154  30.9552 140.2839
  12.000   1.5156   0.02351   0.00554  -0.0802   0.3665   0.6154  30.9552 140.2839
  13.000   1.5507   0.02726   0.00661  -0.0727   0.3472   0.6314  32.0549 140.9626
  13.000   1.5507   0.02726   0.00661  -0.0727   0.3472   0.6314  32.0548 140.9622
  13.000   1.5507   0.02726   0.00661  -0.0727   0.3472   0.6314  32.0548 140.9622
  13.000   1.5507   0.02726   0.00661  -0.0727   0.3472   0.6314  32.0548 140.9622
  13.000   1.5507   0.02726   0.00661  -0.0727   0.3472   0.6314  32.0548 140.9622
  14.000   1.5666   0.03391   0.00965  -0.0675   0.3239   0.6488  33.4167 141.7001
  14.000   1.5666   0.03391   0.00965  -0.0675   0.3239   0.6488  33.4167 141.7000
  14.000   1.5666   0.03391   0.00965  -0.0675   0.3239   0.6488  33.4167 141.7000
  14.000   1.5666   0.03391   0.00965  -0.0675   0.3239   0.6488  33.4167 141.7000
  14.000   1.5666   0.03391   0.00965  -0.0675   0.3239   0.6488  33.4167 141.7000
  15.000   1.5587   0.04385   0.01475  -0.0636   0.2958   0.6658  35.1011 142.4244
  15.000   1.5587   0.04385   0.01475  -0.0636   0.2959   0.6658  35.1011 142.4245
  15.000   1.5587   0.04385   0.01475  -0.0636   0.2959   0.6658  35.1011 142.4246
  15.000   1.5587   0.04385   0.01475  -0.0636   0.2959   0.6658  35.1011 142.4246
  15.000   1.5587   0.04385   0.01475  -0.0636   0.2959   0.6658  35.1011 142.4246
  16.000   1.5208   0.05818   0.02341  -0.0613   0.2611   0.6827  37.2603 143.1498
  16.000   1.5208   0.05818   0.02341  -0.0613   0.2611   0.6827  37.2603 143.1497
  16.000   1.5208   0.05818   0.02341  -0.0613   0.2611   0.6827  37.2603 143.1497
  16.000   1.5208   0.05818   0.02341  -0.0613   0.2611   0.6827  37.2603 143.1497
  16.000   1.5208   0.05818   0.02341  -0.0613   0.2611   0.6827  37.2603 143.1497
  17.000   1.4651   0.07553   0.03525  -0.0605   0.2213   0.7000  39.8444 143.9012
  17.000   1.4651   0.07553   0.03525  -0.0605   0.2213   0.7000  39.8444 143.9008
  17.000   1.4651   0.07553   0.03525  -0.0605   0.2213   0.6999  39.8444 143.9008
  17.000   1.4651   0.07553   0.03525  -0.0605   0.2213   0.6999  39.8444 143.9008
  17.000   1.4651   0.07553   0.03525  -0.0605   0.2213   0.6999  39.8444 143.9008
  18.000   1.4136   0.09346   0.04917  -0.0615   0.1830   0.7178  42.5055 144.6918
  18.000   1.4136   0.09346   0.04917  -0.0615   0.1830   0.7179  42.5054 144.6940
  18.000   1.4136   0.09346   0.04917  -0.0615   0.1830   0.7179  42.5054 144.6941
  18.000   1.4136   0.09346   0.04917  -0.0615   0.1830   0.7179  42.5054 144.6941
  18.000   1.4136   0.09346   0.04917  -0.0615   0.1830   0.7179  42.5054 144.6941
  19.000   1.3755   0.11056   0.06455  -0.0643   0.1501   0.7400  45.0053 145.6870
  19.000   1.3755   0.11056   0.06455  -0.0643   0.1501   0.7400  45.0054 145.6862
  19.000   1.3755   0.11056   0.06455  -0.0643   0.1501   0.7400  45.0054 145.6861
  19.000   1.3755   0.11056   0.06455  -0.0643   0.1501   0.7400  45.0054 145.6861
  19.000   1.3755   0.11056   0.06455  -0.0643   0.1501   0.7400  45.0054 145.6861
