  
       XFOIL         Version 6.99
  
 Calculated polar for: GOE 776 AIRFOIL                                 
  
 1 1 Reynolds number fixed          Mach number fixed         
  
 xtrf =   1.000 (top)        1.000 (bottom)  
 Mach =   0.000     Re =     0.325 e 6     Ncrit =   9.000  9.000
  
   alpha    CL        CD       CDp       CM     Top_Xtr  Bot_Xtr  Top_Itr  Bot_Itr
  ------ -------- --------- --------- -------- -------- -------- -------- --------
   0.000  -0.0138   0.01251   0.00290  -0.0009   0.5727   0.5592  51.5226 248.5287
   0.000  -0.0138   0.01251   0.00290  -0.0009   0.5727   0.5592  51.5237 248.5296
   0.000  -0.0138   0.01251   0.00290  -0.0009   0.5727   0.5592  51.5237 248.5296
   0.000  -0.0138   0.01251   0.00290  -0.0009   0.5727   0.5592  51.5237 248.5296
   0.000  -0.0138   0.01251   0.00290  -0.0009   0.5727   0.5592  51.5237 248.5296
   1.000   0.0816   0.01254   0.00291   0.0028   0.5314   0.6020  54.5051 251.5684
   1.000   0.0816   0.01254   0.00291   0.0028   0.5314   0.6020  54.5051 251.5682
   1.000   0.0816   0.01254   0.00291   0.0028   0.5314   0.6020  54.5051 251.5682
   1.000   0.0816   0.01254   0.00291   0.0028   0.5314   0.6020  54.5051 251.5682
   1.000   0.0816   0.01254   0.00291   0.0028   0.5314   0.6020  54.5051 251.5682
   2.000   0.1769   0.01268   0.00295   0.0064   0.4928   0.6457  57.3490 254.6355
   2.000   0.1769   0.01268   0.00295   0.0064   0.4928   0.6457  57.3490 254.6353
   2.000   0.1769   0.01268   0.00295   0.0064   0.4928   0.6457  57.3490 254.6353
   2.000   0.1769   0.01268   0.00295   0.0064   0.4928   0.6457  57.3490 254.6353
   2.000   0.1769   0.01268   0.00295   0.0064   0.4928   0.6457  57.3490 254.6353
   4.000   0.3649   0.01328   0.00315   0.0139   0.4240   0.7372  62.5923 261.0527
   4.000   0.3649   0.01328   0.00315   0.0139   0.4240   0.7372  62.5923 261.0527
   4.000   0.3649   0.01328   0.00315   0.0139   0.4240   0.7372  62.5923 261.0527
   4.000   0.3649   0.01328   0.00315   0.0139   0.4240   0.7372  62.5923 261.0527
   4.000   0.3649   0.01328   0.00315   0.0139   0.4240   0.7372  62.5923 261.0527
   6.000   0.5394   0.01441   0.00359   0.0238   0.3638   0.8350  67.4303 268.5128
   6.000   0.5394   0.01441   0.00359   0.0238   0.3638   0.8350  67.4303 268.5128
   6.000   0.5394   0.01441   0.00359   0.0238   0.3638   0.8350  67.4303 268.5128
   6.000   0.5394   0.01441   0.00359   0.0238   0.3638   0.8350  67.4303 268.5128
   6.000   0.5394   0.01441   0.00359   0.0238   0.3638   0.8350  67.4303 268.5128
   7.000   0.6140   0.01533   0.00392   0.0311   0.3364   0.8848  69.7461 273.3231
   7.000   0.6140   0.01533   0.00392   0.0311   0.3364   0.8848  69.7463 273.3242
   7.000   0.6140   0.01533   0.00392   0.0311   0.3364   0.8848  69.7463 273.3242
   7.000   0.6140   0.01533   0.00392   0.0311   0.3364   0.8848  69.7463 273.3242
   7.000   0.6140   0.01533   0.00392   0.0311   0.3364   0.8848  69.7463 273.3242
   8.000   0.6897   0.01676   0.00450   0.0376   0.3105   0.9305  72.0228 279.6482
   8.000   0.6897   0.01676   0.00450   0.0376   0.3105   0.9305  72.0228 279.6482
   8.000   0.6897   0.01676   0.00450   0.0376   0.3105   0.9305  72.0228 279.6483
   8.000   0.6897   0.01676   0.00450   0.0376   0.3105   0.9305  72.0228 279.6483
   8.000   0.6897   0.01676   0.00450   0.0376   0.3105   0.9305  72.0228 279.6483
   9.000   0.7918   0.01874   0.00544   0.0378   0.2828   0.9632  74.5821 286.6826
   9.000   0.7918   0.01874   0.00544   0.0378   0.2828   0.9632  74.5821 286.6833
   9.000   0.7918   0.01874   0.00544   0.0378   0.2828   0.9632  74.5820 286.6834
   9.000   0.7918   0.01874   0.00544   0.0378   0.2828   0.9632  74.5820 286.6834
   9.000   0.7918   0.01874   0.00544   0.0378   0.2828   0.9632  74.5820 286.6834
  10.000   0.9252   0.02127   0.00665   0.0299   0.2545   0.9800  77.3372 291.7770
  10.000   0.9252   0.02127   0.00665   0.0299   0.2545   0.9800  77.3372 291.7776
  10.000   0.9252   0.02127   0.00665   0.0299   0.2545   0.9800  77.3372 291.7776
  10.000   0.9252   0.02127   0.00665   0.0299   0.2545   0.9800  77.3372 291.7776
  10.000   0.9252   0.02127   0.00665   0.0299   0.2545   0.9800  77.3372 291.7776
  11.000   1.0496   0.02423   0.00803   0.0220   0.2285   0.9946  80.0490 297.4289
  11.000   1.0496   0.02423   0.00803   0.0220   0.2285   0.9946  80.0487 297.4346
  11.000   1.0496   0.02423   0.00803   0.0220   0.2285   0.9946  80.0488 297.4347
  11.000   1.0496   0.02423   0.00803   0.0220   0.2285   0.9946  80.0488 297.4347
  11.000   1.0496   0.02423   0.00803   0.0220   0.2285   0.9946  80.0488 297.4347
  12.000   1.0847   0.02695   0.00887   0.0289   0.2099   1.0000  82.1196 300.0000
  12.000   1.0847   0.02695   0.00887   0.0289   0.2099   1.0000  82.1194 300.0000
  12.000   1.0847   0.02695   0.00887   0.0289   0.2099   1.0000  82.1194 300.0000
  12.000   1.0847   0.02695   0.00887   0.0289   0.2099   1.0000  82.1194 300.0000
  12.000   1.0847   0.02695   0.00887   0.0289   0.2099   1.0000  82.1194 300.0000
  13.000   1.0787   0.03005   0.00972   0.0423   0.1952   1.0000  83.8384 300.0000
  13.000   1.0787   0.03005   0.00972   0.0423   0.1952   1.0000  83.8381 300.0000
  13.000   1.0787   0.03005   0.00972   0.0423   0.1952   1.0000  83.8381 300.0000
  13.000   1.0787   0.03005   0.00972   0.0423   0.1952   1.0000  83.8381 300.0000
  13.000   1.0787   0.03005   0.00972   0.0423   0.1952   1.0000  83.8381 300.0000
  14.000   1.0959   0.03446   0.01162   0.0497   0.1807   1.0000  85.6389 300.0000
  14.000   1.0959   0.03446   0.01162   0.0497   0.1807   1.0000  85.6390 300.0000
  14.000   1.0959   0.03446   0.01162   0.0497   0.1807   1.0000  85.6390 300.0000
  14.000   1.0959   0.03446   0.01162   0.0497   0.1807   1.0000  85.6390 300.0000
  14.000   1.0959   0.03446   0.01162   0.0497   0.1807   1.0000  85.6390 300.0000
  15.000   1.1227   0.04010   0.01446   0.0533   0.1674   1.0000  87.3805 300.0000
  15.000   1.1227   0.04010   0.01446   0.0533   0.1674   1.0000  87.3805 300.0000
  15.000   1.1227   0.04010   0.01446   0.0533   0.1674   1.0000  87.3805 300.0000
  15.000   1.1227   0.04010   0.01446   0.0533   0.1674   1.0000  87.3805 300.0000
  15.000   1.1227   0.04010   0.01446   0.0533   0.1674   1.0000  87.3805 300.0000
  16.000   1.1509   0.04660   0.01786   0.0550   0.1556   1.0000  89.0096 300.0000
  16.000   1.1509   0.04659   0.01786   0.0550   0.1556   1.0000  89.0096 300.0000
  16.000   1.1509   0.04659   0.01786   0.0550   0.1556   1.0000  89.0095 300.0000
  16.000   1.1509   0.04659   0.01786   0.0550   0.1556   1.0000  89.0095 300.0000
  16.000   1.1509   0.04659   0.01786   0.0550   0.1556   1.0000  89.0095 300.0000
  17.000   1.1713   0.05463   0.02268   0.0551   0.1445   1.0000  90.6546 300.0000
  17.000   1.1713   0.05463   0.02268   0.0551   0.1445   1.0000  90.6544 300.0000
  17.000   1.1713   0.05463   0.02268   0.0551   0.1445   1.0000  90.6543 300.0000
  17.000   1.1713   0.05463   0.02268   0.0551   0.1445   1.0000  90.6543 300.0000
  17.000   1.1713   0.05463   0.02268   0.0551   0.1445   1.0000  90.6543 300.0000
  18.000   1.1909   0.06316   0.02778   0.0544   0.1348   1.0000  92.1738 300.0000
  18.000   1.1909   0.06316   0.02778   0.0544   0.1348   1.0000  92.1738 300.0000
  18.000   1.1909   0.06316   0.02778   0.0544   0.1348   1.0000  92.1738 300.0000
  18.000   1.1909   0.06316   0.02778   0.0544   0.1348   1.0000  92.1738 300.0000
  18.000   1.1909   0.06316   0.02778   0.0544   0.1348   1.0000  92.1738 300.0000
  19.000   1.2020   0.07317   0.03432   0.0523   0.1254   1.0000  93.7201 300.0000
  19.000   1.2020   0.07317   0.03432   0.0523   0.1254   1.0000  93.7201 300.0000
  19.000   1.2020   0.07317   0.03432   0.0523   0.1254   1.0000  93.7201 300.0000
  19.000   1.2020   0.07317   0.03432   0.0523   0.1254   1.0000  93.7201 300.0000
  19.000   1.2020   0.07317   0.03432   0.0523   0.1254   1.0000  93.7201 300.0000
