  
       XFOIL         Version 6.99
  
 Calculated polar for: GOE 776 AIRFOIL                                 
  
 1 1 Reynolds number fixed          Mach number fixed         
  
 xtrf =   1.000 (top)        1.000 (bottom)  
 Mach =   0.000     Re =     0.425 e 6     Ncrit =   9.000  9.000
  
   alpha    CL        CD       CDp       CM     Top_Xtr  Bot_Xtr  Top_Itr  Bot_Itr
  ------ -------- --------- --------- -------- -------- -------- -------- --------
   1.000   0.0814   0.01144   0.00226   0.0028   0.5107   0.5801  56.0237 250.0241
   1.000   0.0814   0.01144   0.00226   0.0028   0.5107   0.5801  56.0237 250.0241
   1.000   0.0814   0.01144   0.00226   0.0028   0.5107   0.5801  56.0237 250.0241
   1.000   0.0814   0.01144   0.00226   0.0028   0.5107   0.5801  56.0237 250.0241
   1.000   0.0814   0.01144   0.00226   0.0028   0.5107   0.5801  56.0237 250.0241
   2.000   0.1766   0.01156   0.00230   0.0063   0.4727   0.6229  58.8621 253.0421
   2.000   0.1766   0.01156   0.00230   0.0063   0.4727   0.6229  58.8621 253.0410
   2.000   0.1766   0.01156   0.00230   0.0063   0.4727   0.6229  58.8621 253.0409
   2.000   0.1766   0.01156   0.00230   0.0063   0.4727   0.6229  58.8621 253.0409
   2.000   0.1766   0.01156   0.00230   0.0063   0.4727   0.6229  58.8621 253.0409
   3.000   0.2714   0.01176   0.00237   0.0099   0.4381   0.6664  61.5044 256.0801
   3.000   0.2714   0.01176   0.00237   0.0099   0.4381   0.6664  61.5044 256.0801
   3.000   0.2714   0.01176   0.00237   0.0099   0.4381   0.6664  61.5044 256.0801
   3.000   0.2714   0.01176   0.00237   0.0099   0.4381   0.6664  61.5044 256.0801
   3.000   0.2714   0.01176   0.00237   0.0099   0.4381   0.6664  61.5044 256.0801
   4.000   0.3640   0.01209   0.00246   0.0139   0.4066   0.7115  63.9591 259.2388
   4.000   0.3640   0.01209   0.00246   0.0139   0.4066   0.7115  63.9591 259.2388
   4.000   0.3640   0.01209   0.00246   0.0139   0.4066   0.7115  63.9591 259.2388
   4.000   0.3640   0.01209   0.00246   0.0139   0.4066   0.7115  63.9591 259.2388
   4.000   0.3640   0.01209   0.00246   0.0139   0.4066   0.7115  63.9591 259.2388
   5.000   0.4542   0.01247   0.00260   0.0182   0.3765   0.7600  66.3866 262.6927
   5.000   0.4542   0.01247   0.00260   0.0182   0.3765   0.7600  66.3865 262.6943
   5.000   0.4542   0.01247   0.00260   0.0182   0.3765   0.7600  66.3865 262.6943
   5.000   0.4542   0.01247   0.00260   0.0182   0.3765   0.7600  66.3865 262.6943
   5.000   0.4542   0.01247   0.00260   0.0182   0.3765   0.7600  66.3865 262.6943
   6.000   0.5347   0.01299   0.00274   0.0243   0.3481   0.8113  68.7443 266.5631
   6.000   0.5347   0.01299   0.00274   0.0243   0.3481   0.8113  68.7443 266.5630
   6.000   0.5347   0.01299   0.00274   0.0243   0.3481   0.8113  68.7443 266.5630
   6.000   0.5347   0.01299   0.00274   0.0243   0.3481   0.8113  68.7443 266.5630
   6.000   0.5347   0.01299   0.00274   0.0243   0.3481   0.8113  68.7443 266.5630
   7.000   0.6158   0.01389   0.00308   0.0299   0.3215   0.8636  71.0404 271.1048
   7.000   0.6158   0.01389   0.00308   0.0299   0.3215   0.8636  71.0407 271.1062
   7.000   0.6158   0.01389   0.00308   0.0299   0.3215   0.8636  71.0407 271.1061
   7.000   0.6158   0.01389   0.00308   0.0299   0.3215   0.8636  71.0407 271.1061
   7.000   0.6158   0.01389   0.00308   0.0299   0.3215   0.8636  71.0407 271.1061
   8.000   0.6930   0.01506   0.00358   0.0360   0.2957   0.9130  73.3765 276.8780
   8.000   0.6930   0.01506   0.00358   0.0360   0.2957   0.9130  73.3765 276.8813
   8.000   0.6930   0.01506   0.00358   0.0360   0.2957   0.9130  73.3765 276.8813
   8.000   0.6930   0.01506   0.00358   0.0360   0.2957   0.9130  73.3765 276.8813
   8.000   0.6930   0.01506   0.00358   0.0360   0.2957   0.9130  73.3765 276.8813
   9.000   0.7694   0.01675   0.00426   0.0415   0.2709   0.9561  75.7143 284.8742
   9.000   0.7694   0.01675   0.00426   0.0415   0.2709   0.9561  75.7142 284.8805
   9.000   0.7694   0.01675   0.00426   0.0415   0.2709   0.9561  75.7142 284.8806
   9.000   0.7694   0.01675   0.00426   0.0415   0.2709   0.9561  75.7142 284.8807
   9.000   0.7694   0.01675   0.00426   0.0415   0.2709   0.9561  75.7142 284.8807
  10.000   0.8863   0.01914   0.00539   0.0373   0.2446   0.9783  78.3527 291.1805
  10.000   0.8863   0.01914   0.00539   0.0373   0.2446   0.9783  78.3528 291.1872
  10.000   0.8863   0.01914   0.00539   0.0373   0.2446   0.9783  78.3528 291.1872
  10.000   0.8863   0.01914   0.00539   0.0373   0.2446   0.9783  78.3528 291.1872
  10.000   0.8863   0.01914   0.00539   0.0373   0.2446   0.9783  78.3528 291.1872
  11.000   1.0112   0.02211   0.00683   0.0296   0.2190   0.9911  81.0850 295.9458
  11.000   1.0112   0.02211   0.00683   0.0296   0.2190   0.9911  81.0851 295.9487
  11.000   1.0112   0.02211   0.00683   0.0296   0.2190   0.9911  81.0851 295.9487
  11.000   1.0112   0.02211   0.00683   0.0296   0.2190   0.9911  81.0851 295.9487
  11.000   1.0112   0.02211   0.00683   0.0296   0.2190   0.9911  81.0851 295.9487
  12.000   1.1067   0.02540   0.00838   0.0257   0.1969   1.0000  83.6364 300.0000
  12.000   1.1067   0.02540   0.00838   0.0257   0.1969   1.0000  83.6366 300.0000
  12.000   1.1067   0.02540   0.00838   0.0257   0.1969   1.0000  83.6365 300.0000
  12.000   1.1067   0.02540   0.00838   0.0257   0.1969   1.0000  83.6365 300.0000
  12.000   1.1067   0.02540   0.00838   0.0257   0.1969   1.0000  83.6365 300.0000
  13.000   1.0929   0.02854   0.00922   0.0405   0.1837   1.0000  85.2494 300.0000
  13.000   1.0929   0.02854   0.00922   0.0405   0.1837   1.0000  85.2494 300.0000
  13.000   1.0929   0.02854   0.00922   0.0405   0.1837   1.0000  85.2494 300.0000
  13.000   1.0929   0.02854   0.00922   0.0405   0.1837   1.0000  85.2494 300.0000
  13.000   1.0929   0.02854   0.00922   0.0405   0.1837   1.0000  85.2494 300.0000
  14.000   1.1071   0.03319   0.01124   0.0481   0.1703   1.0000  86.9869 300.0000
  14.000   1.1071   0.03319   0.01124   0.0481   0.1703   1.0000  86.9869 300.0000
  14.000   1.1071   0.03319   0.01124   0.0481   0.1703   1.0000  86.9869 300.0000
  14.000   1.1071   0.03319   0.01124   0.0481   0.1703   1.0000  86.9869 300.0000
  14.000   1.1071   0.03319   0.01124   0.0481   0.1703   1.0000  86.9869 300.0000
  15.000   1.1349   0.03904   0.01431   0.0514   0.1574   1.0000  88.7656 300.0000
  15.000   1.1349   0.03904   0.01431   0.0514   0.1574   1.0000  88.7656 300.0000
  15.000   1.1349   0.03904   0.01431   0.0514   0.1574   1.0000  88.7656 300.0000
  15.000   1.1349   0.03904   0.01431   0.0514   0.1574   1.0000  88.7656 300.0000
  15.000   1.1349   0.03904   0.01431   0.0514   0.1574   1.0000  88.7656 300.0000
  16.000   1.1593   0.04620   0.01835   0.0527   0.1461   1.0000  90.4161 300.0000
  16.000   1.1593   0.04620   0.01835   0.0527   0.1461   1.0000  90.4161 300.0000
  16.000   1.1593   0.04620   0.01835   0.0527   0.1461   1.0000  90.4161 300.0000
  16.000   1.1593   0.04620   0.01835   0.0527   0.1461   1.0000  90.4161 300.0000
  16.000   1.1593   0.04620   0.01835   0.0527   0.1461   1.0000  90.4161 300.0000
  17.000   1.1783   0.05450   0.02324   0.0528   0.1361   1.0000  91.9546 300.0000
  17.000   1.1783   0.05450   0.02324   0.0528   0.1361   1.0000  91.9547 300.0000
  17.000   1.1783   0.05450   0.02324   0.0528   0.1361   1.0000  91.9547 300.0000
  17.000   1.1783   0.05450   0.02324   0.0528   0.1361   1.0000  91.9547 300.0000
  17.000   1.1783   0.05450   0.02324   0.0528   0.1361   1.0000  91.9547 300.0000
  18.000   1.1924   0.06397   0.02925   0.0517   0.1266   1.0000  93.5136 300.0000
  18.000   1.1924   0.06397   0.02925   0.0517   0.1266   1.0000  93.5136 300.0000
  18.000   1.1924   0.06397   0.02925   0.0517   0.1266   1.0000  93.5136 300.0000
  18.000   1.1924   0.06397   0.02925   0.0517   0.1266   1.0000  93.5136 300.0000
  18.000   1.1924   0.06397   0.02925   0.0517   0.1266   1.0000  93.5136 300.0000
  19.000   1.2030   0.07408   0.03577   0.0497   0.1182   1.0000  94.9685 300.0000
  19.000   1.2030   0.07409   0.03578   0.0497   0.1182   1.0000  94.9687 300.0000
  19.000   1.2030   0.07409   0.03578   0.0497   0.1182   1.0000  94.9687 300.0000
  19.000   1.2030   0.07409   0.03578   0.0497   0.1182   1.0000  94.9687 300.0000
  19.000   1.2030   0.07409   0.03578   0.0497   0.1182   1.0000  94.9687 300.0000
