  
       XFOIL         Version 6.99
  
 Calculated polar for: GOE 776 AIRFOIL                                 
  
 1 1 Reynolds number fixed          Mach number fixed         
  
 xtrf =   1.000 (top)        1.000 (bottom)  
 Mach =   0.000     Re =     0.525 e 6     Ncrit =   9.000  9.000
  
   alpha    CL        CD       CDp       CM     Top_Xtr  Bot_Xtr  Top_Itr  Bot_Itr
  ------ -------- --------- --------- -------- -------- -------- -------- --------
   0.000  -0.0139   0.01065   0.00191  -0.0008   0.5347   0.5215  54.2621 245.7920
   0.000  -0.0139   0.01065   0.00191  -0.0008   0.5347   0.5215  54.2603 245.7927
   0.000  -0.0139   0.01065   0.00191  -0.0008   0.5347   0.5215  54.2603 245.7926
   0.000  -0.0139   0.01065   0.00191  -0.0008   0.5347   0.5215  54.2603 245.7926
   0.000  -0.0139   0.01065   0.00191  -0.0008   0.5347   0.5215  54.2603 245.7926
   1.000   0.0821   0.01069   0.00192   0.0026   0.4946   0.5633  57.2203 248.8227
   1.000   0.0821   0.01069   0.00192   0.0026   0.4946   0.5633  57.2200 248.8235
   1.000   0.0821   0.01069   0.00192   0.0026   0.4946   0.5633  57.2200 248.8235
   1.000   0.0821   0.01069   0.00192   0.0026   0.4946   0.5633  57.2200 248.8235
   1.000   0.0821   0.01069   0.00192   0.0026   0.4946   0.5633  57.2200 248.8235
   2.000   0.1776   0.01084   0.00195   0.0061   0.4577   0.6056  59.9947 251.8234
   2.000   0.1776   0.01084   0.00195   0.0061   0.4577   0.6056  59.9947 251.8237
   2.000   0.1776   0.01084   0.00195   0.0061   0.4577   0.6056  59.9947 251.8238
   2.000   0.1776   0.01084   0.00195   0.0061   0.4577   0.6056  59.9947 251.8238
   2.000   0.1776   0.01084   0.00195   0.0061   0.4577   0.6056  59.9947 251.8238
   3.000   0.2734   0.01102   0.00201   0.0095   0.4239   0.6483  62.6021 254.8158
   3.000   0.2734   0.01102   0.00201   0.0095   0.4239   0.6483  62.6021 254.8161
   3.000   0.2734   0.01102   0.00201   0.0095   0.4239   0.6483  62.6021 254.8160
   3.000   0.2734   0.01102   0.00201   0.0095   0.4239   0.6483  62.6021 254.8160
   3.000   0.2734   0.01102   0.00201   0.0095   0.4239   0.6483  62.6021 254.8160
   4.000   0.3664   0.01133   0.00208   0.0133   0.3934   0.6928  65.0170 257.9225
   4.000   0.3664   0.01133   0.00208   0.0133   0.3934   0.6928  65.0169 257.9228
   4.000   0.3664   0.01133   0.00208   0.0133   0.3934   0.6928  65.0169 257.9228
   4.000   0.3664   0.01133   0.00208   0.0133   0.3934   0.6928  65.0169 257.9228
   4.000   0.3664   0.01133   0.00208   0.0133   0.3934   0.6928  65.0169 257.9228
   5.000   0.4567   0.01165   0.00218   0.0176   0.3637   0.7402  67.4336 261.2668
   5.000   0.4567   0.01165   0.00218   0.0176   0.3637   0.7402  67.4336 261.2655
   5.000   0.4567   0.01165   0.00218   0.0176   0.3637   0.7402  67.4336 261.2654
   5.000   0.4567   0.01165   0.00218   0.0176   0.3637   0.7402  67.4336 261.2654
   5.000   0.4567   0.01165   0.00218   0.0176   0.3637   0.7402  67.4336 261.2654
   6.000   0.5390   0.01214   0.00230   0.0233   0.3360   0.7920  69.7789 265.0641
   6.000   0.5390   0.01214   0.00230   0.0233   0.3360   0.7920  69.7789 265.0641
   6.000   0.5390   0.01214   0.00230   0.0233   0.3360   0.7920  69.7789 265.0641
   6.000   0.5390   0.01214   0.00230   0.0233   0.3360   0.7920  69.7789 265.0641
   6.000   0.5390   0.01214   0.00230   0.0233   0.3360   0.7920  69.7789 265.0641
   7.000   0.6240   0.01296   0.00263   0.0280   0.3097   0.8445  72.0930 269.3365
   7.000   0.6240   0.01296   0.00263   0.0280   0.3097   0.8445  72.0930 269.3365
   7.000   0.6240   0.01296   0.00263   0.0280   0.3097   0.8445  72.0930 269.3365
   7.000   0.6240   0.01296   0.00263   0.0280   0.3097   0.8445  72.0930 269.3365
   7.000   0.6240   0.01296   0.00263   0.0280   0.3097   0.8445  72.0930 269.3365
   8.000   0.7054   0.01401   0.00305   0.0332   0.2843   0.8953  74.4408 274.5499
   8.000   0.7054   0.01401   0.00305   0.0332   0.2843   0.8953  74.4409 274.5511
   8.000   0.7054   0.01401   0.00305   0.0332   0.2843   0.8953  74.4409 274.5511
   8.000   0.7054   0.01401   0.00305   0.0332   0.2843   0.8953  74.4409 274.5511
   8.000   0.7054   0.01401   0.00305   0.0332   0.2843   0.8953  74.4409 274.5511
   9.000   0.7772   0.01549   0.00361   0.0396   0.2604   0.9430  76.7483 281.9870
   9.000   0.7772   0.01549   0.00361   0.0396   0.2604   0.9430  76.7484 281.9885
   9.000   0.7772   0.01549   0.00361   0.0396   0.2604   0.9430  76.7485 281.9884
   9.000   0.7772   0.01549   0.00361   0.0396   0.2604   0.9430  76.7485 281.9884
   9.000   0.7772   0.01549   0.00361   0.0396   0.2604   0.9430  76.7485 281.9884
  10.000   0.8689   0.01762   0.00452   0.0409   0.2364   0.9755  79.2025 290.2944
  10.000   0.8689   0.01762   0.00452   0.0409   0.2364   0.9756  79.2024 290.3009
  10.000   0.8689   0.01762   0.00452   0.0409   0.2364   0.9756  79.2024 290.3010
  10.000   0.8689   0.01762   0.00452   0.0409   0.2364   0.9756  79.2024 290.3010
  10.000   0.8689   0.01762   0.00452   0.0409   0.2364   0.9756  79.2024 290.3010
  11.000   0.9916   0.02045   0.00588   0.0341   0.2114   0.9888  81.9474 294.9992
  11.000   0.9916   0.02045   0.00588   0.0341   0.2114   0.9888  81.9474 295.0002
  11.000   0.9916   0.02045   0.00588   0.0341   0.2114   0.9888  81.9474 295.0001
  11.000   0.9916   0.02045   0.00588   0.0341   0.2114   0.9888  81.9474 295.0001
  11.000   0.9916   0.02045   0.00588   0.0341   0.2114   0.9888  81.9474 295.0001
  13.000   1.1164   0.02699   0.00857   0.0379   0.1747   1.0000  86.4157 300.0000
  13.000   1.1164   0.02700   0.00857   0.0379   0.1747   1.0000  86.4157 300.0000
  13.000   1.1164   0.02700   0.00857   0.0379   0.1747   1.0000  86.4157 300.0000
  13.000   1.1164   0.02700   0.00857   0.0379   0.1747   1.0000  86.4157 300.0000
  13.000   1.1164   0.02700   0.00857   0.0379   0.1747   1.0000  86.4157 300.0000
  14.000   1.1282   0.03151   0.01049   0.0464   0.1620   1.0000  88.1182 300.0000
  14.000   1.1282   0.03151   0.01049   0.0464   0.1620   1.0000  88.1181 300.0000
  14.000   1.1282   0.03151   0.01049   0.0464   0.1620   1.0000  88.1181 300.0000
  14.000   1.1282   0.03151   0.01049   0.0464   0.1620   1.0000  88.1181 300.0000
  14.000   1.1282   0.03151   0.01049   0.0464   0.1620   1.0000  88.1181 300.0000
  15.000   1.1549   0.03743   0.01354   0.0498   0.1498   1.0000  89.8586 300.0000
  15.000   1.1549   0.03743   0.01354   0.0498   0.1498   1.0000  89.8586 300.0000
  15.000   1.1549   0.03743   0.01354   0.0498   0.1498   1.0000  89.8586 300.0000
  15.000   1.1549   0.03743   0.01354   0.0498   0.1498   1.0000  89.8586 300.0000
  15.000   1.1549   0.03743   0.01354   0.0498   0.1498   1.0000  89.8586 300.0000
  16.000   1.1796   0.04462   0.01759   0.0512   0.1390   1.0000  91.5001 300.0000
  16.000   1.1796   0.04462   0.01759   0.0512   0.1390   1.0000  91.5002 300.0000
  16.000   1.1796   0.04462   0.01759   0.0512   0.1390   1.0000  91.5002 300.0000
  16.000   1.1796   0.04462   0.01759   0.0512   0.1390   1.0000  91.5002 300.0000
  16.000   1.1796   0.04462   0.01759   0.0512   0.1390   1.0000  91.5002 300.0000
  18.000   1.2072   0.06304   0.02895   0.0502   0.1207   1.0000  94.5335 300.0000
  18.000   1.2072   0.06304   0.02895   0.0502   0.1207   1.0000  94.5332 300.0000
  18.000   1.2072   0.06304   0.02895   0.0502   0.1207   1.0000  94.5332 300.0000
  18.000   1.2072   0.06304   0.02895   0.0502   0.1207   1.0000  94.5332 300.0000
  18.000   1.2072   0.06304   0.02895   0.0502   0.1207   1.0000  94.5332 300.0000
  19.000   1.2108   0.07402   0.03623   0.0481   0.1128   1.0000  95.9609 300.0000
  19.000   1.2108   0.07402   0.03623   0.0481   0.1128   1.0000  95.9611 300.0000
  19.000   1.2108   0.07402   0.03623   0.0481   0.1128   1.0000  95.9612 300.0000
  19.000   1.2108   0.07402   0.03623   0.0481   0.1128   1.0000  95.9612 300.0000
  19.000   1.2108   0.07402   0.03623   0.0481   0.1128   1.0000  95.9612 300.0000
