  
       XFOIL         Version 6.99
  
 Calculated polar for: GOE 776 AIRFOIL                                 
  
 1 1 Reynolds number fixed          Mach number fixed         
  
 xtrf =   1.000 (top)        1.000 (bottom)  
 Mach =   0.000     Re =     0.550 e 6     Ncrit =   9.000  9.000
  
   alpha    CL        CD       CDp       CM     Top_Xtr  Bot_Xtr  Top_Itr  Bot_Itr
  ------ -------- --------- --------- -------- -------- -------- -------- --------
   0.000  -0.0139   0.01050   0.00185  -0.0008   0.5310   0.5178  54.5321 245.5190
   0.000  -0.0139   0.01050   0.00185  -0.0008   0.5310   0.5178  54.5321 245.5190
   0.000  -0.0139   0.01050   0.00185  -0.0008   0.5310   0.5178  54.5321 245.5190
   0.000  -0.0139   0.01050   0.00185  -0.0008   0.5310   0.5178  54.5321 245.5190
   0.000  -0.0139   0.01050   0.00185  -0.0008   0.5310   0.5178  54.5321 245.5190
   1.000   0.0823   0.01053   0.00186   0.0026   0.4910   0.5595  57.4885 248.5511
   1.000   0.0823   0.01053   0.00186   0.0026   0.4910   0.5595  57.4882 248.5511
   1.000   0.0823   0.01053   0.00186   0.0026   0.4910   0.5595  57.4882 248.5511
   1.000   0.0823   0.01053   0.00186   0.0026   0.4910   0.5595  57.4882 248.5511
   1.000   0.0823   0.01053   0.00186   0.0026   0.4910   0.5595  57.4882 248.5511
   2.000   0.1783   0.01067   0.00190   0.0060   0.4544   0.6017  60.2486 251.5501
   2.000   0.1783   0.01067   0.00190   0.0060   0.4544   0.6017  60.2489 251.5508
   2.000   0.1783   0.01067   0.00190   0.0060   0.4544   0.6017  60.2489 251.5508
   2.000   0.1783   0.01067   0.00190   0.0060   0.4544   0.6017  60.2489 251.5508
   2.000   0.1783   0.01067   0.00190   0.0060   0.4544   0.6017  60.2489 251.5508
   3.000   0.2737   0.01087   0.00195   0.0094   0.4210   0.6442  62.8325 254.5285
   3.000   0.2737   0.01087   0.00195   0.0094   0.4210   0.6442  62.8325 254.5292
   3.000   0.2737   0.01087   0.00195   0.0094   0.4210   0.6442  62.8325 254.5292
   3.000   0.2737   0.01087   0.00195   0.0094   0.4210   0.6442  62.8325 254.5292
   3.000   0.2737   0.01087   0.00195   0.0094   0.4210   0.6442  62.8325 254.5292
   4.000   0.3678   0.01114   0.00202   0.0130   0.3904   0.6884  65.2580 257.6193
   4.000   0.3678   0.01114   0.00202   0.0130   0.3904   0.6885  65.2563 257.6202
   4.000   0.3678   0.01114   0.00202   0.0130   0.3904   0.6885  65.2564 257.6201
   4.000   0.3678   0.01114   0.00202   0.0130   0.3904   0.6885  65.2564 257.6201
   4.000   0.3678   0.01114   0.00202   0.0130   0.3904   0.6885  65.2564 257.6201
   5.000   0.4576   0.01149   0.00209   0.0174   0.3609   0.7362  67.6678 260.9851
   5.000   0.4576   0.01149   0.00209   0.0174   0.3609   0.7362  67.6678 260.9851
   5.000   0.4576   0.01149   0.00209   0.0174   0.3609   0.7362  67.6678 260.9851
   5.000   0.4576   0.01149   0.00209   0.0174   0.3609   0.7362  67.6678 260.9851
   5.000   0.4576   0.01149   0.00209   0.0174   0.3609   0.7362  67.6678 260.9851
   7.000   0.6268   0.01275   0.00253   0.0275   0.3071   0.8407  72.3345 269.0008
   7.000   0.6268   0.01275   0.00253   0.0275   0.3071   0.8407  72.3345 269.0008
   7.000   0.6268   0.01275   0.00253   0.0275   0.3071   0.8407  72.3345 269.0008
   7.000   0.6268   0.01275   0.00253   0.0275   0.3071   0.8407  72.3345 269.0008
   7.000   0.6268   0.01275   0.00253   0.0275   0.3071   0.8407  72.3345 269.0008
   8.000   0.7084   0.01381   0.00295   0.0325   0.2817   0.8916  74.6799 274.1032
   8.000   0.7084   0.01381   0.00295   0.0325   0.2817   0.8916  74.6799 274.1032
   8.000   0.7084   0.01381   0.00295   0.0325   0.2817   0.8916  74.6799 274.1032
   8.000   0.7084   0.01381   0.00295   0.0325   0.2817   0.8916  74.6799 274.1032
   8.000   0.7084   0.01381   0.00295   0.0325   0.2817   0.8916  74.6799 274.1032
   9.000   0.7801   0.01529   0.00350   0.0390   0.2582   0.9392  76.9656 281.2426
   9.000   0.7801   0.01529   0.00350   0.0390   0.2582   0.9392  76.9657 281.2422
   9.000   0.7801   0.01529   0.00350   0.0390   0.2582   0.9392  76.9657 281.2422
   9.000   0.7801   0.01529   0.00350   0.0390   0.2582   0.9392  76.9657 281.2422
   9.000   0.7801   0.01529   0.00350   0.0390   0.2582   0.9392  76.9657 281.2422
  10.000   0.8672   0.01728   0.00433   0.0414   0.2345   0.9747  79.4138 290.0301
  10.000   0.8672   0.01728   0.00433   0.0414   0.2345   0.9747  79.4139 290.0279
  10.000   0.8672   0.01728   0.00433   0.0414   0.2345   0.9747  79.4139 290.0279
  10.000   0.8672   0.01728   0.00433   0.0414   0.2345   0.9747  79.4139 290.0279
  10.000   0.8672   0.01728   0.00433   0.0414   0.2345   0.9747  79.4139 290.0279
  11.000   0.9890   0.02006   0.00567   0.0348   0.2097   0.9879  82.1400 294.6734
  11.000   0.9890   0.02006   0.00567   0.0348   0.2097   0.9879  82.1400 294.6779
  11.000   0.9890   0.02006   0.00567   0.0348   0.2097   0.9879  82.1400 294.6780
  11.000   0.9890   0.02006   0.00567   0.0348   0.2097   0.9879  82.1400 294.6780
  11.000   0.9890   0.02006   0.00567   0.0348   0.2097   0.9879  82.1400 294.6780
  12.000   1.1050   0.02341   0.00734   0.0278   0.1871   0.9978  84.8309 298.8524
  12.000   1.1050   0.02341   0.00734   0.0278   0.1871   0.9978  84.8307 298.8406
  12.000   1.1050   0.02341   0.00734   0.0278   0.1871   0.9978  84.8307 298.8405
  12.000   1.1050   0.02341   0.00734   0.0278   0.1871   0.9978  84.8307 298.8405
  12.000   1.1050   0.02341   0.00734   0.0278   0.1871   0.9978  84.8307 298.8405
  13.000   1.1224   0.02664   0.00841   0.0373   0.1727   1.0000  86.6779 300.0000
  13.000   1.1224   0.02664   0.00841   0.0373   0.1727   1.0000  86.6779 300.0000
  13.000   1.1224   0.02664   0.00841   0.0373   0.1727   1.0000  86.6779 300.0000
  13.000   1.1224   0.02664   0.00841   0.0373   0.1727   1.0000  86.6779 300.0000
  13.000   1.1224   0.02664   0.00841   0.0373   0.1727   1.0000  86.6779 300.0000
  14.000   1.1350   0.03101   0.01023   0.0459   0.1600   1.0000  88.3929 300.0000
  14.000   1.1350   0.03101   0.01023   0.0459   0.1600   1.0000  88.3930 300.0000
  14.000   1.1350   0.03101   0.01023   0.0459   0.1600   1.0000  88.3930 300.0000
  14.000   1.1350   0.03101   0.01023   0.0459   0.1600   1.0000  88.3930 300.0000
  14.000   1.1350   0.03101   0.01023   0.0459   0.1600   1.0000  88.3930 300.0000
  15.000   1.1595   0.03705   0.01334   0.0495   0.1483   1.0000  90.0809 300.0000
  15.000   1.1595   0.03705   0.01334   0.0495   0.1483   1.0000  90.0809 300.0000
  15.000   1.1595   0.03705   0.01334   0.0495   0.1483   1.0000  90.0809 300.0000
  15.000   1.1595   0.03705   0.01334   0.0495   0.1483   1.0000  90.0809 300.0000
  15.000   1.1595   0.03705   0.01334   0.0495   0.1483   1.0000  90.0809 300.0000
  16.000   1.1847   0.04420   0.01736   0.0509   0.1375   1.0000  91.7357 300.0000
  16.000   1.1847   0.04420   0.01736   0.0509   0.1375   1.0000  91.7356 300.0000
  16.000   1.1847   0.04420   0.01736   0.0509   0.1375   1.0000  91.7356 300.0000
  16.000   1.1847   0.04420   0.01736   0.0509   0.1375   1.0000  91.7356 300.0000
  16.000   1.1847   0.04420   0.01736   0.0509   0.1375   1.0000  91.7356 300.0000
  17.000   1.2012   0.05285   0.02254   0.0510   0.1282   1.0000  93.2548 300.0000
  17.000   1.2012   0.05285   0.02254   0.0510   0.1282   1.0000  93.2548 300.0000
  17.000   1.2012   0.05285   0.02254   0.0510   0.1282   1.0000  93.2549 300.0000
  17.000   1.2012   0.05285   0.02254   0.0510   0.1282   1.0000  93.2549 300.0000
  17.000   1.2012   0.05285   0.02254   0.0510   0.1282   1.0000  93.2549 300.0000
  18.000   1.2115   0.06270   0.02876   0.0500   0.1195   1.0000  94.7519 300.0000
  18.000   1.2115   0.06271   0.02876   0.0500   0.1195   1.0000  94.7520 300.0000
  18.000   1.2115   0.06271   0.02876   0.0500   0.1195   1.0000  94.7521 300.0000
  18.000   1.2115   0.06271   0.02876   0.0500   0.1195   1.0000  94.7521 300.0000
  18.000   1.2115   0.06271   0.02876   0.0500   0.1195   1.0000  94.7521 300.0000
  19.000   1.2146   0.07377   0.03613   0.0479   0.1116   1.0000  96.1886 300.0000
  19.000   1.2146   0.07377   0.03613   0.0479   0.1116   1.0000  96.1887 300.0000
  19.000   1.2146   0.07377   0.03613   0.0479   0.1116   1.0000  96.1888 300.0000
  19.000   1.2146   0.07377   0.03613   0.0479   0.1116   1.0000  96.1888 300.0000
  19.000   1.2146   0.07377   0.03613   0.0479   0.1116   1.0000  96.1888 300.0000
