  
       XFOIL         Version 6.99
  
 Calculated polar for: GOE 776 AIRFOIL                                 
  
 1 1 Reynolds number fixed          Mach number fixed         
  
 xtrf =   1.000 (top)        1.000 (bottom)  
 Mach =   0.000     Re =     0.375 e 6     Ncrit =   9.000  9.000
  
   alpha    CL        CD       CDp       CM     Top_Xtr  Bot_Xtr  Top_Itr  Bot_Itr
  ------ -------- --------- --------- -------- -------- -------- -------- --------
   0.000  -0.0138   0.01188   0.00253  -0.0009   0.5611   0.5477  52.3540 247.7028
   0.000  -0.0138   0.01188   0.00253  -0.0009   0.5611   0.5477  52.3546 247.7007
   0.000  -0.0138   0.01188   0.00253  -0.0009   0.5611   0.5477  52.3546 247.7007
   0.000  -0.0138   0.01188   0.00253  -0.0009   0.5611   0.5477  52.3546 247.7007
   0.000  -0.0138   0.01188   0.00253  -0.0009   0.5611   0.5477  52.3546 247.7007
   1.000   0.0814   0.01191   0.00254   0.0028   0.5201   0.5901  55.3296 250.7335
   1.000   0.0814   0.01191   0.00254   0.0028   0.5201   0.5901  55.3296 250.7334
   1.000   0.0814   0.01191   0.00254   0.0028   0.5201   0.5901  55.3296 250.7334
   1.000   0.0814   0.01191   0.00254   0.0028   0.5201   0.5901  55.3296 250.7334
   1.000   0.0814   0.01191   0.00254   0.0028   0.5201   0.5901  55.3296 250.7334
   2.000   0.1765   0.01205   0.00257   0.0064   0.4822   0.6334  58.1478 253.7728
   2.000   0.1765   0.01205   0.00257   0.0064   0.4822   0.6334  58.1478 253.7728
   2.000   0.1765   0.01205   0.00257   0.0064   0.4822   0.6334  58.1478 253.7728
   2.000   0.1765   0.01205   0.00257   0.0064   0.4822   0.6334  58.1478 253.7728
   2.000   0.1765   0.01205   0.00257   0.0064   0.4822   0.6334  58.1478 253.7728
   3.000   0.2710   0.01228   0.00264   0.0101   0.4469   0.6776  60.8248 256.8612
   3.000   0.2710   0.01228   0.00264   0.0101   0.4469   0.6776  60.8248 256.8615
   3.000   0.2710   0.01228   0.00264   0.0101   0.4469   0.6776  60.8248 256.8615
   3.000   0.2710   0.01228   0.00264   0.0101   0.4469   0.6776  60.8248 256.8615
   3.000   0.2710   0.01228   0.00264   0.0101   0.4469   0.6776  60.8248 256.8615
   4.000   0.3642   0.01260   0.00275   0.0139   0.4146   0.7235  63.3331 260.0797
   4.000   0.3642   0.01260   0.00275   0.0139   0.4146   0.7235  63.3331 260.0796
   4.000   0.3642   0.01260   0.00275   0.0139   0.4146   0.7235  63.3331 260.0796
   4.000   0.3642   0.01260   0.00275   0.0139   0.4146   0.7235  63.3331 260.0796
   4.000   0.3642   0.01260   0.00275   0.0139   0.4146   0.7235  63.3331 260.0796
   5.000   0.4540   0.01303   0.00291   0.0183   0.3841   0.7717  65.7605 263.5462
   5.000   0.4540   0.01303   0.00291   0.0183   0.3841   0.7716  65.7605 263.5459
   5.000   0.4540   0.01303   0.00291   0.0183   0.3841   0.7716  65.7605 263.5459
   5.000   0.4540   0.01303   0.00291   0.0183   0.3841   0.7716  65.7605 263.5459
   5.000   0.4540   0.01303   0.00291   0.0183   0.3841   0.7716  65.7605 263.5459
   6.000   0.5352   0.01361   0.00308   0.0244   0.3557   0.8226  68.1009 267.4704
   6.000   0.5352   0.01361   0.00308   0.0244   0.3557   0.8226  68.1009 267.4704
   6.000   0.5352   0.01361   0.00308   0.0244   0.3557   0.8226  68.1009 267.4704
   6.000   0.5352   0.01361   0.00308   0.0244   0.3557   0.8226  68.1009 267.4704
   6.000   0.5352   0.01361   0.00308   0.0244   0.3557   0.8226  68.1009 267.4704
   7.000   0.6140   0.01448   0.00343   0.0306   0.3282   0.8740  70.4558 272.1505
   7.000   0.6140   0.01448   0.00343   0.0306   0.3282   0.8740  70.4557 272.1506
   7.000   0.6140   0.01448   0.00343   0.0306   0.3282   0.8740  70.4557 272.1506
   7.000   0.6140   0.01448   0.00343   0.0306   0.3282   0.8740  70.4557 272.1506
   7.000   0.6140   0.01448   0.00343   0.0306   0.3282   0.8740  70.4557 272.1506
   8.000   0.6886   0.01578   0.00396   0.0372   0.3024   0.9219  72.7539 278.2297
   8.000   0.6886   0.01578   0.00396   0.0372   0.3024   0.9219  72.7539 278.2292
   8.000   0.6886   0.01578   0.00396   0.0372   0.3024   0.9219  72.7539 278.2292
   8.000   0.6886   0.01578   0.00396   0.0372   0.3024   0.9219  72.7539 278.2292
   8.000   0.6886   0.01578   0.00396   0.0372   0.3024   0.9219  72.7539 278.2292
   9.000   0.7743   0.01764   0.00475   0.0408   0.2771   0.9609  75.1232 286.0864
   9.000   0.7743   0.01764   0.00475   0.0408   0.2771   0.9609  75.1232 286.0868
   9.000   0.7743   0.01764   0.00475   0.0408   0.2771   0.9609  75.1232 286.0868
   9.000   0.7743   0.01764   0.00475   0.0408   0.2771   0.9609  75.1232 286.0868
   9.000   0.7743   0.01764   0.00475   0.0408   0.2771   0.9609  75.1232 286.0868
  10.000   0.9022   0.02013   0.00596   0.0341   0.2493   0.9789  77.8641 291.3845
  10.000   0.9022   0.02013   0.00596   0.0341   0.2493   0.9788  77.8640 291.3797
  10.000   0.9022   0.02013   0.00596   0.0341   0.2493   0.9788  77.8640 291.3797
  10.000   0.9022   0.02013   0.00596   0.0341   0.2493   0.9788  77.8640 291.3797
  10.000   0.9022   0.02013   0.00596   0.0341   0.2493   0.9788  77.8640 291.3797
  11.000   1.0278   0.02304   0.00739   0.0262   0.2231   0.9925  80.6361 296.5219
  11.000   1.0279   0.02304   0.00739   0.0262   0.2231   0.9925  80.6360 296.5310
  11.000   1.0279   0.02304   0.00739   0.0262   0.2231   0.9925  80.6360 296.5311
  11.000   1.0279   0.02304   0.00739   0.0262   0.2231   0.9925  80.6360 296.5311
  11.000   1.0279   0.02304   0.00739   0.0262   0.2231   0.9925  80.6360 296.5311
  12.000   1.0925   0.02618   0.00863   0.0277   0.2031   1.0000  82.9010 300.0000
  12.000   1.0925   0.02618   0.00863   0.0277   0.2031   1.0000  82.9011 300.0000
  12.000   1.0925   0.02618   0.00863   0.0277   0.2031   1.0000  82.9011 300.0000
  12.000   1.0925   0.02618   0.00863   0.0277   0.2031   1.0000  82.9011 300.0000
  12.000   1.0925   0.02618   0.00863   0.0277   0.2031   1.0000  82.9011 300.0000
  13.000   1.0844   0.02928   0.00950   0.0415   0.1889   1.0000  84.6053 300.0000
  13.000   1.0844   0.02928   0.00950   0.0415   0.1889   1.0000  84.6053 300.0000
  13.000   1.0844   0.02928   0.00950   0.0415   0.1889   1.0000  84.6053 300.0000
  13.000   1.0844   0.02928   0.00950   0.0415   0.1889   1.0000  84.6053 300.0000
  13.000   1.0844   0.02928   0.00950   0.0415   0.1889   1.0000  84.6053 300.0000
  14.000   1.1008   0.03382   0.01148   0.0489   0.1750   1.0000  86.3705 300.0000
  14.000   1.1008   0.03382   0.01148   0.0489   0.1750   1.0000  86.3705 300.0000
  14.000   1.1008   0.03382   0.01148   0.0489   0.1750   1.0000  86.3705 300.0000
  14.000   1.1008   0.03382   0.01148   0.0489   0.1750   1.0000  86.3705 300.0000
  14.000   1.1008   0.03382   0.01148   0.0489   0.1750   1.0000  86.3705 300.0000
  15.000   1.1267   0.03968   0.01445   0.0524   0.1622   1.0000  88.0842 300.0000
  15.000   1.1267   0.03968   0.01445   0.0524   0.1622   1.0000  88.0842 300.0000
  15.000   1.1267   0.03968   0.01445   0.0524   0.1622   1.0000  88.0842 300.0000
  15.000   1.1267   0.03968   0.01445   0.0524   0.1622   1.0000  88.0842 300.0000
  15.000   1.1267   0.03968   0.01445   0.0524   0.1622   1.0000  88.0842 300.0000
  16.000   1.1522   0.04668   0.01840   0.0537   0.1504   1.0000  89.7745 300.0000
  16.000   1.1522   0.04668   0.01840   0.0537   0.1504   1.0000  89.7745 300.0000
  16.000   1.1522   0.04668   0.01840   0.0537   0.1504   1.0000  89.7745 300.0000
  16.000   1.1522   0.04668   0.01840   0.0537   0.1504   1.0000  89.7745 300.0000
  16.000   1.1522   0.04668   0.01840   0.0537   0.1504   1.0000  89.7745 300.0000
  17.000   1.1732   0.05475   0.02316   0.0538   0.1399   1.0000  91.3585 300.0000
  17.000   1.1732   0.05474   0.02316   0.0538   0.1399   1.0000  91.3581 300.0000
  17.000   1.1732   0.05474   0.02316   0.0538   0.1399   1.0000  91.3581 300.0000
  17.000   1.1732   0.05474   0.02316   0.0538   0.1399   1.0000  91.3581 300.0000
  17.000   1.1732   0.05474   0.02316   0.0538   0.1399   1.0000  91.3581 300.0000
  18.000   1.1899   0.06376   0.02870   0.0528   0.1304   1.0000  92.8802 300.0000
  18.000   1.1899   0.06376   0.02870   0.0528   0.1304   1.0000  92.8802 300.0000
  18.000   1.1899   0.06376   0.02870   0.0528   0.1304   1.0000  92.8802 300.0000
  18.000   1.1899   0.06376   0.02870   0.0528   0.1304   1.0000  92.8803 300.0000
  18.000   1.1899   0.06376   0.02870   0.0528   0.1304   1.0000  92.8803 300.0000
  19.000   1.2000   0.07398   0.03543   0.0508   0.1214   1.0000  94.4093 300.0000
  19.000   1.2000   0.07398   0.03543   0.0508   0.1214   1.0000  94.4091 300.0000
  19.000   1.2000   0.07398   0.03543   0.0508   0.1214   1.0000  94.4091 300.0000
  19.000   1.2000   0.07398   0.03543   0.0508   0.1214   1.0000  94.4091 300.0000
  19.000   1.2000   0.07398   0.03543   0.0508   0.1214   1.0000  94.4091 300.0000
