  
       XFOIL         Version 6.99
  
 Calculated polar for: GOE 434 AIRFOIL                                 
  
 1 1 Reynolds number fixed          Mach number fixed         
  
 xtrf =   1.000 (top)        1.000 (bottom)  
 Mach =   0.000     Re =     0.425 e 6     Ncrit =   9.000  9.000
  
   alpha    CL        CD       CDp       CM     Top_Xtr  Bot_Xtr  Top_Itr  Bot_Itr
  ------ -------- --------- --------- -------- -------- -------- -------- --------
   0.000   0.6689   0.01323   0.00379  -0.1446   0.5737   0.3682  51.8380 234.1369
   0.000   0.6689   0.01323   0.00379  -0.1446   0.5737   0.3682  51.8380 234.1370
   0.000   0.6689   0.01323   0.00379  -0.1446   0.5737   0.3682  51.8380 234.1370
   0.000   0.6689   0.01323   0.00379  -0.1446   0.5737   0.3682  51.8380 234.1370
   0.000   0.6689   0.01323   0.00379  -0.1446   0.5737   0.3682  51.8380 234.1370
   1.000   0.7858   0.01324   0.00364  -0.1448   0.5587   0.3851  52.9640 235.2899
   1.000   0.7858   0.01324   0.00364  -0.1448   0.5587   0.3851  52.9640 235.2897
   1.000   0.7858   0.01324   0.00364  -0.1448   0.5587   0.3851  52.9640 235.2897
   1.000   0.7858   0.01324   0.00364  -0.1448   0.5587   0.3851  52.9640 235.2897
   1.000   0.7858   0.01324   0.00364  -0.1448   0.5587   0.3851  52.9640 235.2897
   2.000   0.8988   0.01321   0.00348  -0.1444   0.5414   0.4025  54.3201 236.4412
   2.000   0.8988   0.01321   0.00348  -0.1444   0.5414   0.4025  54.3201 236.4397
   2.000   0.8988   0.01321   0.00348  -0.1444   0.5414   0.4025  54.3201 236.4397
   2.000   0.8988   0.01321   0.00348  -0.1444   0.5414   0.4025  54.3201 236.4397
   2.000   0.8988   0.01321   0.00348  -0.1444   0.5414   0.4025  54.3201 236.4397
   3.000   1.0095   0.01321   0.00317  -0.1435   0.5213   0.4240  55.9494 237.8185
   3.000   1.0095   0.01321   0.00317  -0.1435   0.5213   0.4239  55.9494 237.8159
   3.000   1.0095   0.01321   0.00317  -0.1435   0.5213   0.4239  55.9494 237.8158
   3.000   1.0095   0.01321   0.00317  -0.1435   0.5213   0.4239  55.9494 237.8158
   3.000   1.0095   0.01321   0.00317  -0.1435   0.5213   0.4239  55.9494 237.8158
   4.000   1.1161   0.01333   0.00302  -0.1422   0.4986   0.4496  57.8665 239.4249
   4.000   1.1161   0.01333   0.00302  -0.1422   0.4986   0.4496  57.8667 239.4247
   4.000   1.1161   0.01333   0.00302  -0.1422   0.4986   0.4496  57.8667 239.4247
   4.000   1.1161   0.01333   0.00302  -0.1422   0.4986   0.4496  57.8667 239.4247
   4.000   1.1161   0.01333   0.00302  -0.1422   0.4986   0.4496  57.8667 239.4247
   5.000   1.2166   0.01370   0.00294  -0.1399   0.4710   0.4862  60.2849 241.6735
   5.000   1.2166   0.01370   0.00294  -0.1399   0.4710   0.4862  60.2849 241.6734
   5.000   1.2166   0.01370   0.00294  -0.1399   0.4710   0.4862  60.2849 241.6734
   5.000   1.2166   0.01370   0.00294  -0.1399   0.4710   0.4862  60.2849 241.6734
   5.000   1.2166   0.01370   0.00294  -0.1399   0.4710   0.4862  60.2849 241.6734
   6.000   1.3015   0.01450   0.00298  -0.1351   0.4343   0.5350  63.5663 244.6694
   6.000   1.3015   0.01450   0.00298  -0.1351   0.4343   0.5350  63.5663 244.6689
   6.000   1.3015   0.01450   0.00298  -0.1351   0.4343   0.5350  63.5663 244.6688
   6.000   1.3015   0.01450   0.00298  -0.1351   0.4343   0.5350  63.5663 244.6688
   6.000   1.3015   0.01450   0.00298  -0.1351   0.4343   0.5350  63.5663 244.6688
   7.000   1.3668   0.01619   0.00347  -0.1278   0.3878   0.5913  67.7574 248.2472
   7.000   1.3668   0.01619   0.00347  -0.1278   0.3878   0.5913  67.7575 248.2468
   7.000   1.3668   0.01619   0.00347  -0.1278   0.3878   0.5913  67.7575 248.2468
   7.000   1.3668   0.01619   0.00347  -0.1278   0.3878   0.5913  67.7575 248.2468
   7.000   1.3668   0.01619   0.00347  -0.1278   0.3878   0.5913  67.7575 248.2468
   8.000   1.3994   0.01999   0.00514  -0.1180   0.3129   0.6486  74.7425 252.0589
   8.000   1.3994   0.01999   0.00514  -0.1180   0.3129   0.6486  74.7422 252.0596
   8.000   1.3994   0.01999   0.00514  -0.1180   0.3129   0.6486  74.7422 252.0596
   8.000   1.3994   0.01999   0.00514  -0.1180   0.3129   0.6486  74.7422 252.0596
   8.000   1.3994   0.01999   0.00514  -0.1180   0.3129   0.6486  74.7422 252.0596
   9.000   1.4011   0.02719   0.00928  -0.1085   0.2506   0.7154  80.9248 256.7241
   9.000   1.4011   0.02719   0.00928  -0.1085   0.2506   0.7154  80.9249 256.7235
   9.000   1.4011   0.02719   0.00928  -0.1085   0.2506   0.7154  80.9249 256.7234
   9.000   1.4011   0.02719   0.00928  -0.1085   0.2506   0.7154  80.9249 256.7234
   9.000   1.4011   0.02719   0.00928  -0.1085   0.2506   0.7154  80.9249 256.7234
  10.000   1.4222   0.03404   0.01357  -0.1026   0.2291   0.8273  83.1452 266.1303
  10.000   1.4222   0.03404   0.01357  -0.1026   0.2291   0.8273  83.1451 266.1301
  10.000   1.4222   0.03404   0.01357  -0.1026   0.2291   0.8273  83.1451 266.1303
  10.000   1.4222   0.03404   0.01357  -0.1026   0.2291   0.8273  83.1451 266.1303
  10.000   1.4222   0.03404   0.01357  -0.1026   0.2291   0.8273  83.1451 266.1303
  11.000   1.4503   0.04048   0.01737  -0.0978   0.2161   1.0000  84.5395 300.0000
  11.000   1.4503   0.04048   0.01737  -0.0978   0.2161   1.0000  84.5394 300.0000
  11.000   1.4503   0.04048   0.01737  -0.0978   0.2161   1.0000  84.5394 300.0000
  11.000   1.4503   0.04048   0.01737  -0.0978   0.2161   1.0000  84.5394 300.0000
  11.000   1.4503   0.04048   0.01737  -0.0978   0.2161   1.0000  84.5394 300.0000
  12.000   1.4876   0.04710   0.02113  -0.0948   0.2060   1.0000  85.6373 300.0000
  12.000   1.4876   0.04710   0.02113  -0.0948   0.2060   1.0000  85.6372 300.0000
  12.000   1.4876   0.04710   0.02113  -0.0948   0.2060   1.0000  85.6372 300.0000
  12.000   1.4876   0.04710   0.02113  -0.0948   0.2060   1.0000  85.6372 300.0000
  12.000   1.4876   0.04710   0.02113  -0.0948   0.2060   1.0000  85.6372 300.0000
  13.000   1.5278   0.05355   0.02470  -0.0922   0.1973   1.0000  86.6111 300.0000
  13.000   1.5278   0.05355   0.02470  -0.0922   0.1973   1.0000  86.6112 300.0000
  13.000   1.5278   0.05355   0.02470  -0.0922   0.1973   1.0000  86.6112 300.0000
  13.000   1.5278   0.05355   0.02470  -0.0922   0.1973   1.0000  86.6112 300.0000
  13.000   1.5278   0.05355   0.02470  -0.0922   0.1973   1.0000  86.6112 300.0000
  14.000   1.5675   0.06019   0.02835  -0.0900   0.1888   1.0000  87.5938 300.0000
  14.000   1.5675   0.06019   0.02835  -0.0900   0.1888   1.0000  87.5938 300.0000
  14.000   1.5675   0.06019   0.02835  -0.0900   0.1888   1.0000  87.5938 300.0000
  14.000   1.5675   0.06019   0.02835  -0.0900   0.1888   1.0000  87.5938 300.0000
  14.000   1.5675   0.06019   0.02835  -0.0900   0.1888   1.0000  87.5938 300.0000
  15.000   1.6059   0.06707   0.03212  -0.0883   0.1810   1.0000  88.5201 300.0000
  15.000   1.6060   0.06707   0.03212  -0.0883   0.1810   1.0000  88.5203 300.0000
  15.000   1.6060   0.06707   0.03212  -0.0883   0.1810   1.0000  88.5203 300.0000
  15.000   1.6060   0.06707   0.03212  -0.0883   0.1810   1.0000  88.5203 300.0000
  15.000   1.6060   0.06707   0.03212  -0.0883   0.1810   1.0000  88.5203 300.0000
  16.000   1.6399   0.07457   0.03639  -0.0870   0.1732   1.0000  89.4849 300.0000
  16.000   1.6400   0.07457   0.03639  -0.0870   0.1732   1.0000  89.4850 300.0000
  16.000   1.6400   0.07457   0.03639  -0.0870   0.1732   1.0000  89.4850 300.0000
  16.000   1.6400   0.07457   0.03639  -0.0870   0.1732   1.0000  89.4850 300.0000
  16.000   1.6400   0.07457   0.03639  -0.0870   0.1732   1.0000  89.4850 300.0000
  17.000   1.6661   0.08319   0.04169  -0.0863   0.1647   1.0000  90.5892 300.0000
  17.000   1.6661   0.08319   0.04169  -0.0863   0.1647   1.0000  90.5893 300.0000
  17.000   1.6661   0.08319   0.04169  -0.0863   0.1647   1.0000  90.5893 300.0000
  17.000   1.6661   0.08319   0.04169  -0.0863   0.1647   1.0000  90.5894 300.0000
  17.000   1.6661   0.08319   0.04169  -0.0863   0.1647   1.0000  90.5894 300.0000
  18.000   1.6830   0.09314   0.04837  -0.0864   0.1549   1.0000  91.9114 300.0000
  18.000   1.6829   0.09313   0.04837  -0.0864   0.1549   1.0000  91.9111 300.0000
  18.000   1.6829   0.09313   0.04837  -0.0864   0.1549   1.0000  91.9110 300.0000
  18.000   1.6829   0.09313   0.04837  -0.0864   0.1549   1.0000  91.9110 300.0000
  18.000   1.6829   0.09313   0.04837  -0.0864   0.1549   1.0000  91.9110 300.0000
  19.000   1.6877   0.10493   0.05749  -0.0876   0.1424   1.0000  93.7337 300.0000
  19.000   1.6877   0.10492   0.05749  -0.0876   0.1424   1.0000  93.7334 300.0000
  19.000   1.6877   0.10492   0.05749  -0.0876   0.1424   1.0000  93.7333 300.0000
  19.000   1.6877   0.10492   0.05749  -0.0876   0.1424   1.0000  93.7333 300.0000
  19.000   1.6877   0.10492   0.05749  -0.0876   0.1424   1.0000  93.7333 300.0000
