  
       XFOIL         Version 6.99
  
 Calculated polar for: GOE 434 AIRFOIL                                 
  
 1 1 Reynolds number fixed          Mach number fixed         
  
 xtrf =   1.000 (top)        1.000 (bottom)  
 Mach =   0.000     Re =     0.525 e 6     Ncrit =   9.000  9.000
  
   alpha    CL        CD       CDp       CM     Top_Xtr  Bot_Xtr  Top_Itr  Bot_Itr
  ------ -------- --------- --------- -------- -------- -------- -------- --------
   0.000   0.6698   0.01194   0.00300  -0.1445   0.5635   0.3564  52.6038 233.3071
   0.000   0.6698   0.01194   0.00300  -0.1445   0.5635   0.3564  52.6038 233.3070
   0.000   0.6698   0.01194   0.00300  -0.1445   0.5635   0.3564  52.6038 233.3070
   0.000   0.6698   0.01194   0.00300  -0.1445   0.5635   0.3564  52.6038 233.3070
   0.000   0.6698   0.01194   0.00300  -0.1445   0.5635   0.3564  52.6038 233.3070
   2.000   0.9011   0.01200   0.00269  -0.1445   0.5317   0.3899  55.0990 235.6068
   2.000   0.9011   0.01200   0.00269  -0.1445   0.5317   0.3899  55.0990 235.6069
   2.000   0.9011   0.01200   0.00269  -0.1445   0.5317   0.3899  55.0990 235.6069
   2.000   0.9011   0.01200   0.00269  -0.1445   0.5317   0.3899  55.0990 235.6069
   2.000   0.9011   0.01200   0.00269  -0.1445   0.5317   0.3899  55.0990 235.6069
   3.000   1.0119   0.01207   0.00250  -0.1437   0.5101   0.4105  56.8904 236.9601
   3.000   1.0119   0.01207   0.00250  -0.1437   0.5101   0.4105  56.8904 236.9601
   3.000   1.0119   0.01207   0.00250  -0.1437   0.5101   0.4105  56.8904 236.9601
   3.000   1.0119   0.01207   0.00250  -0.1437   0.5101   0.4105  56.8904 236.9601
   3.000   1.0119   0.01207   0.00250  -0.1437   0.5101   0.4105  56.8904 236.9601
   4.000   1.1196   0.01228   0.00241  -0.1426   0.4862   0.4355  58.9427 238.5405
   4.000   1.1196   0.01228   0.00241  -0.1426   0.4862   0.4354  58.9439 238.5397
   4.000   1.1196   0.01228   0.00241  -0.1426   0.4862   0.4355  58.9439 238.5398
   4.000   1.1196   0.01228   0.00241  -0.1426   0.4862   0.4355  58.9439 238.5398
   4.000   1.1196   0.01228   0.00241  -0.1426   0.4862   0.4355  58.9439 238.5398
   5.000   1.2195   0.01278   0.00240  -0.1402   0.4540   0.4699  61.7981 240.6725
   5.000   1.2195   0.01278   0.00240  -0.1402   0.4540   0.4699  61.7981 240.6727
   5.000   1.2195   0.01278   0.00240  -0.1402   0.4540   0.4699  61.7981 240.6727
   5.000   1.2195   0.01278   0.00240  -0.1402   0.4540   0.4699  61.7981 240.6727
   5.000   1.2195   0.01278   0.00240  -0.1402   0.4540   0.4699  61.7981 240.6727
   6.000   1.3020   0.01373   0.00255  -0.1351   0.4144   0.5171  65.3540 243.5646
   6.000   1.3020   0.01373   0.00255  -0.1351   0.4144   0.5171  65.3540 243.5647
   6.000   1.3020   0.01373   0.00255  -0.1351   0.4144   0.5171  65.3540 243.5647
   6.000   1.3020   0.01373   0.00255  -0.1351   0.4144   0.5171  65.3540 243.5647
   6.000   1.3020   0.01373   0.00255  -0.1351   0.4144   0.5171  65.3540 243.5647
   7.000   1.3682   0.01566   0.00322  -0.1282   0.3622   0.5728  70.0954 247.0531
   7.000   1.3682   0.01566   0.00322  -0.1282   0.3622   0.5728  70.0954 247.0537
   7.000   1.3682   0.01566   0.00322  -0.1282   0.3622   0.5728  70.0954 247.0537
   7.000   1.3682   0.01566   0.00322  -0.1282   0.3622   0.5728  70.0954 247.0537
   7.000   1.3682   0.01566   0.00322  -0.1282   0.3622   0.5728  70.0954 247.0537
   8.000   1.3913   0.02023   0.00537  -0.1176   0.2735   0.6243  78.6109 250.4267
   8.000   1.3913   0.02023   0.00537  -0.1176   0.2735   0.6243  78.6108 250.4276
   8.000   1.3913   0.02023   0.00537  -0.1176   0.2735   0.6243  78.6108 250.4276
   8.000   1.3913   0.02023   0.00537  -0.1176   0.2735   0.6243  78.6108 250.4276
   8.000   1.3913   0.02023   0.00537  -0.1176   0.2735   0.6243  78.6108 250.4276
   9.000   1.4116   0.02643   0.00896  -0.1099   0.2332   0.6866  82.7236 254.6720
   9.000   1.4116   0.02643   0.00896  -0.1099   0.2332   0.6866  82.7233 254.6727
   9.000   1.4116   0.02643   0.00896  -0.1099   0.2332   0.6866  82.7232 254.6732
   9.000   1.4116   0.02643   0.00896  -0.1099   0.2332   0.6866  82.7232 254.6733
   9.000   1.4116   0.02643   0.00896  -0.1099   0.2332   0.6866  82.7232 254.6733
  10.000   1.4428   0.03271   0.01284  -0.1048   0.2166   0.7803  84.4802 261.8329
  10.000   1.4428   0.03271   0.01284  -0.1048   0.2166   0.7803  84.4802 261.8323
  10.000   1.4428   0.03271   0.01284  -0.1048   0.2166   0.7803  84.4801 261.8327
  10.000   1.4428   0.03271   0.01284  -0.1048   0.2166   0.7803  84.4801 261.8328
  10.000   1.4428   0.03271   0.01284  -0.1048   0.2166   0.7803  84.4801 261.8328
  11.000   1.4707   0.03901   0.01669  -0.0998   0.2058   1.0000  85.6615 300.0000
  11.000   1.4707   0.03901   0.01669  -0.0999   0.2058   1.0000  85.6617 300.0000
  11.000   1.4707   0.03901   0.01669  -0.0999   0.2058   1.0000  85.6617 300.0000
  11.000   1.4707   0.03901   0.01669  -0.0999   0.2058   1.0000  85.6617 300.0000
  11.000   1.4707   0.03901   0.01669  -0.0999   0.2058   1.0000  85.6617 300.0000
  12.000   1.5064   0.04585   0.02063  -0.0968   0.1970   1.0000  86.6454 300.0000
  12.000   1.5064   0.04586   0.02063  -0.0968   0.1970   1.0000  86.6455 300.0000
  12.000   1.5064   0.04586   0.02063  -0.0968   0.1970   1.0000  86.6456 300.0000
  12.000   1.5064   0.04586   0.02063  -0.0968   0.1970   1.0000  86.6456 300.0000
  12.000   1.5064   0.04586   0.02063  -0.0968   0.1970   1.0000  86.6456 300.0000
  13.000   1.5434   0.05272   0.02454  -0.0942   0.1890   1.0000  87.5690 300.0000
  13.000   1.5433   0.05272   0.02454  -0.0942   0.1890   1.0000  87.5688 300.0000
  13.000   1.5433   0.05272   0.02454  -0.0942   0.1890   1.0000  87.5688 300.0000
  13.000   1.5433   0.05272   0.02454  -0.0942   0.1890   1.0000  87.5688 300.0000
  13.000   1.5433   0.05272   0.02454  -0.0942   0.1890   1.0000  87.5688 300.0000
  14.000   1.5795   0.05982   0.02855  -0.0921   0.1812   1.0000  88.5060 300.0000
  14.000   1.5795   0.05982   0.02855  -0.0921   0.1812   1.0000  88.5059 300.0000
  14.000   1.5795   0.05982   0.02855  -0.0921   0.1812   1.0000  88.5059 300.0000
  14.000   1.5795   0.05982   0.02855  -0.0921   0.1812   1.0000  88.5059 300.0000
  14.000   1.5795   0.05982   0.02855  -0.0921   0.1812   1.0000  88.5059 300.0000
  15.000   1.6146   0.06712   0.03268  -0.0903   0.1740   1.0000  89.3881 300.0000
  15.000   1.6146   0.06712   0.03268  -0.0903   0.1740   1.0000  89.3880 300.0000
  15.000   1.6146   0.06712   0.03268  -0.0903   0.1740   1.0000  89.3880 300.0000
  15.000   1.6146   0.06712   0.03268  -0.0903   0.1740   1.0000  89.3880 300.0000
  15.000   1.6146   0.06712   0.03268  -0.0903   0.1740   1.0000  89.3880 300.0000
  16.000   1.6465   0.07492   0.03719  -0.0890   0.1666   1.0000  90.3398 300.0000
  16.000   1.6465   0.07493   0.03719  -0.0890   0.1666   1.0000  90.3398 300.0000
  16.000   1.6465   0.07493   0.03719  -0.0890   0.1666   1.0000  90.3399 300.0000
  16.000   1.6465   0.07493   0.03719  -0.0890   0.1666   1.0000  90.3399 300.0000
  16.000   1.6465   0.07493   0.03719  -0.0890   0.1666   1.0000  90.3399 300.0000
  17.000   1.6721   0.08367   0.04257  -0.0883   0.1580   1.0000  91.4828 300.0000
  17.000   1.6721   0.08366   0.04257  -0.0883   0.1580   1.0000  91.4827 300.0000
  17.000   1.6721   0.08366   0.04257  -0.0883   0.1580   1.0000  91.4827 300.0000
  17.000   1.6721   0.08366   0.04257  -0.0883   0.1580   1.0000  91.4827 300.0000
  17.000   1.6721   0.08366   0.04257  -0.0883   0.1580   1.0000  91.4827 300.0000
  18.000   1.6889   0.09362   0.04921  -0.0882   0.1482   1.0000  92.8779 300.0000
  18.000   1.6888   0.09362   0.04921  -0.0882   0.1482   1.0000  92.8777 300.0000
  18.000   1.6888   0.09362   0.04921  -0.0882   0.1482   1.0000  92.8776 300.0000
  18.000   1.6888   0.09362   0.04921  -0.0882   0.1482   1.0000  92.8776 300.0000
  18.000   1.6888   0.09362   0.04921  -0.0882   0.1482   1.0000  92.8776 300.0000
  19.000   1.6958   0.10495   0.05771  -0.0891   0.1349   1.0000  94.8893 300.0000
  19.000   1.6959   0.10495   0.05771  -0.0891   0.1349   1.0000  94.8897 300.0000
  19.000   1.6959   0.10495   0.05771  -0.0891   0.1349   1.0000  94.8897 300.0000
  19.000   1.6959   0.10495   0.05771  -0.0891   0.1349   1.0000  94.8898 300.0000
  19.000   1.6959   0.10495   0.05771  -0.0891   0.1349   1.0000  94.8898 300.0000
