  
       XFOIL         Version 6.99
  
 Calculated polar for: GOE 434 AIRFOIL                                 
  
 1 1 Reynolds number fixed          Mach number fixed         
  
 xtrf =   1.000 (top)        1.000 (bottom)  
 Mach =   0.000     Re =     0.350 e 6     Ncrit =   9.000  9.000
  
   alpha    CL        CD       CDp       CM     Top_Xtr  Bot_Xtr  Top_Itr  Bot_Itr
  ------ -------- --------- --------- -------- -------- -------- -------- --------
   0.000   0.6674   0.01470   0.00478  -0.1446   0.5839   0.3799  51.0801 234.9391
   0.000   0.6674   0.01470   0.00478  -0.1446   0.5839   0.3799  51.0801 234.9392
   0.000   0.6674   0.01470   0.00478  -0.1446   0.5839   0.3799  51.0801 234.9392
   0.000   0.6674   0.01470   0.00478  -0.1446   0.5839   0.3799  51.0801 234.9392
   0.000   0.6674   0.01470   0.00478  -0.1446   0.5839   0.3799  51.0801 234.9392
   1.000   0.7824   0.01466   0.00465  -0.1445   0.5679   0.3970  52.2731 236.0791
   1.000   0.7824   0.01466   0.00465  -0.1445   0.5679   0.3970  52.2731 236.0789
   1.000   0.7824   0.01466   0.00465  -0.1445   0.5679   0.3970  52.2731 236.0789
   1.000   0.7824   0.01466   0.00465  -0.1445   0.5679   0.3970  52.2731 236.0789
   1.000   0.7824   0.01466   0.00465  -0.1445   0.5679   0.3970  52.2731 236.0789
   2.000   0.8959   0.01458   0.00444  -0.1442   0.5505   0.4157  53.6004 237.2907
   2.000   0.8959   0.01458   0.00444  -0.1442   0.5505   0.4157  53.6004 237.2907
   2.000   0.8959   0.01458   0.00444  -0.1442   0.5505   0.4157  53.6004 237.2907
   2.000   0.8959   0.01458   0.00444  -0.1442   0.5505   0.4157  53.6004 237.2907
   2.000   0.8959   0.01458   0.00444  -0.1442   0.5505   0.4157  53.6004 237.2907
   3.000   1.0071   0.01451   0.00405  -0.1434   0.5312   0.4371  55.1345 238.6461
   3.000   1.0071   0.01451   0.00405  -0.1434   0.5312   0.4371  55.1345 238.6461
   3.000   1.0071   0.01451   0.00405  -0.1434   0.5312   0.4371  55.1345 238.6461
   3.000   1.0071   0.01451   0.00405  -0.1434   0.5312   0.4371  55.1345 238.6461
   3.000   1.0071   0.01451   0.00405  -0.1434   0.5312   0.4371  55.1345 238.6461
   4.000   1.1135   0.01455   0.00379  -0.1420   0.5099   0.4641  56.9063 240.3160
   4.000   1.1135   0.01455   0.00379  -0.1420   0.5099   0.4640  56.9064 240.3127
   4.000   1.1135   0.01455   0.00379  -0.1420   0.5099   0.4640  56.9064 240.3126
   4.000   1.1135   0.01455   0.00379  -0.1420   0.5099   0.4640  56.9064 240.3126
   4.000   1.1135   0.01455   0.00379  -0.1420   0.5099   0.4640  56.9064 240.3126
   5.000   1.2139   0.01482   0.00363  -0.1396   0.4849   0.5020  59.0562 242.6399
   5.000   1.2139   0.01482   0.00363  -0.1396   0.4849   0.5020  59.0562 242.6399
   5.000   1.2139   0.01482   0.00363  -0.1396   0.4849   0.5020  59.0562 242.6399
   5.000   1.2139   0.01482   0.00363  -0.1396   0.4849   0.5020  59.0562 242.6399
   5.000   1.2139   0.01482   0.00363  -0.1396   0.4849   0.5020  59.0562 242.6399
   6.000   1.3013   0.01546   0.00356  -0.1353   0.4518   0.5524  61.9974 245.7547
   6.000   1.3013   0.01546   0.00356  -0.1353   0.4518   0.5524  61.9974 245.7542
   6.000   1.3013   0.01546   0.00356  -0.1353   0.4518   0.5524  61.9974 245.7541
   6.000   1.3013   0.01546   0.00356  -0.1353   0.4518   0.5524  61.9974 245.7541
   6.000   1.3013   0.01546   0.00356  -0.1353   0.4518   0.5524  61.9974 245.7541
   7.000   1.3650   0.01688   0.00385  -0.1275   0.4086   0.6094  65.8786 249.4385
   7.000   1.3650   0.01688   0.00385  -0.1275   0.4086   0.6094  65.8786 249.4379
   7.000   1.3650   0.01688   0.00385  -0.1275   0.4086   0.6094  65.8786 249.4379
   7.000   1.3650   0.01688   0.00385  -0.1275   0.4086   0.6094  65.8786 249.4379
   7.000   1.3650   0.01688   0.00385  -0.1275   0.4086   0.6094  65.8786 249.4379
   8.000   1.4040   0.02007   0.00516  -0.1181   0.3461   0.6719  71.5909 253.6513
   8.000   1.4040   0.02007   0.00516  -0.1181   0.3461   0.6719  71.5904 253.6542
   8.000   1.4040   0.02007   0.00516  -0.1181   0.3461   0.6719  71.5904 253.6544
   8.000   1.4040   0.02007   0.00516  -0.1181   0.3461   0.6719  71.5904 253.6544
   8.000   1.4040   0.02007   0.00516  -0.1181   0.3461   0.6719  71.5904 253.6544
   9.000   1.3996   0.02725   0.00915  -0.1075   0.2714   0.7457  78.8200 259.0101
   9.000   1.3996   0.02725   0.00915  -0.1075   0.2714   0.7457  78.8200 259.0103
   9.000   1.3996   0.02725   0.00915  -0.1075   0.2714   0.7457  78.8200 259.0103
   9.000   1.3996   0.02725   0.00915  -0.1075   0.2714   0.7457  78.8200 259.0103
   9.000   1.3996   0.02725   0.00915  -0.1075   0.2714   0.7457  78.8200 259.0103
  10.000   1.4056   0.03436   0.01355  -0.0998   0.2426   1.0000  81.7437 300.0000
  10.000   1.4056   0.03436   0.01355  -0.0998   0.2426   1.0000  81.7441 300.0000
  10.000   1.4056   0.03436   0.01355  -0.0998   0.2426   1.0000  81.7442 300.0000
  10.000   1.4056   0.03436   0.01355  -0.0998   0.2426   1.0000  81.7442 300.0000
  10.000   1.4056   0.03436   0.01355  -0.0998   0.2426   1.0000  81.7442 300.0000
  11.000   1.4379   0.04121   0.01748  -0.0960   0.2271   1.0000  83.3668 300.0000
  11.000   1.4379   0.04121   0.01748  -0.0960   0.2271   1.0000  83.3666 300.0000
  11.000   1.4379   0.04121   0.01748  -0.0960   0.2271   1.0000  83.3666 300.0000
  11.000   1.4379   0.04121   0.01748  -0.0960   0.2271   1.0000  83.3666 300.0000
  11.000   1.4379   0.04121   0.01748  -0.0960   0.2271   1.0000  83.3666 300.0000
  12.000   1.4775   0.04752   0.02098  -0.0930   0.2153   1.0000  84.6163 300.0000
  12.000   1.4775   0.04752   0.02098  -0.0930   0.2153   1.0000  84.6164 300.0000
  12.000   1.4775   0.04752   0.02098  -0.0930   0.2153   1.0000  84.6164 300.0000
  12.000   1.4775   0.04752   0.02098  -0.0930   0.2153   1.0000  84.6164 300.0000
  12.000   1.4775   0.04752   0.02098  -0.0930   0.2153   1.0000  84.6164 300.0000
  13.000   1.5217   0.05348   0.02411  -0.0903   0.2057   1.0000  85.6698 300.0000
  13.000   1.5217   0.05348   0.02411  -0.0903   0.2057   1.0000  85.6697 300.0000
  13.000   1.5217   0.05348   0.02411  -0.0903   0.2057   1.0000  85.6697 300.0000
  13.000   1.5217   0.05348   0.02411  -0.0903   0.2057   1.0000  85.6697 300.0000
  13.000   1.5217   0.05348   0.02411  -0.0903   0.2057   1.0000  85.6697 300.0000
  14.000   1.5651   0.05962   0.02732  -0.0881   0.1966   1.0000  86.6964 300.0000
  14.000   1.5651   0.05962   0.02732  -0.0881   0.1966   1.0000  86.6963 300.0000
  14.000   1.5650   0.05962   0.02732  -0.0881   0.1966   1.0000  86.6963 300.0000
  14.000   1.5650   0.05962   0.02732  -0.0881   0.1966   1.0000  86.6963 300.0000
  14.000   1.5650   0.05962   0.02732  -0.0881   0.1966   1.0000  86.6963 300.0000
  15.000   1.6065   0.06606   0.03071  -0.0862   0.1881   1.0000  87.6737 300.0000
  15.000   1.6065   0.06606   0.03071  -0.0862   0.1881   1.0000  87.6738 300.0000
  15.000   1.6065   0.06606   0.03071  -0.0862   0.1881   1.0000  87.6739 300.0000
  15.000   1.6065   0.06606   0.03071  -0.0862   0.1881   1.0000  87.6739 300.0000
  15.000   1.6065   0.06606   0.03071  -0.0862   0.1881   1.0000  87.6739 300.0000
  16.000   1.6427   0.07320   0.03466  -0.0848   0.1798   1.0000  88.6733 300.0000
  16.000   1.6427   0.07320   0.03466  -0.0848   0.1798   1.0000  88.6732 300.0000
  16.000   1.6427   0.07320   0.03466  -0.0848   0.1798   1.0000  88.6732 300.0000
  16.000   1.6427   0.07320   0.03466  -0.0848   0.1798   1.0000  88.6732 300.0000
  16.000   1.6427   0.07320   0.03466  -0.0848   0.1798   1.0000  88.6732 300.0000
  17.000   1.6703   0.08148   0.03964  -0.0841   0.1710   1.0000  89.7720 300.0000
  17.000   1.6703   0.08148   0.03964  -0.0841   0.1710   1.0000  89.7721 300.0000
  17.000   1.6703   0.08148   0.03964  -0.0841   0.1710   1.0000  89.7721 300.0000
  17.000   1.6703   0.08148   0.03964  -0.0841   0.1710   1.0000  89.7721 300.0000
  17.000   1.6703   0.08148   0.03964  -0.0841   0.1710   1.0000  89.7721 300.0000
  18.000   1.6880   0.09115   0.04604  -0.0841   0.1611   1.0000  91.0683 300.0000
  18.000   1.6880   0.09115   0.04604  -0.0841   0.1611   1.0000  91.0685 300.0000
  18.000   1.6880   0.09115   0.04604  -0.0841   0.1611   1.0000  91.0685 300.0000
  18.000   1.6880   0.09115   0.04604  -0.0841   0.1611   1.0000  91.0685 300.0000
  18.000   1.6880   0.09115   0.04604  -0.0841   0.1611   1.0000  91.0685 300.0000
  19.000   1.6873   0.10371   0.05599  -0.0857   0.1487   1.0000  92.7971 300.0000
  19.000   1.6873   0.10371   0.05599  -0.0857   0.1487   1.0000  92.7968 300.0000
  19.000   1.6873   0.10371   0.05599  -0.0857   0.1487   1.0000  92.7968 300.0000
  19.000   1.6873   0.10371   0.05599  -0.0857   0.1487   1.0000  92.7968 300.0000
  19.000   1.6873   0.10371   0.05599  -0.0857   0.1487   1.0000  92.7968 300.0000
