  
       XFOIL         Version 6.99
  
 Calculated polar for: GOE 390 AIRFOIL                                 
  
 1 1 Reynolds number fixed          Mach number fixed         
  
 xtrf =   1.000 (top)        1.000 (bottom)  
 Mach =   0.000     Re =     0.275 e 6     Ncrit =   9.000  9.000
  
   alpha    CL        CD       CDp       CM     Top_Xtr  Bot_Xtr  Top_Itr  Bot_Itr
  ------ -------- --------- --------- -------- -------- -------- -------- --------
   0.000   0.7220   0.01473   0.00365  -0.1345   0.5710   0.2641  57.4453 225.6897
   0.000   0.7220   0.01473   0.00365  -0.1345   0.5710   0.2641  57.4453 225.6896
   0.000   0.7220   0.01473   0.00365  -0.1345   0.5710   0.2641  57.4453 225.6896
   0.000   0.7220   0.01473   0.00365  -0.1345   0.5710   0.2641  57.4453 225.6896
   0.000   0.7220   0.01473   0.00365  -0.1345   0.5710   0.2641  57.4453 225.6896
   1.000   0.8164   0.01413   0.00356  -0.1317   0.5437   0.5304  59.7697 244.6156
   1.000   0.8164   0.01413   0.00356  -0.1317   0.5437   0.5304  59.7697 244.6125
   1.000   0.8164   0.01413   0.00356  -0.1317   0.5437   0.5304  59.7697 244.6125
   1.000   0.8164   0.01413   0.00356  -0.1317   0.5437   0.5304  59.7697 244.6125
   1.000   0.8164   0.01413   0.00356  -0.1317   0.5437   0.5304  59.7697 244.6125
   2.000   0.9383   0.01383   0.00376  -0.1332   0.5169   1.0000  62.0968 300.0000
   2.000   0.9383   0.01383   0.00376  -0.1332   0.5169   1.0000  62.0968 300.0000
   2.000   0.9383   0.01383   0.00376  -0.1332   0.5169   1.0000  62.0968 300.0000
   2.000   0.9383   0.01383   0.00376  -0.1332   0.5169   1.0000  62.0968 300.0000
   2.000   0.9383   0.01383   0.00376  -0.1332   0.5169   1.0000  62.0968 300.0000
   3.000   1.0239   0.01463   0.00368  -0.1287   0.4932   1.0000  64.1836 300.0000
   3.000   1.0239   0.01463   0.00368  -0.1287   0.4932   1.0000  64.1836 300.0000
   3.000   1.0239   0.01463   0.00368  -0.1287   0.4932   1.0000  64.1836 300.0000
   3.000   1.0239   0.01463   0.00368  -0.1287   0.4932   1.0000  64.1836 300.0000
   3.000   1.0239   0.01463   0.00368  -0.1287   0.4932   1.0000  64.1836 300.0000
   4.000   1.1136   0.01561   0.00369  -0.1252   0.4725   1.0000  66.0273 300.0000
   4.000   1.1136   0.01561   0.00369  -0.1252   0.4725   1.0000  66.0273 300.0000
   4.000   1.1136   0.01561   0.00369  -0.1252   0.4725   1.0000  66.0273 300.0000
   4.000   1.1136   0.01561   0.00369  -0.1252   0.4725   1.0000  66.0273 300.0000
   4.000   1.1136   0.01561   0.00369  -0.1252   0.4725   1.0000  66.0273 300.0000
   5.000   1.1946   0.01673   0.00384  -0.1204   0.4531   1.0000  67.7535 300.0000
   5.000   1.1946   0.01673   0.00384  -0.1204   0.4531   1.0000  67.7535 300.0000
   5.000   1.1946   0.01673   0.00384  -0.1204   0.4531   1.0000  67.7535 300.0000
   5.000   1.1946   0.01673   0.00384  -0.1204   0.4531   1.0000  67.7535 300.0000
   5.000   1.1946   0.01673   0.00384  -0.1204   0.4531   1.0000  67.7535 300.0000
   6.000   1.2800   0.01807   0.00408  -0.1169   0.4360   1.0000  69.2734 300.0000
   6.000   1.2800   0.01807   0.00408  -0.1169   0.4360   1.0000  69.2734 300.0000
   6.000   1.2800   0.01807   0.00408  -0.1169   0.4360   1.0000  69.2734 300.0000
   6.000   1.2800   0.01807   0.00408  -0.1169   0.4360   1.0000  69.2734 300.0000
   6.000   1.2800   0.01807   0.00408  -0.1169   0.4360   1.0000  69.2734 300.0000
   7.000   1.3612   0.01959   0.00438  -0.1132   0.4198   1.0000  70.7217 300.0000
   7.000   1.3612   0.01959   0.00438  -0.1132   0.4198   1.0000  70.7218 300.0000
   7.000   1.3612   0.01959   0.00438  -0.1132   0.4198   1.0000  70.7218 300.0000
   7.000   1.3612   0.01959   0.00438  -0.1132   0.4198   1.0000  70.7218 300.0000
   7.000   1.3612   0.01959   0.00438  -0.1132   0.4198   1.0000  70.7218 300.0000
   8.000   1.4432   0.02127   0.00466  -0.1100   0.4045   1.0000  72.0926 300.0000
   8.000   1.4432   0.02127   0.00466  -0.1100   0.4045   1.0000  72.0926 300.0000
   8.000   1.4432   0.02127   0.00466  -0.1100   0.4045   1.0000  72.0926 300.0000
   8.000   1.4432   0.02127   0.00466  -0.1100   0.4045   1.0000  72.0926 300.0000
   8.000   1.4432   0.02127   0.00466  -0.1100   0.4045   1.0000  72.0926 300.0000
   9.000   1.5055   0.02345   0.00522  -0.1045   0.3887   1.0000  73.5237 300.0000
   9.000   1.5055   0.02345   0.00522  -0.1045   0.3887   1.0000  73.5237 300.0000
   9.000   1.5055   0.02345   0.00522  -0.1045   0.3887   1.0000  73.5237 300.0000
   9.000   1.5055   0.02345   0.00522  -0.1045   0.3887   1.0000  73.5237 300.0000
   9.000   1.5055   0.02345   0.00522  -0.1045   0.3887   1.0000  73.5237 300.0000
  10.000   1.5720   0.02574   0.00561  -0.1002   0.3735   1.0000  74.9207 300.0000
  10.000   1.5720   0.02574   0.00561  -0.1002   0.3735   1.0000  74.9207 300.0000
  10.000   1.5720   0.02574   0.00561  -0.1002   0.3735   1.0000  74.9207 300.0000
  10.000   1.5720   0.02574   0.00561  -0.1002   0.3735   1.0000  74.9207 300.0000
  10.000   1.5720   0.02574   0.00561  -0.1002   0.3735   1.0000  74.9207 300.0000
  11.000   1.6147   0.02919   0.00670  -0.0939   0.3572   1.0000  76.4390 300.0000
  11.000   1.6147   0.02919   0.00670  -0.0939   0.3572   1.0000  76.4391 300.0000
  11.000   1.6147   0.02919   0.00670  -0.0939   0.3572   1.0000  76.4391 300.0000
  11.000   1.6147   0.02919   0.00670  -0.0939   0.3572   1.0000  76.4391 300.0000
  11.000   1.6147   0.02919   0.00670  -0.0939   0.3572   1.0000  76.4391 300.0000
  12.000   1.6631   0.03276   0.00762  -0.0892   0.3412   1.0000  77.9555 300.0000
  12.000   1.6631   0.03276   0.00762  -0.0892   0.3412   1.0000  77.9555 300.0000
  12.000   1.6631   0.03276   0.00762  -0.0892   0.3412   1.0000  77.9555 300.0000
  12.000   1.6631   0.03276   0.00762  -0.0892   0.3412   1.0000  77.9555 300.0000
  12.000   1.6631   0.03276   0.00762  -0.0892   0.3412   1.0000  77.9555 300.0000
  13.000   1.6860   0.03830   0.00996  -0.0834   0.3238   1.0000  79.6521 300.0000
  13.000   1.6860   0.03830   0.00996  -0.0834   0.3238   1.0000  79.6520 300.0000
  13.000   1.6860   0.03830   0.00996  -0.0834   0.3238   1.0000  79.6520 300.0000
  13.000   1.6860   0.03830   0.00996  -0.0834   0.3238   1.0000  79.6520 300.0000
  13.000   1.6860   0.03830   0.00996  -0.0834   0.3238   1.0000  79.6520 300.0000
  14.000   1.7134   0.04427   0.01246  -0.0792   0.3070   1.0000  81.3248 300.0000
  14.000   1.7134   0.04427   0.01246  -0.0792   0.3070   1.0000  81.3248 300.0000
  14.000   1.7134   0.04427   0.01246  -0.0792   0.3070   1.0000  81.3248 300.0000
  14.000   1.7134   0.04427   0.01246  -0.0792   0.3070   1.0000  81.3248 300.0000
  14.000   1.7134   0.04427   0.01246  -0.0792   0.3070   1.0000  81.3248 300.0000
  15.000   1.7444   0.05038   0.01495  -0.0760   0.2912   1.0000  82.9451 300.0000
  15.000   1.7444   0.05038   0.01495  -0.0760   0.2912   1.0000  82.9450 300.0000
  15.000   1.7444   0.05038   0.01495  -0.0760   0.2912   1.0000  82.9450 300.0000
  15.000   1.7444   0.05038   0.01495  -0.0760   0.2912   1.0000  82.9450 300.0000
  15.000   1.7444   0.05038   0.01495  -0.0760   0.2912   1.0000  82.9450 300.0000
  16.000   1.7564   0.05873   0.01931  -0.0729   0.2756   1.0000  84.5748 300.0000
  16.000   1.7564   0.05873   0.01931  -0.0729   0.2756   1.0000  84.5747 300.0000
  16.000   1.7564   0.05873   0.01931  -0.0729   0.2756   1.0000  84.5747 300.0000
  16.000   1.7564   0.05873   0.01931  -0.0729   0.2756   1.0000  84.5747 300.0000
  16.000   1.7564   0.05873   0.01931  -0.0729   0.2756   1.0000  84.5747 300.0000
  17.000   1.7925   0.06483   0.02162  -0.0712   0.2626   1.0000  85.9609 300.0000
  17.000   1.7925   0.06483   0.02162  -0.0712   0.2626   1.0000  85.9608 300.0000
  17.000   1.7925   0.06483   0.02162  -0.0712   0.2626   1.0000  85.9608 300.0000
  17.000   1.7925   0.06483   0.02162  -0.0712   0.2626   1.0000  85.9608 300.0000
  17.000   1.7925   0.06483   0.02162  -0.0712   0.2626   1.0000  85.9608 300.0000
  18.000   0.8255   0.16338   0.12382  -0.0593   0.1862   1.0000  94.8014 300.0000
  18.000   0.8255   0.16339   0.12382  -0.0593   0.1862   1.0000  94.8013 300.0000
  18.000   0.8255   0.16339   0.12382  -0.0593   0.1862   1.0000  94.8012 300.0000
  18.000   0.8255   0.16339   0.12382  -0.0593   0.1862   1.0000  94.8012 300.0000
  18.000   0.8255   0.16339   0.12382  -0.0593   0.1862   1.0000  94.8012 300.0000
  19.000   1.8061   0.08389   0.03253  -0.0688   0.2363   1.0000  88.8631 300.0000
  19.000   1.8061   0.08389   0.03253  -0.0688   0.2363   1.0000  88.8632 300.0000
  19.000   1.8061   0.08389   0.03253  -0.0688   0.2363   1.0000  88.8632 300.0000
  19.000   1.8061   0.08389   0.03253  -0.0688   0.2363   1.0000  88.8632 300.0000
  19.000   1.8061   0.08389   0.03253  -0.0688   0.2363   1.0000  88.8632 300.0000
