  
       XFOIL         Version 6.99
  
 Calculated polar for: GOE 390 AIRFOIL                                 
  
 1 1 Reynolds number fixed          Mach number fixed         
  
 xtrf =   1.000 (top)        1.000 (bottom)  
 Mach =   0.000     Re =     0.450 e 6     Ncrit =   9.000  9.000
  
   alpha    CL        CD       CDp       CM     Top_Xtr  Bot_Xtr  Top_Itr  Bot_Itr
  ------ -------- --------- --------- -------- -------- -------- -------- --------
   0.000   0.7206   0.01227   0.00212  -0.1332   0.5428   0.2159  59.8498 221.7312
   0.000   0.7206   0.01227   0.00212  -0.1332   0.5428   0.2159  59.8498 221.7314
   0.000   0.7206   0.01227   0.00212  -0.1332   0.5428   0.2159  59.8498 221.7314
   0.000   0.7206   0.01227   0.00212  -0.1332   0.5428   0.2159  59.8498 221.7314
   0.000   0.7206   0.01227   0.00212  -0.1332   0.5428   0.2159  59.8498 221.7314
   1.000   0.8168   0.01222   0.00201  -0.1305   0.5121   0.3190  62.5137 229.7692
   1.000   0.8168   0.01222   0.00201  -0.1305   0.5121   0.3190  62.5137 229.7693
   1.000   0.8168   0.01222   0.00201  -0.1305   0.5121   0.3190  62.5137 229.7693
   1.000   0.8168   0.01222   0.00201  -0.1305   0.5121   0.3190  62.5137 229.7693
   1.000   0.8168   0.01222   0.00201  -0.1305   0.5121   0.3190  62.5137 229.7693
   3.000   1.0031   0.01226   0.00243  -0.1241   0.4601   1.0000  67.1258 300.0000
   3.000   1.0031   0.01226   0.00243  -0.1241   0.4601   1.0000  67.1248 300.0000
   3.000   1.0031   0.01226   0.00243  -0.1241   0.4601   1.0000  67.1248 300.0000
   3.000   1.0031   0.01226   0.00243  -0.1241   0.4601   1.0000  67.1248 300.0000
   3.000   1.0031   0.01226   0.00243  -0.1241   0.4601   1.0000  67.1248 300.0000
   4.000   1.0863   0.01330   0.00254  -0.1196   0.4403   1.0000  68.8904 300.0000
   4.000   1.0863   0.01330   0.00254  -0.1196   0.4403   1.0000  68.8907 300.0000
   4.000   1.0863   0.01330   0.00254  -0.1196   0.4403   1.0000  68.8907 300.0000
   4.000   1.0863   0.01330   0.00254  -0.1196   0.4403   1.0000  68.8907 300.0000
   4.000   1.0863   0.01330   0.00254  -0.1196   0.4403   1.0000  68.8907 300.0000
   5.000   1.1717   0.01448   0.00276  -0.1159   0.4233   1.0000  70.4066 300.0000
   5.000   1.1717   0.01448   0.00276  -0.1159   0.4233   1.0000  70.4066 300.0000
   5.000   1.1717   0.01448   0.00276  -0.1159   0.4233   1.0000  70.4066 300.0000
   5.000   1.1717   0.01448   0.00276  -0.1159   0.4233   1.0000  70.4066 300.0000
   5.000   1.1717   0.01448   0.00276  -0.1159   0.4233   1.0000  70.4066 300.0000
   6.000   1.2559   0.01584   0.00303  -0.1125   0.4083   1.0000  71.7519 300.0000
   6.000   1.2559   0.01584   0.00303  -0.1125   0.4083   1.0000  71.7519 300.0000
   6.000   1.2559   0.01584   0.00303  -0.1125   0.4083   1.0000  71.7519 300.0000
   6.000   1.2559   0.01584   0.00303  -0.1125   0.4083   1.0000  71.7519 300.0000
   6.000   1.2559   0.01584   0.00303  -0.1125   0.4083   1.0000  71.7519 300.0000
   7.000   1.3385   0.01740   0.00332  -0.1093   0.3944   1.0000  73.0084 300.0000
   7.000   1.3385   0.01740   0.00332  -0.1093   0.3944   1.0000  73.0083 300.0000
   7.000   1.3385   0.01740   0.00332  -0.1093   0.3944   1.0000  73.0083 300.0000
   7.000   1.3385   0.01740   0.00332  -0.1093   0.3944   1.0000  73.0083 300.0000
   7.000   1.3385   0.01740   0.00332  -0.1093   0.3944   1.0000  73.0083 300.0000
   8.000   1.4130   0.01926   0.00382  -0.1055   0.3804   1.0000  74.2860 300.0000
   8.000   1.4130   0.01926   0.00382  -0.1055   0.3804   1.0000  74.2860 300.0000
   8.000   1.4130   0.01926   0.00382  -0.1055   0.3804   1.0000  74.2860 300.0000
   8.000   1.4130   0.01926   0.00382  -0.1055   0.3804   1.0000  74.2860 300.0000
   8.000   1.4130   0.01926   0.00382  -0.1055   0.3804   1.0000  74.2860 300.0000
   9.000   1.4822   0.02155   0.00445  -0.1016   0.3662   1.0000  75.5979 300.0000
   9.000   1.4822   0.02155   0.00445  -0.1016   0.3662   1.0000  75.5979 300.0000
   9.000   1.4822   0.02155   0.00445  -0.1016   0.3662   1.0000  75.5979 300.0000
   9.000   1.4822   0.02155   0.00445  -0.1016   0.3662   1.0000  75.5979 300.0000
   9.000   1.4822   0.02155   0.00445  -0.1016   0.3662   1.0000  75.5979 300.0000
  10.000   1.5456   0.02434   0.00522  -0.0977   0.3519   1.0000  76.9378 300.0000
  10.000   1.5456   0.02434   0.00522  -0.0977   0.3519   1.0000  76.9378 300.0000
  10.000   1.5456   0.02434   0.00522  -0.0977   0.3519   1.0000  76.9378 300.0000
  10.000   1.5456   0.02434   0.00522  -0.0977   0.3519   1.0000  76.9378 300.0000
  10.000   1.5456   0.02434   0.00522  -0.0977   0.3519   1.0000  76.9378 300.0000
  11.000   1.5990   0.02797   0.00654  -0.0936   0.3363   1.0000  78.4364 300.0000
  11.000   1.5990   0.02797   0.00654  -0.0936   0.3363   1.0000  78.4364 300.0000
  11.000   1.5990   0.02797   0.00654  -0.0936   0.3363   1.0000  78.4364 300.0000
  11.000   1.5990   0.02797   0.00654  -0.0936   0.3363   1.0000  78.4364 300.0000
  11.000   1.5990   0.02797   0.00654  -0.0936   0.3363   1.0000  78.4364 300.0000
  12.000   1.6456   0.03238   0.00816  -0.0896   0.3202   1.0000  80.0069 300.0000
  12.000   1.6456   0.03238   0.00816  -0.0896   0.3202   1.0000  80.0069 300.0000
  12.000   1.6456   0.03238   0.00816  -0.0896   0.3202   1.0000  80.0069 300.0000
  12.000   1.6456   0.03238   0.00816  -0.0896   0.3202   1.0000  80.0069 300.0000
  12.000   1.6456   0.03238   0.00816  -0.0896   0.3202   1.0000  80.0069 300.0000
  13.000   1.6819   0.03803   0.01067  -0.0858   0.3025   1.0000  81.7817 300.0000
  13.000   1.6819   0.03803   0.01067  -0.0858   0.3025   1.0000  81.7817 300.0000
  13.000   1.6819   0.03803   0.01067  -0.0858   0.3025   1.0000  81.7817 300.0000
  13.000   1.6819   0.03803   0.01067  -0.0858   0.3025   1.0000  81.7817 300.0000
  13.000   1.6819   0.03803   0.01067  -0.0858   0.3025   1.0000  81.7817 300.0000
  14.000   1.7112   0.04463   0.01374  -0.0823   0.2851   1.0000  83.5766 300.0000
  14.000   1.7112   0.04463   0.01374  -0.0823   0.2851   1.0000  83.5766 300.0000
  14.000   1.7112   0.04463   0.01374  -0.0823   0.2851   1.0000  83.5767 300.0000
  14.000   1.7112   0.04463   0.01374  -0.0823   0.2851   1.0000  83.5767 300.0000
  14.000   1.7112   0.04463   0.01374  -0.0823   0.2851   1.0000  83.5767 300.0000
  15.000   1.7344   0.05206   0.01734  -0.0793   0.2689   1.0000  85.2914 300.0000
  15.000   1.7344   0.05207   0.01734  -0.0793   0.2689   1.0000  85.2916 300.0000
  15.000   1.7344   0.05207   0.01734  -0.0793   0.2689   1.0000  85.2916 300.0000
  15.000   1.7344   0.05207   0.01734  -0.0793   0.2689   1.0000  85.2916 300.0000
  15.000   1.7344   0.05207   0.01734  -0.0793   0.2689   1.0000  85.2916 300.0000
  16.000   1.7542   0.06006   0.02132  -0.0768   0.2541   1.0000  86.8875 300.0000
  16.000   1.7542   0.06005   0.02132  -0.0768   0.2541   1.0000  86.8874 300.0000
  16.000   1.7542   0.06005   0.02132  -0.0768   0.2541   1.0000  86.8874 300.0000
  16.000   1.7542   0.06005   0.02132  -0.0768   0.2541   1.0000  86.8874 300.0000
  16.000   1.7542   0.06005   0.02132  -0.0768   0.2541   1.0000  86.8874 300.0000
  17.000   1.7703   0.06865   0.02586  -0.0749   0.2408   1.0000  88.3517 300.0000
  17.000   1.7703   0.06864   0.02586  -0.0749   0.2408   1.0000  88.3516 300.0000
  17.000   1.7703   0.06864   0.02586  -0.0749   0.2408   1.0000  88.3516 300.0000
  17.000   1.7703   0.06864   0.02586  -0.0749   0.2408   1.0000  88.3516 300.0000
  17.000   1.7703   0.06864   0.02586  -0.0749   0.2408   1.0000  88.3516 300.0000
  18.000   1.7807   0.07804   0.03108  -0.0736   0.2278   1.0000  89.8186 300.0000
  18.000   1.7807   0.07804   0.03108  -0.0736   0.2278   1.0000  89.8185 300.0000
  18.000   1.7807   0.07804   0.03108  -0.0736   0.2278   1.0000  89.8185 300.0000
  18.000   1.7807   0.07804   0.03108  -0.0736   0.2278   1.0000  89.8185 300.0000
  18.000   1.7807   0.07804   0.03108  -0.0736   0.2278   1.0000  89.8185 300.0000
  19.000   1.7844   0.08844   0.03746  -0.0731   0.2153   1.0000  91.2711 300.0000
  19.000   1.7844   0.08844   0.03746  -0.0731   0.2153   1.0000  91.2710 300.0000
  19.000   1.7844   0.08844   0.03746  -0.0731   0.2153   1.0000  91.2709 300.0000
  19.000   1.7844   0.08844   0.03746  -0.0731   0.2153   1.0000  91.2709 300.0000
  19.000   1.7844   0.08844   0.03746  -0.0731   0.2153   1.0000  91.2709 300.0000
