  
       XFOIL         Version 6.99
  
 Calculated polar for: GOE 390 AIRFOIL                                 
  
 1 1 Reynolds number fixed          Mach number fixed         
  
 xtrf =   1.000 (top)        1.000 (bottom)  
 Mach =   0.000     Re =     0.300 e 6     Ncrit =   9.000  9.000
  
   alpha    CL        CD       CDp       CM     Top_Xtr  Bot_Xtr  Top_Itr  Bot_Itr
  ------ -------- --------- --------- -------- -------- -------- -------- --------
   0.000   0.7225   0.01421   0.00327  -0.1344   0.5662   0.2547  57.8534 224.9573
   0.000   0.7225   0.01421   0.00327  -0.1344   0.5662   0.2547  57.8534 224.9549
   0.000   0.7225   0.01421   0.00327  -0.1344   0.5662   0.2547  57.8534 224.9549
   0.000   0.7225   0.01421   0.00327  -0.1344   0.5662   0.2547  57.8534 224.9549
   0.000   0.7225   0.01421   0.00327  -0.1344   0.5662   0.2547  57.8534 224.9549
   1.000   0.8171   0.01371   0.00319  -0.1316   0.5384   0.4872  60.2299 241.5740
   1.000   0.8171   0.01371   0.00319  -0.1316   0.5384   0.4871  60.2299 241.5737
   1.000   0.8171   0.01371   0.00319  -0.1316   0.5384   0.4871  60.2299 241.5737
   1.000   0.8171   0.01371   0.00319  -0.1316   0.5384   0.4871  60.2299 241.5737
   1.000   0.8171   0.01371   0.00319  -0.1316   0.5384   0.4871  60.2299 241.5737
   2.000   0.9345   0.01330   0.00347  -0.1323   0.5105   1.0000  62.6609 300.0000
   2.000   0.9345   0.01330   0.00347  -0.1323   0.5105   1.0000  62.6610 300.0000
   2.000   0.9345   0.01330   0.00347  -0.1323   0.5105   1.0000  62.6610 300.0000
   2.000   0.9345   0.01330   0.00347  -0.1323   0.5105   1.0000  62.6610 300.0000
   2.000   0.9345   0.01330   0.00347  -0.1323   0.5105   1.0000  62.6610 300.0000
   3.000   1.0195   0.01410   0.00338  -0.1277   0.4869   1.0000  64.7425 300.0000
   3.000   1.0195   0.01410   0.00338  -0.1277   0.4869   1.0000  64.7425 300.0000
   3.000   1.0195   0.01410   0.00338  -0.1277   0.4869   1.0000  64.7425 300.0000
   3.000   1.0195   0.01410   0.00338  -0.1277   0.4869   1.0000  64.7425 300.0000
   3.000   1.0195   0.01410   0.00338  -0.1277   0.4869   1.0000  64.7425 300.0000
   4.000   1.1041   0.01507   0.00342  -0.1233   0.4661   1.0000  66.5955 300.0000
   4.000   1.1041   0.01507   0.00342  -0.1233   0.4661   1.0000  66.5955 300.0000
   4.000   1.1041   0.01507   0.00342  -0.1233   0.4661   1.0000  66.5955 300.0000
   4.000   1.1041   0.01507   0.00342  -0.1233   0.4661   1.0000  66.5955 300.0000
   4.000   1.1041   0.01507   0.00342  -0.1233   0.4661   1.0000  66.5955 300.0000
   5.000   1.1893   0.01624   0.00354  -0.1193   0.4476   1.0000  68.2418 300.0000
   5.000   1.1893   0.01624   0.00354  -0.1193   0.4476   1.0000  68.2418 300.0000
   5.000   1.1893   0.01624   0.00354  -0.1193   0.4476   1.0000  68.2418 300.0000
   5.000   1.1893   0.01624   0.00354  -0.1193   0.4476   1.0000  68.2418 300.0000
   5.000   1.1893   0.01624   0.00354  -0.1193   0.4476   1.0000  68.2418 300.0000
   6.000   1.2731   0.01757   0.00379  -0.1156   0.4306   1.0000  69.7537 300.0000
   6.000   1.2731   0.01757   0.00379  -0.1156   0.4306   1.0000  69.7537 300.0000
   6.000   1.2731   0.01757   0.00379  -0.1156   0.4306   1.0000  69.7537 300.0000
   6.000   1.2731   0.01757   0.00379  -0.1156   0.4306   1.0000  69.7537 300.0000
   6.000   1.2731   0.01757   0.00379  -0.1156   0.4306   1.0000  69.7537 300.0000
   7.000   1.3580   0.01907   0.00406  -0.1125   0.4152   1.0000  71.1374 300.0000
   7.000   1.3580   0.01907   0.00406  -0.1125   0.4152   1.0000  71.1375 300.0000
   7.000   1.3580   0.01907   0.00406  -0.1125   0.4152   1.0000  71.1375 300.0000
   7.000   1.3580   0.01907   0.00406  -0.1125   0.4152   1.0000  71.1375 300.0000
   7.000   1.3580   0.01907   0.00406  -0.1125   0.4152   1.0000  71.1375 300.0000
   8.000   1.4306   0.02088   0.00448  -0.1080   0.3996   1.0000  72.5362 300.0000
   8.000   1.4306   0.02088   0.00448  -0.1080   0.3996   1.0000  72.5363 300.0000
   8.000   1.4306   0.02088   0.00448  -0.1080   0.3996   1.0000  72.5363 300.0000
   8.000   1.4306   0.02088   0.00448  -0.1080   0.3996   1.0000  72.5363 300.0000
   8.000   1.4306   0.02088   0.00448  -0.1080   0.3996   1.0000  72.5363 300.0000
   9.000   1.5034   0.02286   0.00483  -0.1041   0.3847   1.0000  73.8886 300.0000
   9.000   1.5034   0.02286   0.00483  -0.1041   0.3847   1.0000  73.8886 300.0000
   9.000   1.5034   0.02286   0.00483  -0.1041   0.3847   1.0000  73.8886 300.0000
   9.000   1.5034   0.02286   0.00483  -0.1041   0.3847   1.0000  73.8886 300.0000
   9.000   1.5034   0.02286   0.00483  -0.1041   0.3847   1.0000  73.8886 300.0000
  10.000   1.5604   0.02552   0.00555  -0.0988   0.3693   1.0000  75.3110 300.0000
  10.000   1.5605   0.02552   0.00555  -0.0988   0.3693   1.0000  75.3110 300.0000
  10.000   1.5605   0.02552   0.00555  -0.0988   0.3693   1.0000  75.3110 300.0000
  10.000   1.5605   0.02552   0.00555  -0.0988   0.3693   1.0000  75.3110 300.0000
  10.000   1.5605   0.02552   0.00555  -0.0988   0.3693   1.0000  75.3110 300.0000
  11.000   1.6109   0.02876   0.00646  -0.0936   0.3534   1.0000  76.7940 300.0000
  11.000   1.6109   0.02876   0.00646  -0.0936   0.3534   1.0000  76.7939 300.0000
  11.000   1.6109   0.02876   0.00646  -0.0936   0.3534   1.0000  76.7939 300.0000
  11.000   1.6109   0.02876   0.00646  -0.0936   0.3534   1.0000  76.7939 300.0000
  11.000   1.6109   0.02876   0.00646  -0.0936   0.3534   1.0000  76.7939 300.0000
  12.000   1.6505   0.03298   0.00793  -0.0883   0.3370   1.0000  78.3640 300.0000
  12.000   1.6505   0.03298   0.00793  -0.0883   0.3370   1.0000  78.3639 300.0000
  12.000   1.6505   0.03298   0.00793  -0.0883   0.3370   1.0000  78.3639 300.0000
  12.000   1.6505   0.03298   0.00793  -0.0883   0.3370   1.0000  78.3639 300.0000
  12.000   1.6505   0.03298   0.00793  -0.0883   0.3370   1.0000  78.3639 300.0000
  13.000   1.6901   0.03764   0.00952  -0.0840   0.3206   1.0000  79.9703 300.0000
  13.000   1.6901   0.03764   0.00952  -0.0840   0.3206   1.0000  79.9703 300.0000
  13.000   1.6901   0.03764   0.00952  -0.0840   0.3206   1.0000  79.9703 300.0000
  13.000   1.6901   0.03764   0.00952  -0.0840   0.3206   1.0000  79.9703 300.0000
  13.000   1.6901   0.03764   0.00952  -0.0840   0.3206   1.0000  79.9703 300.0000
  14.000   1.7104   0.04433   0.01266  -0.0795   0.3031   1.0000  81.7294 300.0000
  14.000   1.7104   0.04432   0.01266  -0.0795   0.3031   1.0000  81.7293 300.0000
  14.000   1.7104   0.04432   0.01266  -0.0795   0.3031   1.0000  81.7293 300.0000
  14.000   1.7104   0.04432   0.01266  -0.0795   0.3031   1.0000  81.7293 300.0000
  14.000   1.7104   0.04432   0.01266  -0.0795   0.3031   1.0000  81.7292 300.0000
  15.000   1.7339   0.05132   0.01592  -0.0762   0.2867   1.0000  83.4112 300.0000
  15.000   1.7339   0.05132   0.01592  -0.0762   0.2867   1.0000  83.4112 300.0000
  15.000   1.7339   0.05132   0.01592  -0.0762   0.2867   1.0000  83.4112 300.0000
  15.000   1.7339   0.05132   0.01592  -0.0762   0.2867   1.0000  83.4112 300.0000
  15.000   1.7339   0.05132   0.01592  -0.0762   0.2867   1.0000  83.4112 300.0000
  16.000   1.7645   0.05790   0.01870  -0.0738   0.2721   1.0000  84.9450 300.0000
  16.000   1.7645   0.05790   0.01870  -0.0738   0.2721   1.0000  84.9449 300.0000
  16.000   1.7645   0.05790   0.01870  -0.0738   0.2721   1.0000  84.9449 300.0000
  16.000   1.7645   0.05790   0.01870  -0.0738   0.2721   1.0000  84.9449 300.0000
  16.000   1.7645   0.05790   0.01870  -0.0738   0.2721   1.0000  84.9449 300.0000
  17.000   1.7765   0.06668   0.02343  -0.0716   0.2581   1.0000  86.4492 300.0000
  17.000   1.7765   0.06668   0.02343  -0.0716   0.2581   1.0000  86.4492 300.0000
  17.000   1.7765   0.06668   0.02343  -0.0716   0.2581   1.0000  86.4492 300.0000
  17.000   1.7765   0.06668   0.02343  -0.0716   0.2581   1.0000  86.4492 300.0000
  17.000   1.7765   0.06668   0.02343  -0.0716   0.2581   1.0000  86.4492 300.0000
  18.000   0.8639   0.15784   0.11432  -0.0578   0.1871   1.0000  94.6866 300.0000
  18.000   0.8639   0.15785   0.11432  -0.0578   0.1871   1.0000  94.6865 300.0000
  18.000   0.8639   0.15786   0.11432  -0.0578   0.1871   1.0000  94.6864 300.0000
  18.000   0.8639   0.15786   0.11432  -0.0578   0.1871   1.0000  94.6864 300.0000
  18.000   0.8639   0.15786   0.11432  -0.0578   0.1871   1.0000  94.6864 300.0000
  19.000   1.7991   0.08496   0.03367  -0.0696   0.2323   1.0000  89.3065 300.0000
  19.000   1.7991   0.08496   0.03367  -0.0696   0.2323   1.0000  89.3064 300.0000
  19.000   1.7991   0.08496   0.03366  -0.0696   0.2323   1.0000  89.3064 300.0000
  19.000   1.7991   0.08496   0.03366  -0.0696   0.2323   1.0000  89.3064 300.0000
  19.000   1.7991   0.08496   0.03366  -0.0696   0.2323   1.0000  89.3064 300.0000
