  
       XFOIL         Version 6.99
  
 Calculated polar for: GOE 390 AIRFOIL                                 
  
 1 1 Reynolds number fixed          Mach number fixed         
  
 xtrf =   1.000 (top)        1.000 (bottom)  
 Mach =   0.000     Re =     0.550 e 6     Ncrit =   9.000  9.000
  
   alpha    CL        CD       CDp       CM     Top_Xtr  Bot_Xtr  Top_Itr  Bot_Itr
  ------ -------- --------- --------- -------- -------- -------- -------- --------
   0.000   0.7210   0.01153   0.00176  -0.1330   0.5311   0.2011  60.8551 220.4021
   0.000   0.7210   0.01153   0.00176  -0.1330   0.5311   0.2011  60.8551 220.4022
   0.000   0.7210   0.01153   0.00176  -0.1330   0.5311   0.2011  60.8551 220.4021
   0.000   0.7210   0.01153   0.00176  -0.1330   0.5311   0.2011  60.8551 220.4021
   0.000   0.7210   0.01153   0.00176  -0.1330   0.5311   0.2011  60.8551 220.4021
   1.000   0.8175   0.01162   0.00166  -0.1303   0.4989   0.2733  63.6798 226.3907
   1.000   0.8175   0.01162   0.00166  -0.1303   0.4989   0.2733  63.6798 226.3930
   1.000   0.8175   0.01162   0.00166  -0.1303   0.4989   0.2733  63.6798 226.3930
   1.000   0.8175   0.01162   0.00166  -0.1303   0.4989   0.2733  63.6798 226.3930
   1.000   0.8175   0.01162   0.00166  -0.1303   0.4989   0.2733  63.6798 226.3930
   2.000   0.9053   0.01148   0.00181  -0.1265   0.4704   0.5794  66.2130 248.1197
   2.000   0.9053   0.01148   0.00181  -0.1265   0.4704   0.5794  66.2130 248.1194
   2.000   0.9053   0.01148   0.00181  -0.1265   0.4704   0.5794  66.2130 248.1194
   2.000   0.9053   0.01148   0.00181  -0.1265   0.4704   0.5794  66.2130 248.1194
   2.000   0.9053   0.01148   0.00181  -0.1265   0.4704   0.5794  66.2130 248.1194
   3.000   1.0014   0.01157   0.00219  -0.1237   0.4474   1.0000  68.2589 300.0000
   3.000   1.0014   0.01157   0.00219  -0.1237   0.4474   1.0000  68.2589 300.0000
   3.000   1.0014   0.01157   0.00219  -0.1237   0.4474   1.0000  68.2589 300.0000
   3.000   1.0014   0.01157   0.00219  -0.1237   0.4474   1.0000  68.2589 300.0000
   3.000   1.0014   0.01157   0.00219  -0.1237   0.4474   1.0000  68.2589 300.0000
   4.000   1.0853   0.01263   0.00231  -0.1193   0.4286   1.0000  69.9353 300.0000
   4.000   1.0853   0.01263   0.00231  -0.1193   0.4286   1.0000  69.9355 300.0000
   4.000   1.0853   0.01263   0.00231  -0.1193   0.4286   1.0000  69.9355 300.0000
   4.000   1.0853   0.01263   0.00231  -0.1193   0.4286   1.0000  69.9355 300.0000
   4.000   1.0853   0.01263   0.00231  -0.1193   0.4286   1.0000  69.9355 300.0000
   5.000   1.1720   0.01377   0.00254  -0.1159   0.4128   1.0000  71.3531 300.0000
   5.000   1.1720   0.01377   0.00254  -0.1159   0.4128   1.0000  71.3533 300.0000
   5.000   1.1720   0.01377   0.00254  -0.1159   0.4128   1.0000  71.3533 300.0000
   5.000   1.1720   0.01377   0.00254  -0.1159   0.4128   1.0000  71.3533 300.0000
   5.000   1.1720   0.01377   0.00254  -0.1159   0.4128   1.0000  71.3533 300.0000
   6.000   1.2564   0.01511   0.00283  -0.1126   0.3985   1.0000  72.6365 300.0000
   6.000   1.2564   0.01511   0.00283  -0.1126   0.3985   1.0000  72.6365 300.0000
   6.000   1.2564   0.01511   0.00283  -0.1126   0.3985   1.0000  72.6365 300.0000
   6.000   1.2564   0.01511   0.00283  -0.1126   0.3985   1.0000  72.6365 300.0000
   6.000   1.2564   0.01511   0.00283  -0.1126   0.3985   1.0000  72.6365 300.0000
   7.000   1.3373   0.01671   0.00319  -0.1093   0.3851   1.0000  73.8553 300.0000
   7.000   1.3373   0.01671   0.00319  -0.1093   0.3851   1.0000  73.8553 300.0000
   7.000   1.3373   0.01671   0.00319  -0.1093   0.3851   1.0000  73.8553 300.0000
   7.000   1.3373   0.01671   0.00319  -0.1093   0.3851   1.0000  73.8553 300.0000
   7.000   1.3373   0.01671   0.00319  -0.1093   0.3851   1.0000  73.8553 300.0000
   8.000   1.4139   0.01860   0.00365  -0.1059   0.3718   1.0000  75.0728 300.0000
   8.000   1.4139   0.01860   0.00365  -0.1059   0.3718   1.0000  75.0727 300.0000
   8.000   1.4139   0.01860   0.00365  -0.1059   0.3718   1.0000  75.0727 300.0000
   8.000   1.4139   0.01860   0.00365  -0.1059   0.3718   1.0000  75.0727 300.0000
   8.000   1.4139   0.01860   0.00365  -0.1059   0.3718   1.0000  75.0727 300.0000
   9.000   1.4852   0.02090   0.00434  -0.1024   0.3579   1.0000  76.3681 300.0000
   9.000   1.4852   0.02090   0.00434  -0.1024   0.3579   1.0000  76.3680 300.0000
   9.000   1.4852   0.02090   0.00434  -0.1024   0.3579   1.0000  76.3680 300.0000
   9.000   1.4852   0.02090   0.00434  -0.1024   0.3579   1.0000  76.3680 300.0000
   9.000   1.4852   0.02090   0.00434  -0.1024   0.3579   1.0000  76.3680 300.0000
  10.000   1.5493   0.02379   0.00525  -0.0987   0.3435   1.0000  77.7411 300.0000
  10.000   1.5493   0.02379   0.00525  -0.0987   0.3435   1.0000  77.7411 300.0000
  10.000   1.5493   0.02379   0.00525  -0.0987   0.3435   1.0000  77.7411 300.0000
  10.000   1.5493   0.02380   0.00525  -0.0987   0.3435   1.0000  77.7411 300.0000
  10.000   1.5493   0.02380   0.00525  -0.0987   0.3435   1.0000  77.7411 300.0000
  11.000   1.6057   0.02740   0.00652  -0.0950   0.3283   1.0000  79.2123 300.0000
  11.000   1.6057   0.02740   0.00652  -0.0950   0.3283   1.0000  79.2122 300.0000
  11.000   1.6057   0.02740   0.00652  -0.0950   0.3283   1.0000  79.2122 300.0000
  11.000   1.6057   0.02740   0.00652  -0.0950   0.3283   1.0000  79.2122 300.0000
  11.000   1.6057   0.02740   0.00652  -0.0950   0.3283   1.0000  79.2122 300.0000
  12.000   1.6534   0.03193   0.00830  -0.0913   0.3117   1.0000  80.8579 300.0000
  12.000   1.6534   0.03193   0.00830  -0.0913   0.3117   1.0000  80.8580 300.0000
  12.000   1.6534   0.03193   0.00830  -0.0913   0.3117   1.0000  80.8580 300.0000
  12.000   1.6534   0.03193   0.00830  -0.0913   0.3117   1.0000  80.8580 300.0000
  12.000   1.6534   0.03193   0.00830  -0.0913   0.3117   1.0000  80.8580 300.0000
  13.000   1.6924   0.03747   0.01070  -0.0876   0.2941   1.0000  82.6490 300.0000
  13.000   1.6924   0.03747   0.01070  -0.0876   0.2941   1.0000  82.6490 300.0000
  13.000   1.6924   0.03747   0.01070  -0.0876   0.2941   1.0000  82.6490 300.0000
  13.000   1.6924   0.03747   0.01070  -0.0876   0.2941   1.0000  82.6490 300.0000
  13.000   1.6924   0.03747   0.01070  -0.0876   0.2941   1.0000  82.6490 300.0000
  14.000   1.7214   0.04418   0.01383  -0.0842   0.2765   1.0000  84.4764 300.0000
  14.000   1.7214   0.04418   0.01383  -0.0842   0.2765   1.0000  84.4766 300.0000
  14.000   1.7214   0.04418   0.01383  -0.0842   0.2765   1.0000  84.4766 300.0000
  14.000   1.7214   0.04418   0.01383  -0.0842   0.2765   1.0000  84.4766 300.0000
  14.000   1.7214   0.04418   0.01383  -0.0842   0.2765   1.0000  84.4766 300.0000
  15.000   1.7424   0.05188   0.01761  -0.0810   0.2605   1.0000  86.1945 300.0000
  15.000   1.7424   0.05188   0.01761  -0.0810   0.2605   1.0000  86.1946 300.0000
  15.000   1.7424   0.05188   0.01761  -0.0810   0.2605   1.0000  86.1946 300.0000
  15.000   1.7424   0.05188   0.01761  -0.0810   0.2605   1.0000  86.1946 300.0000
  15.000   1.7424   0.05188   0.01761  -0.0810   0.2605   1.0000  86.1946 300.0000
  16.000   1.7592   0.06025   0.02192  -0.0784   0.2459   1.0000  87.7901 300.0000
  16.000   1.7592   0.06025   0.02192  -0.0784   0.2459   1.0000  87.7901 300.0000
  16.000   1.7592   0.06025   0.02192  -0.0784   0.2459   1.0000  87.7901 300.0000
  16.000   1.7592   0.06025   0.02192  -0.0784   0.2459   1.0000  87.7901 300.0000
  16.000   1.7592   0.06025   0.02192  -0.0784   0.2459   1.0000  87.7902 300.0000
  17.000   1.7717   0.06925   0.02676  -0.0764   0.2328   1.0000  89.2569 300.0000
  17.000   1.7717   0.06925   0.02676  -0.0764   0.2328   1.0000  89.2569 300.0000
  17.000   1.7717   0.06925   0.02676  -0.0764   0.2328   1.0000  89.2569 300.0000
  17.000   1.7717   0.06925   0.02676  -0.0764   0.2328   1.0000  89.2569 300.0000
  17.000   1.7717   0.06925   0.02676  -0.0764   0.2328   1.0000  89.2569 300.0000
  18.000   1.7773   0.07932   0.03258  -0.0751   0.2197   1.0000  90.7525 300.0000
  18.000   1.7772   0.07931   0.03258  -0.0751   0.2197   1.0000  90.7523 300.0000
  18.000   1.7772   0.07931   0.03258  -0.0751   0.2197   1.0000  90.7523 300.0000
  18.000   1.7772   0.07931   0.03258  -0.0751   0.2197   1.0000  90.7523 300.0000
  18.000   1.7772   0.07931   0.03258  -0.0751   0.2197   1.0000  90.7523 300.0000
  19.000   1.7790   0.08999   0.03920  -0.0746   0.2075   1.0000  92.1942 300.0000
  19.000   1.7790   0.08998   0.03920  -0.0746   0.2075   1.0000  92.1941 300.0000
  19.000   1.7790   0.08998   0.03920  -0.0746   0.2075   1.0000  92.1941 300.0000
  19.000   1.7790   0.08998   0.03920  -0.0746   0.2075   1.0000  92.1940 300.0000
  19.000   1.7790   0.08998   0.03920  -0.0746   0.2075   1.0000  92.1940 300.0000
