  
       XFOIL         Version 6.99
  
 Calculated polar for: GOE 390 AIRFOIL                                 
  
 1 1 Reynolds number fixed          Mach number fixed         
  
 xtrf =   1.000 (top)        1.000 (bottom)  
 Mach =   0.000     Re =     0.325 e 6     Ncrit =   9.000  9.000
  
   alpha    CL        CD       CDp       CM     Top_Xtr  Bot_Xtr  Top_Itr  Bot_Itr
  ------ -------- --------- --------- -------- -------- -------- -------- --------
   0.000   0.7220   0.01377   0.00300  -0.1341   0.5615   0.2460  58.2520 224.2554
   0.000   0.7220   0.01377   0.00300  -0.1341   0.5615   0.2459  58.2520 224.2516
   0.000   0.7220   0.01377   0.00300  -0.1341   0.5615   0.2459  58.2520 224.2515
   0.000   0.7220   0.01377   0.00300  -0.1341   0.5615   0.2459  58.2520 224.2515
   0.000   0.7220   0.01377   0.00300  -0.1341   0.5615   0.2459  58.2520 224.2515
   1.000   0.8169   0.01337   0.00289  -0.1313   0.5330   0.4434  60.6961 238.5201
   1.000   0.8169   0.01337   0.00289  -0.1313   0.5330   0.4434  60.6961 238.5200
   1.000   0.8169   0.01337   0.00289  -0.1313   0.5330   0.4434  60.6961 238.5200
   1.000   0.8169   0.01337   0.00289  -0.1313   0.5330   0.4434  60.6961 238.5200
   1.000   0.8169   0.01337   0.00289  -0.1313   0.5330   0.4434  60.6961 238.5200
   2.000   0.9331   0.01287   0.00320  -0.1320   0.5055   1.0000  63.0943 300.0000
   2.000   0.9331   0.01287   0.00320  -0.1320   0.5055   1.0000  63.0943 300.0000
   2.000   0.9331   0.01287   0.00320  -0.1320   0.5055   1.0000  63.0943 300.0000
   2.000   0.9331   0.01287   0.00320  -0.1320   0.5055   1.0000  63.0943 300.0000
   2.000   0.9331   0.01287   0.00320  -0.1320   0.5055   1.0000  63.0943 300.0000
   3.000   1.0167   0.01367   0.00313  -0.1271   0.4816   1.0000  65.2120 300.0000
   3.000   1.0167   0.01367   0.00313  -0.1271   0.4816   1.0000  65.2117 300.0000
   3.000   1.0167   0.01367   0.00313  -0.1271   0.4816   1.0000  65.2117 300.0000
   3.000   1.0167   0.01367   0.00313  -0.1271   0.4816   1.0000  65.2117 300.0000
   3.000   1.0167   0.01367   0.00313  -0.1271   0.4816   1.0000  65.2117 300.0000
   4.000   1.1013   0.01467   0.00314  -0.1226   0.4612   1.0000  67.0310 300.0000
   4.000   1.1013   0.01467   0.00314  -0.1226   0.4612   1.0000  67.0311 300.0000
   4.000   1.1013   0.01467   0.00314  -0.1226   0.4612   1.0000  67.0311 300.0000
   4.000   1.1013   0.01467   0.00314  -0.1226   0.4612   1.0000  67.0311 300.0000
   4.000   1.1013   0.01467   0.00314  -0.1226   0.4612   1.0000  67.0311 300.0000
   5.000   1.1831   0.01582   0.00333  -0.1181   0.4424   1.0000  68.7085 300.0000
   5.000   1.1831   0.01582   0.00333  -0.1181   0.4424   1.0000  68.7085 300.0000
   5.000   1.1831   0.01582   0.00333  -0.1181   0.4424   1.0000  68.7085 300.0000
   5.000   1.1831   0.01582   0.00333  -0.1181   0.4424   1.0000  68.7085 300.0000
   5.000   1.1831   0.01582   0.00333  -0.1181   0.4424   1.0000  68.7085 300.0000
   6.000   1.2700   0.01716   0.00355  -0.1150   0.4262   1.0000  70.1517 300.0000
   6.000   1.2700   0.01716   0.00355  -0.1150   0.4262   1.0000  70.1517 300.0000
   6.000   1.2700   0.01716   0.00355  -0.1150   0.4262   1.0000  70.1517 300.0000
   6.000   1.2700   0.01716   0.00355  -0.1150   0.4262   1.0000  70.1517 300.0000
   6.000   1.2700   0.01716   0.00355  -0.1150   0.4262   1.0000  70.1517 300.0000
   7.000   1.3492   0.01871   0.00390  -0.1111   0.4105   1.0000  71.5573 300.0000
   7.000   1.3492   0.01871   0.00390  -0.1111   0.4105   1.0000  71.5573 300.0000
   7.000   1.3492   0.01871   0.00390  -0.1111   0.4105   1.0000  71.5573 300.0000
   7.000   1.3492   0.01871   0.00390  -0.1111   0.4105   1.0000  71.5573 300.0000
   7.000   1.3492   0.01871   0.00390  -0.1111   0.4105   1.0000  71.5573 300.0000
   8.000   1.4282   0.02042   0.00420  -0.1076   0.3958   1.0000  72.8835 300.0000
   8.000   1.4282   0.02042   0.00420  -0.1076   0.3958   1.0000  72.8835 300.0000
   8.000   1.4282   0.02042   0.00420  -0.1076   0.3958   1.0000  72.8835 300.0000
   8.000   1.4282   0.02042   0.00420  -0.1076   0.3958   1.0000  72.8835 300.0000
   8.000   1.4282   0.02042   0.00420  -0.1076   0.3958   1.0000  72.8835 300.0000
   9.000   1.4961   0.02257   0.00471  -0.1031   0.3809   1.0000  74.2388 300.0000
   9.000   1.4961   0.02257   0.00471  -0.1031   0.3809   1.0000  74.2388 300.0000
   9.000   1.4961   0.02257   0.00471  -0.1031   0.3809   1.0000  74.2388 300.0000
   9.000   1.4961   0.02257   0.00471  -0.1031   0.3809   1.0000  74.2388 300.0000
   9.000   1.4961   0.02257   0.00471  -0.1031   0.3809   1.0000  74.2388 300.0000
  10.000   1.5542   0.02526   0.00544  -0.0981   0.3655   1.0000  75.6611 300.0000
  10.000   1.5542   0.02526   0.00544  -0.0981   0.3655   1.0000  75.6611 300.0000
  10.000   1.5542   0.02526   0.00544  -0.0981   0.3655   1.0000  75.6611 300.0000
  10.000   1.5542   0.02526   0.00544  -0.0981   0.3655   1.0000  75.6611 300.0000
  10.000   1.5542   0.02526   0.00544  -0.0981   0.3655   1.0000  75.6611 300.0000
  11.000   1.6095   0.02839   0.00626  -0.0935   0.3502   1.0000  77.0942 300.0000
  11.000   1.6095   0.02839   0.00626  -0.0935   0.3502   1.0000  77.0943 300.0000
  11.000   1.6095   0.02839   0.00626  -0.0935   0.3502   1.0000  77.0943 300.0000
  11.000   1.6095   0.02839   0.00626  -0.0935   0.3502   1.0000  77.0943 300.0000
  11.000   1.6095   0.02839   0.00626  -0.0935   0.3502   1.0000  77.0943 300.0000
  12.000   1.6467   0.03286   0.00796  -0.0882   0.3335   1.0000  78.7065 300.0000
  12.000   1.6467   0.03286   0.00796  -0.0882   0.3335   1.0000  78.7065 300.0000
  12.000   1.6467   0.03286   0.00796  -0.0882   0.3335   1.0000  78.7065 300.0000
  12.000   1.6467   0.03286   0.00796  -0.0882   0.3335   1.0000  78.7065 300.0000
  12.000   1.6467   0.03286   0.00796  -0.0882   0.3335   1.0000  78.7065 300.0000
  13.000   1.6811   0.03811   0.01008  -0.0838   0.3166   1.0000  80.3660 300.0000
  13.000   1.6811   0.03811   0.01008  -0.0838   0.3166   1.0000  80.3661 300.0000
  13.000   1.6811   0.03811   0.01008  -0.0838   0.3166   1.0000  80.3661 300.0000
  13.000   1.6811   0.03811   0.01008  -0.0838   0.3166   1.0000  80.3661 300.0000
  13.000   1.6811   0.03811   0.01008  -0.0838   0.3166   1.0000  80.3661 300.0000
  14.000   1.7142   0.04389   0.01241  -0.0801   0.3000   1.0000  82.0394 300.0000
  14.000   1.7142   0.04389   0.01241  -0.0801   0.3000   1.0000  82.0394 300.0000
  14.000   1.7142   0.04389   0.01241  -0.0801   0.3000   1.0000  82.0394 300.0000
  14.000   1.7142   0.04389   0.01241  -0.0801   0.3000   1.0000  82.0395 300.0000
  14.000   1.7142   0.04389   0.01241  -0.0801   0.3000   1.0000  82.0395 300.0000
  15.000   1.7333   0.05142   0.01614  -0.0768   0.2831   1.0000  83.7841 300.0000
  15.000   1.7333   0.05142   0.01614  -0.0768   0.2831   1.0000  83.7842 300.0000
  15.000   1.7333   0.05142   0.01614  -0.0768   0.2831   1.0000  83.7843 300.0000
  15.000   1.7333   0.05142   0.01614  -0.0768   0.2831   1.0000  83.7843 300.0000
  15.000   1.7333   0.05142   0.01614  -0.0768   0.2831   1.0000  83.7843 300.0000
  16.000   1.7551   0.05903   0.01985  -0.0742   0.2681   1.0000  85.3761 300.0000
  16.000   1.7551   0.05903   0.01985  -0.0742   0.2681   1.0000  85.3761 300.0000
  16.000   1.7551   0.05903   0.01985  -0.0742   0.2681   1.0000  85.3761 300.0000
  16.000   1.7551   0.05903   0.01985  -0.0742   0.2681   1.0000  85.3761 300.0000
  16.000   1.7551   0.05903   0.01985  -0.0742   0.2681   1.0000  85.3761 300.0000
  17.000   1.7781   0.06666   0.02353  -0.0723   0.2547   1.0000  86.8212 300.0000
  17.000   1.7781   0.06666   0.02352  -0.0723   0.2547   1.0000  86.8212 300.0000
  17.000   1.7781   0.06666   0.02352  -0.0723   0.2547   1.0000  86.8211 300.0000
  17.000   1.7781   0.06666   0.02352  -0.0723   0.2547   1.0000  86.8211 300.0000
  17.000   1.7781   0.06666   0.02352  -0.0723   0.2547   1.0000  86.8211 300.0000
  18.000   1.7955   0.07503   0.02786  -0.0709   0.2420   1.0000  88.2170 300.0000
  18.000   1.7955   0.07503   0.02786  -0.0709   0.2420   1.0000  88.2169 300.0000
  18.000   1.7955   0.07503   0.02786  -0.0709   0.2420   1.0000  88.2169 300.0000
  18.000   1.7955   0.07503   0.02786  -0.0709   0.2420   1.0000  88.2169 300.0000
  18.000   1.7955   0.07503   0.02786  -0.0709   0.2420   1.0000  88.2169 300.0000
  19.000   1.7968   0.08554   0.03431  -0.0704   0.2288   1.0000  89.7117 300.0000
  19.000   1.7968   0.08554   0.03430  -0.0704   0.2288   1.0000  89.7116 300.0000
  19.000   1.7968   0.08554   0.03430  -0.0704   0.2288   1.0000  89.7115 300.0000
  19.000   1.7968   0.08554   0.03430  -0.0704   0.2288   1.0000  89.7115 300.0000
  19.000   1.7968   0.08554   0.03430  -0.0704   0.2288   1.0000  89.7115 300.0000
