  
       XFOIL         Version 6.99
  
 Calculated polar for: EPPLER 862 STRUT AIRFOIL                        
  
 1 1 Reynolds number fixed          Mach number fixed         
  
 xtrf =   1.000 (top)        1.000 (bottom)  
 Mach =   0.000     Re =     0.325 e 6     Ncrit =   9.000  9.000
  
   alpha    CL        CD       CDp       CM     Top_Xtr  Bot_Xtr  Top_Itr  Bot_Itr
  ------ -------- --------- --------- -------- -------- -------- -------- --------
   0.000   0.0000   0.01930   0.00802  -0.0000   0.4466   0.4466  54.6290 246.3711
   0.000   0.0000   0.01930   0.00802  -0.0000   0.4466   0.4466  54.6290 246.3710
   0.000  -0.0000   0.01930   0.00802  -0.0000   0.4466   0.4466  54.6290 246.3710
   0.000  -0.0000   0.01930   0.00802  -0.0000   0.4466   0.4466  54.6290 246.3710
   0.000  -0.0000   0.01930   0.00802  -0.0000   0.4466   0.4466  54.6290 246.3710
   1.000   0.1186   0.01935   0.00799  -0.0021   0.4375   0.4564  55.3971 247.1732
   1.000   0.1186   0.01935   0.00799  -0.0021   0.4375   0.4564  55.3971 247.1733
   1.000   0.1186   0.01935   0.00799  -0.0021   0.4375   0.4564  55.3971 247.1733
   1.000   0.1186   0.01935   0.00799  -0.0021   0.4375   0.4564  55.3971 247.1733
   1.000   0.1186   0.01935   0.00799  -0.0021   0.4375   0.4564  55.3971 247.1733
   2.000   0.2382   0.01954   0.00791  -0.0042   0.4288   0.4667  56.1360 247.9983
   2.000   0.2382   0.01954   0.00791  -0.0042   0.4288   0.4667  56.1360 247.9972
   2.000   0.2382   0.01954   0.00791  -0.0042   0.4288   0.4667  56.1360 247.9972
   2.000   0.2382   0.01954   0.00791  -0.0042   0.4288   0.4667  56.1360 247.9972
   2.000   0.2382   0.01954   0.00791  -0.0042   0.4288   0.4667  56.1360 247.9972
   3.000   0.3575   0.01964   0.00797  -0.0064   0.4198   0.4768  56.9201 248.7891
   3.000   0.3575   0.01964   0.00797  -0.0064   0.4198   0.4768  56.9201 248.7891
   3.000   0.3575   0.01964   0.00797  -0.0064   0.4198   0.4768  56.9201 248.7891
   3.000   0.3575   0.01964   0.00797  -0.0064   0.4198   0.4768  56.9201 248.7891
   3.000   0.3575   0.01964   0.00797  -0.0064   0.4198   0.4768  56.9201 248.7891
   4.000   0.4725   0.01990   0.00814  -0.0079   0.4104   0.4874  57.7594 249.6078
   4.000   0.4725   0.01990   0.00814  -0.0079   0.4104   0.4874  57.7594 249.6078
   4.000   0.4725   0.01990   0.00814  -0.0079   0.4104   0.4874  57.7594 249.6078
   4.000   0.4725   0.01990   0.00814  -0.0079   0.4104   0.4874  57.7594 249.6078
   4.000   0.4725   0.01990   0.00814  -0.0079   0.4104   0.4874  57.7594 249.6078
   5.000   0.5862   0.02027   0.00827  -0.0092   0.4013   0.4989  58.5955 250.4797
   5.000   0.5862   0.02027   0.00827  -0.0092   0.4013   0.4989  58.5955 250.4796
   5.000   0.5862   0.02027   0.00827  -0.0092   0.4013   0.4989  58.5955 250.4796
   5.000   0.5862   0.02027   0.00827  -0.0092   0.4013   0.4989  58.5955 250.4796
   5.000   0.5862   0.02027   0.00827  -0.0092   0.4013   0.4989  58.5955 250.4796
   6.000   0.6983   0.02069   0.00833  -0.0104   0.3923   0.5116  59.4360 251.4160
   6.000   0.6983   0.02069   0.00833  -0.0104   0.3923   0.5116  59.4356 251.4166
   6.000   0.6983   0.02069   0.00833  -0.0104   0.3923   0.5116  59.4356 251.4167
   6.000   0.6983   0.02069   0.00833  -0.0104   0.3923   0.5116  59.4356 251.4167
   6.000   0.6983   0.02069   0.00833  -0.0104   0.3923   0.5116  59.4356 251.4167
   7.000   0.8082   0.02115   0.00832  -0.0112   0.3833   0.5256  60.2914 252.4377
   7.000   0.8082   0.02115   0.00832  -0.0112   0.3833   0.5256  60.2914 252.4373
   7.000   0.8082   0.02115   0.00832  -0.0112   0.3833   0.5256  60.2914 252.4372
   7.000   0.8082   0.02115   0.00832  -0.0112   0.3833   0.5256  60.2914 252.4372
   7.000   0.8082   0.02115   0.00832  -0.0112   0.3833   0.5256  60.2914 252.4372
   8.000   0.9145   0.02167   0.00825  -0.0114   0.3742   0.5417  61.1822 253.5773
   8.000   0.9145   0.02167   0.00825  -0.0114   0.3742   0.5417  61.1821 253.5768
   8.000   0.9145   0.02167   0.00825  -0.0114   0.3742   0.5417  61.1821 253.5769
   8.000   0.9145   0.02167   0.00825  -0.0114   0.3742   0.5417  61.1821 253.5769
   8.000   0.9145   0.02167   0.00825  -0.0114   0.3742   0.5417  61.1821 253.5769
   9.000   1.0143   0.02232   0.00814  -0.0109   0.3648   0.5606  62.1212 254.8953
   9.000   1.0143   0.02232   0.00814  -0.0109   0.3648   0.5606  62.1212 254.8933
   9.000   1.0143   0.02232   0.00814  -0.0109   0.3648   0.5606  62.1212 254.8933
   9.000   1.0143   0.02232   0.00814  -0.0109   0.3648   0.5606  62.1212 254.8933
   9.000   1.0143   0.02232   0.00814  -0.0109   0.3648   0.5606  62.1212 254.8933
  10.000   1.1011   0.02313   0.00807  -0.0086   0.3550   0.5822  63.1141 256.3602
  10.000   1.1011   0.02313   0.00807  -0.0086   0.3550   0.5822  63.1141 256.3602
  10.000   1.1011   0.02313   0.00807  -0.0086   0.3550   0.5822  63.1141 256.3602
  10.000   1.1011   0.02313   0.00807  -0.0086   0.3550   0.5822  63.1141 256.3602
  10.000   1.1011   0.02313   0.00807  -0.0086   0.3550   0.5822  63.1141 256.3602
  11.000   1.1591   0.02444   0.00802  -0.0025   0.3451   0.6088  64.1558 258.1323
  11.000   1.1591   0.02444   0.00802  -0.0025   0.3451   0.6088  64.1558 258.1323
  11.000   1.1591   0.02444   0.00802  -0.0025   0.3451   0.6088  64.1558 258.1323
  11.000   1.1591   0.02444   0.00802  -0.0025   0.3451   0.6088  64.1558 258.1323
  11.000   1.1591   0.02444   0.00802  -0.0025   0.3451   0.6088  64.1558 258.1323
  12.000   1.2034   0.02715   0.00878   0.0024   0.3340   0.6423  65.3295 260.3212
  12.000   1.2034   0.02715   0.00878   0.0024   0.3340   0.6423  65.3295 260.3208
  12.000   1.2034   0.02715   0.00878   0.0024   0.3340   0.6423  65.3295 260.3208
  12.000   1.2034   0.02715   0.00878   0.0024   0.3340   0.6423  65.3295 260.3208
  12.000   1.2034   0.02715   0.00878   0.0024   0.3340   0.6423  65.3295 260.3208
  13.000   1.2415   0.03116   0.01016   0.0052   0.3222   0.6879  66.6201 263.2859
  13.000   1.2415   0.03116   0.01016   0.0052   0.3222   0.6879  66.6201 263.2884
  13.000   1.2415   0.03116   0.01016   0.0052   0.3222   0.6879  66.6201 263.2884
  13.000   1.2415   0.03116   0.01016   0.0052   0.3222   0.6879  66.6201 263.2884
  13.000   1.2415   0.03116   0.01016   0.0052   0.3222   0.6879  66.6201 263.2884
  14.000   1.2911   0.03509   0.01135   0.0062   0.3104   0.7580  67.9281 268.0048
  14.000   1.2912   0.03509   0.01135   0.0062   0.3104   0.7580  67.9282 268.0024
  14.000   1.2912   0.03509   0.01135   0.0062   0.3104   0.7580  67.9282 268.0020
  14.000   1.2912   0.03509   0.01135   0.0062   0.3104   0.7580  67.9282 268.0019
  14.000   1.2912   0.03509   0.01135   0.0062   0.3104   0.7580  67.9282 268.0019
  15.000   1.2627   0.04401   0.01604   0.0104   0.2954   1.0000  69.6341 300.0000
  15.000   1.2627   0.04401   0.01604   0.0104   0.2954   1.0000  69.6342 300.0000
  15.000   1.2627   0.04401   0.01604   0.0104   0.2954   1.0000  69.6342 300.0000
  15.000   1.2627   0.04401   0.01604   0.0104   0.2954   1.0000  69.6342 300.0000
  15.000   1.2627   0.04401   0.01604   0.0104   0.2954   1.0000  69.6342 300.0000
  16.000   1.2606   0.05426   0.02143   0.0090   0.2800   1.0000  71.4357 300.0000
  16.000   1.2606   0.05426   0.02143   0.0090   0.2800   1.0000  71.4356 300.0000
  16.000   1.2606   0.05426   0.02143   0.0090   0.2800   1.0000  71.4356 300.0000
  16.000   1.2606   0.05426   0.02143   0.0090   0.2800   1.0000  71.4356 300.0000
  16.000   1.2606   0.05426   0.02143   0.0090   0.2800   1.0000  71.4356 300.0000
  17.000   1.3066   0.06032   0.02355   0.0074   0.2670   1.0000  72.9907 300.0000
  17.000   1.3066   0.06032   0.02355   0.0074   0.2670   1.0000  72.9907 300.0000
  17.000   1.3066   0.06032   0.02355   0.0074   0.2670   1.0000  72.9907 300.0000
  17.000   1.3066   0.06032   0.02355   0.0074   0.2670   1.0000  72.9907 300.0000
  17.000   1.3066   0.06032   0.02355   0.0074   0.2670   1.0000  72.9907 300.0000
  18.000   1.2963   0.07239   0.03073   0.0049   0.2509   1.0000  74.9587 300.0000
  18.000   1.2963   0.07239   0.03073   0.0049   0.2509   1.0000  74.9588 300.0000
  18.000   1.2963   0.07239   0.03073   0.0049   0.2509   1.0000  74.9588 300.0000
  18.000   1.2963   0.07239   0.03073   0.0049   0.2509   1.0000  74.9588 300.0000
  18.000   1.2963   0.07239   0.03073   0.0049   0.2509   1.0000  74.9588 300.0000
  19.000   1.2891   0.08462   0.03859   0.0020   0.2353   1.0000  76.9291 300.0000
  19.000   1.2891   0.08462   0.03859   0.0020   0.2353   1.0000  76.9291 300.0000
  19.000   1.2891   0.08462   0.03859   0.0020   0.2353   1.0000  76.9291 300.0000
  19.000   1.2891   0.08462   0.03859   0.0020   0.2353   1.0000  76.9291 300.0000
  19.000   1.2891   0.08462   0.03859   0.0020   0.2353   1.0000  76.9292 300.0000
