  
       XFOIL         Version 6.99
  
 Calculated polar for: EPPLER 862 STRUT AIRFOIL                        
  
 1 1 Reynolds number fixed          Mach number fixed         
  
 xtrf =   1.000 (top)        1.000 (bottom)  
 Mach =   0.000     Re =     0.500 e 6     Ncrit =   9.000  9.000
  
   alpha    CL        CD       CDp       CM     Top_Xtr  Bot_Xtr  Top_Itr  Bot_Itr
  ------ -------- --------- --------- -------- -------- -------- -------- --------
   0.000  -0.0000   0.01540   0.00500   0.0000   0.4289   0.4289  56.1284 244.8712
   0.000   0.0000   0.01540   0.00500  -0.0000   0.4289   0.4289  56.1285 244.8715
   0.000  -0.0000   0.01540   0.00500  -0.0000   0.4289   0.4289  56.1285 244.8715
   0.000  -0.0000   0.01540   0.00500  -0.0000   0.4289   0.4289  56.1285 244.8715
   0.000  -0.0000   0.01540   0.00500  -0.0000   0.4289   0.4289  56.1285 244.8715
   1.000   0.1213   0.01537   0.00500  -0.0023   0.4202   0.4375  56.8883 245.6066
   1.000   0.1213   0.01537   0.00500  -0.0023   0.4202   0.4375  56.8883 245.6072
   1.000   0.1213   0.01537   0.00500  -0.0023   0.4202   0.4375  56.8883 245.6072
   1.000   0.1213   0.01537   0.00500  -0.0023   0.4202   0.4375  56.8883 245.6072
   1.000   0.1213   0.01537   0.00500  -0.0023   0.4202   0.4375  56.8883 245.6072
   2.000   0.2417   0.01542   0.00503  -0.0045   0.4114   0.4466  57.6707 246.3644
   2.000   0.2417   0.01542   0.00503  -0.0045   0.4114   0.4466  57.6707 246.3643
   2.000   0.2417   0.01542   0.00503  -0.0045   0.4114   0.4466  57.6707 246.3643
   2.000   0.2417   0.01542   0.00503  -0.0045   0.4114   0.4466  57.6707 246.3643
   2.000   0.2417   0.01542   0.00503  -0.0045   0.4114   0.4466  57.6707 246.3643
   3.000   0.3615   0.01557   0.00505  -0.0066   0.4029   0.4562  58.4409 247.1580
   3.000   0.3615   0.01557   0.00505  -0.0066   0.4029   0.4562  58.4409 247.1579
   3.000   0.3615   0.01557   0.00505  -0.0066   0.4029   0.4562  58.4409 247.1579
   3.000   0.3615   0.01557   0.00505  -0.0066   0.4029   0.4562  58.4409 247.1579
   3.000   0.3615   0.01557   0.00505  -0.0066   0.4029   0.4562  58.4409 247.1579
   4.000   0.4805   0.01583   0.00504  -0.0086   0.3946   0.4663  59.2109 247.9714
   4.000   0.4805   0.01583   0.00504  -0.0086   0.3946   0.4663  59.2109 247.9713
   4.000   0.4805   0.01583   0.00504  -0.0086   0.3946   0.4663  59.2109 247.9713
   4.000   0.4805   0.01583   0.00504  -0.0086   0.3946   0.4663  59.2109 247.9713
   4.000   0.4805   0.01583   0.00504  -0.0086   0.3946   0.4663  59.2109 247.9713
   5.000   0.5983   0.01606   0.00500  -0.0104   0.3862   0.4771  60.0130 248.8166
   5.000   0.5983   0.01606   0.00500  -0.0104   0.3862   0.4771  60.0130 248.8164
   5.000   0.5983   0.01606   0.00500  -0.0104   0.3862   0.4771  60.0130 248.8164
   5.000   0.5983   0.01606   0.00500  -0.0104   0.3862   0.4771  60.0130 248.8164
   5.000   0.5983   0.01606   0.00500  -0.0104   0.3862   0.4771  60.0130 248.8164
   6.000   0.7115   0.01630   0.00503  -0.0115   0.3773   0.4886  60.8759 249.7047
   6.000   0.7115   0.01630   0.00503  -0.0115   0.3773   0.4886  60.8759 249.7047
   6.000   0.7115   0.01630   0.00503  -0.0115   0.3773   0.4886  60.8759 249.7047
   6.000   0.7115   0.01630   0.00503  -0.0115   0.3773   0.4886  60.8759 249.7047
   6.000   0.7115   0.01630   0.00503  -0.0115   0.3773   0.4886  60.8759 249.7047
   7.000   0.8211   0.01669   0.00505  -0.0120   0.3682   0.5015  61.7776 250.6715
   7.000   0.8211   0.01669   0.00505  -0.0120   0.3682   0.5015  61.7775 250.6705
   7.000   0.8211   0.01669   0.00505  -0.0120   0.3682   0.5015  61.7775 250.6705
   7.000   0.8211   0.01669   0.00505  -0.0120   0.3682   0.5015  61.7775 250.6705
   7.000   0.8211   0.01669   0.00505  -0.0120   0.3682   0.5015  61.7775 250.6705
   8.000   0.9249   0.01720   0.00504  -0.0118   0.3590   0.5160  62.7101 251.7443
   8.000   0.9249   0.01720   0.00504  -0.0118   0.3590   0.5160  62.7101 251.7444
   8.000   0.9249   0.01720   0.00504  -0.0118   0.3590   0.5160  62.7101 251.7444
   8.000   0.9249   0.01720   0.00504  -0.0118   0.3590   0.5160  62.7101 251.7444
   8.000   0.9249   0.01720   0.00504  -0.0118   0.3590   0.5160  62.7101 251.7444
   9.000   1.0196   0.01787   0.00501  -0.0102   0.3496   0.5329  63.6768 252.9596
   9.000   1.0196   0.01787   0.00501  -0.0102   0.3496   0.5329  63.6768 252.9595
   9.000   1.0196   0.01787   0.00501  -0.0102   0.3496   0.5329  63.6768 252.9595
   9.000   1.0196   0.01787   0.00501  -0.0102   0.3496   0.5329  63.6768 252.9595
   9.000   1.0196   0.01787   0.00501  -0.0102   0.3496   0.5329  63.6768 252.9595
  10.000   1.0913   0.01880   0.00498  -0.0053   0.3402   0.5522  64.6690 254.3141
  10.000   1.0913   0.01880   0.00498  -0.0053   0.3402   0.5522  64.6690 254.3143
  10.000   1.0913   0.01880   0.00498  -0.0053   0.3402   0.5522  64.6690 254.3143
  10.000   1.0913   0.01880   0.00498  -0.0053   0.3402   0.5522  64.6690 254.3143
  10.000   1.0913   0.01880   0.00498  -0.0053   0.3402   0.5522  64.6690 254.3143
  12.000   1.2266   0.02312   0.00605   0.0000   0.3196   0.6078  66.9033 258.0667
  12.000   1.2266   0.02312   0.00605   0.0000   0.3196   0.6078  66.9033 258.0667
  12.000   1.2266   0.02312   0.00605   0.0000   0.3196   0.6078  66.9033 258.0667
  12.000   1.2266   0.02312   0.00605   0.0000   0.3196   0.6078  66.9033 258.0667
  12.000   1.2266   0.02312   0.00605   0.0000   0.3196   0.6078  66.9033 258.0667
  13.000   1.2755   0.02728   0.00766   0.0014   0.3078   0.6484  68.2227 260.7151
  13.000   1.2755   0.02728   0.00766   0.0014   0.3078   0.6484  68.2227 260.7146
  13.000   1.2755   0.02728   0.00766   0.0014   0.3078   0.6484  68.2227 260.7145
  13.000   1.2755   0.02728   0.00766   0.0014   0.3078   0.6484  68.2227 260.7145
  13.000   1.2755   0.02728   0.00766   0.0014   0.3078   0.6484  68.2227 260.7145
  14.000   1.3079   0.03322   0.01029   0.0022   0.2948   0.7034  69.7105 264.3128
  14.000   1.3079   0.03322   0.01029   0.0022   0.2948   0.7035  69.7105 264.3135
  14.000   1.3079   0.03322   0.01029   0.0022   0.2948   0.7035  69.7105 264.3137
  14.000   1.3079   0.03322   0.01029   0.0022   0.2948   0.7035  69.7105 264.3137
  14.000   1.3079   0.03322   0.01029   0.0022   0.2948   0.7035  69.7105 264.3137
  15.000   1.3260   0.04062   0.01387   0.0027   0.2811   0.7908  71.3070 270.3144
  15.000   1.3260   0.04062   0.01387   0.0027   0.2811   0.7908  71.3070 270.3146
  15.000   1.3260   0.04062   0.01387   0.0027   0.2811   0.7908  71.3070 270.3149
  15.000   1.3260   0.04062   0.01387   0.0027   0.2811   0.7908  71.3070 270.3150
  15.000   1.3260   0.04062   0.01387   0.0027   0.2811   0.7908  71.3070 270.3150
  16.000   1.3311   0.04856   0.01772   0.0046   0.2670   1.0000  72.9830 300.0000
  16.000   1.3311   0.04856   0.01772   0.0046   0.2670   1.0000  72.9830 300.0000
  16.000   1.3311   0.04856   0.01772   0.0046   0.2670   1.0000  72.9830 300.0000
  16.000   1.3311   0.04856   0.01772   0.0046   0.2670   1.0000  72.9830 300.0000
  16.000   1.3311   0.04856   0.01772   0.0046   0.2670   1.0000  72.9830 300.0000
  17.000   1.3271   0.05969   0.02380   0.0030   0.2514   1.0000  74.9002 300.0000
  17.000   1.3271   0.05969   0.02380   0.0030   0.2514   1.0000  74.9002 300.0000
  17.000   1.3271   0.05969   0.02380   0.0030   0.2514   1.0000  74.9002 300.0000
  17.000   1.3271   0.05969   0.02380   0.0030   0.2514   1.0000  74.9002 300.0000
  17.000   1.3271   0.05969   0.02380   0.0030   0.2514   1.0000  74.9002 300.0000
  18.000   1.3233   0.07118   0.03041   0.0010   0.2360   1.0000  76.8440 300.0000
  18.000   1.3233   0.07118   0.03041   0.0010   0.2360   1.0000  76.8441 300.0000
  18.000   1.3233   0.07118   0.03041   0.0010   0.2360   1.0000  76.8441 300.0000
  18.000   1.3233   0.07118   0.03041   0.0010   0.2360   1.0000  76.8441 300.0000
  18.000   1.3233   0.07118   0.03041   0.0010   0.2360   1.0000  76.8441 300.0000
  19.000   1.3206   0.08288   0.03758  -0.0015   0.2210   1.0000  78.7787 300.0000
  19.000   1.3206   0.08287   0.03758  -0.0015   0.2210   1.0000  78.7787 300.0000
  19.000   1.3206   0.08287   0.03758  -0.0015   0.2210   1.0000  78.7787 300.0000
  19.000   1.3206   0.08287   0.03758  -0.0015   0.2210   1.0000  78.7787 300.0000
  19.000   1.3206   0.08287   0.03758  -0.0015   0.2210   1.0000  78.7787 300.0000
