  
       XFOIL         Version 6.99
  
 Calculated polar for: EPPLER 862 STRUT AIRFOIL                        
  
 1 1 Reynolds number fixed          Mach number fixed         
  
 xtrf =   1.000 (top)        1.000 (bottom)  
 Mach =   0.000     Re =     0.450 e 6     Ncrit =   9.000  9.000
  
   alpha    CL        CD       CDp       CM     Top_Xtr  Bot_Xtr  Top_Itr  Bot_Itr
  ------ -------- --------- --------- -------- -------- -------- -------- --------
   0.000  -0.0000   0.01612   0.00554   0.0000   0.4328   0.4328  55.7896 245.2101
   0.000   0.0000   0.01612   0.00554  -0.0000   0.4328   0.4328  55.7896 245.2103
   0.000  -0.0000   0.01612   0.00554  -0.0000   0.4328   0.4328  55.7896 245.2104
   0.000  -0.0000   0.01612   0.00554  -0.0000   0.4328   0.4328  55.7896 245.2104
   0.000  -0.0000   0.01612   0.00554  -0.0000   0.4328   0.4328  55.7896 245.2104
   1.000   0.1205   0.01624   0.00555  -0.0022   0.4239   0.4420  56.5613 245.9915
   1.000   0.1205   0.01624   0.00555  -0.0022   0.4239   0.4420  56.5613 245.9914
   1.000   0.1205   0.01624   0.00555  -0.0022   0.4239   0.4420  56.5613 245.9914
   1.000   0.1205   0.01624   0.00555  -0.0022   0.4239   0.4420  56.5613 245.9914
   1.000   0.1205   0.01624   0.00555  -0.0022   0.4239   0.4420  56.5613 245.9914
   2.000   0.2411   0.01630   0.00561  -0.0045   0.4154   0.4512  57.3092 246.7498
   2.000   0.2411   0.01630   0.00561  -0.0045   0.4154   0.4512  57.3092 246.7498
   2.000   0.2411   0.01630   0.00561  -0.0045   0.4154   0.4512  57.3092 246.7498
   2.000   0.2411   0.01630   0.00561  -0.0045   0.4154   0.4512  57.3092 246.7498
   2.000   0.2411   0.01630   0.00561  -0.0045   0.4154   0.4512  57.3092 246.7498
   3.000   0.3615   0.01644   0.00557  -0.0067   0.4071   0.4607  58.0566 247.5216
   3.000   0.3615   0.01644   0.00557  -0.0067   0.4071   0.4607  58.0566 247.5216
   3.000   0.3615   0.01644   0.00557  -0.0067   0.4071   0.4607  58.0566 247.5216
   3.000   0.3615   0.01644   0.00557  -0.0067   0.4071   0.4607  58.0566 247.5216
   3.000   0.3615   0.01644   0.00557  -0.0067   0.4071   0.4607  58.0566 247.5216
   4.000   0.4796   0.01657   0.00558  -0.0085   0.3983   0.4709  58.8651 248.3342
   4.000   0.4796   0.01657   0.00558  -0.0085   0.3983   0.4710  58.8651 248.3343
   4.000   0.4796   0.01657   0.00558  -0.0085   0.3983   0.4710  58.8651 248.3343
   4.000   0.4796   0.01657   0.00558  -0.0085   0.3983   0.4710  58.8651 248.3343
   4.000   0.4796   0.01657   0.00558  -0.0085   0.3983   0.4710  58.8651 248.3343
   5.000   0.5954   0.01684   0.00563  -0.0100   0.3895   0.4820  59.7024 249.1949
   5.000   0.5954   0.01684   0.00563  -0.0100   0.3895   0.4820  59.7024 249.1949
   5.000   0.5954   0.01684   0.00563  -0.0100   0.3895   0.4820  59.7024 249.1949
   5.000   0.5954   0.01684   0.00563  -0.0100   0.3895   0.4820  59.7024 249.1949
   5.000   0.5954   0.01684   0.00563  -0.0100   0.3895   0.4820  59.7024 249.1949
   6.000   0.7087   0.01719   0.00566  -0.0112   0.3806   0.4939  60.5533 250.1065
   6.000   0.7087   0.01719   0.00566  -0.0112   0.3806   0.4939  60.5533 250.1067
   6.000   0.7087   0.01719   0.00566  -0.0112   0.3806   0.4939  60.5533 250.1067
   6.000   0.7087   0.01719   0.00566  -0.0112   0.3806   0.4939  60.5533 250.1067
   6.000   0.7087   0.01719   0.00566  -0.0112   0.3806   0.4939  60.5533 250.1067
   7.000   0.8186   0.01761   0.00566  -0.0119   0.3717   0.5071  61.4302 251.0889
   7.000   0.8186   0.01761   0.00566  -0.0119   0.3717   0.5071  61.4301 251.0880
   7.000   0.8186   0.01761   0.00566  -0.0119   0.3717   0.5071  61.4301 251.0880
   7.000   0.8186   0.01761   0.00566  -0.0119   0.3717   0.5071  61.4301 251.0880
   7.000   0.8186   0.01761   0.00566  -0.0119   0.3717   0.5071  61.4301 251.0880
   8.000   0.9231   0.01810   0.00564  -0.0118   0.3626   0.5218  62.3428 252.1664
   8.000   0.9231   0.01810   0.00564  -0.0118   0.3626   0.5218  62.3428 252.1662
   8.000   0.9231   0.01810   0.00564  -0.0118   0.3626   0.5218  62.3428 252.1662
   8.000   0.9231   0.01810   0.00564  -0.0118   0.3626   0.5218  62.3428 252.1662
   8.000   0.9231   0.01810   0.00564  -0.0118   0.3626   0.5218  62.3428 252.1662
   9.000   1.0191   0.01874   0.00560  -0.0104   0.3533   0.5389  63.2964 253.3834
   9.000   1.0191   0.01874   0.00560  -0.0104   0.3533   0.5389  63.2964 253.3835
   9.000   1.0191   0.01874   0.00560  -0.0104   0.3533   0.5389  63.2964 253.3835
   9.000   1.0191   0.01874   0.00560  -0.0104   0.3533   0.5389  63.2964 253.3835
   9.000   1.0191   0.01874   0.00560  -0.0104   0.3533   0.5389  63.2964 253.3835
  10.000   1.0934   0.01961   0.00548  -0.0059   0.3438   0.5592  64.2835 254.8002
  10.000   1.0934   0.01961   0.00548  -0.0059   0.3438   0.5593  64.2835 254.8028
  10.000   1.0934   0.01961   0.00548  -0.0059   0.3438   0.5593  64.2835 254.8028
  10.000   1.0934   0.01961   0.00548  -0.0059   0.3438   0.5593  64.2835 254.8028
  10.000   1.0934   0.01961   0.00548  -0.0059   0.3438   0.5593  64.2835 254.8028
  11.000   1.1604   0.02128   0.00582  -0.0019   0.3338   0.5839  65.3598 256.4738
  11.000   1.1604   0.02128   0.00582  -0.0019   0.3338   0.5839  65.3598 256.4754
  11.000   1.1604   0.02128   0.00582  -0.0019   0.3338   0.5839  65.3598 256.4754
  11.000   1.1604   0.02128   0.00582  -0.0019   0.3338   0.5839  65.3598 256.4754
  11.000   1.1604   0.02128   0.00582  -0.0019   0.3338   0.5839  65.3598 256.4754
  12.000   1.2195   0.02395   0.00659   0.0008   0.3229   0.6157  66.5437 258.5828
  12.000   1.2195   0.02395   0.00659   0.0008   0.3229   0.6157  66.5437 258.5821
  12.000   1.2195   0.02395   0.00659   0.0008   0.3229   0.6157  66.5437 258.5820
  12.000   1.2195   0.02395   0.00659   0.0008   0.3229   0.6157  66.5437 258.5820
  12.000   1.2195   0.02395   0.00659   0.0008   0.3229   0.6157  66.5437 258.5820
  13.000   1.2712   0.02777   0.00791   0.0023   0.3114   0.6577  67.8218 261.3191
  13.000   1.2712   0.02777   0.00791   0.0023   0.3114   0.6577  67.8218 261.3205
  13.000   1.2712   0.02777   0.00791   0.0023   0.3114   0.6577  67.8218 261.3206
  13.000   1.2712   0.02777   0.00791   0.0023   0.3114   0.6577  67.8218 261.3207
  13.000   1.2712   0.02777   0.00791   0.0023   0.3114   0.6577  67.8218 261.3207
  14.000   1.3045   0.03343   0.01032   0.0032   0.2986   0.7157  69.2641 265.1260
  14.000   1.3045   0.03343   0.01032   0.0032   0.2986   0.7157  69.2641 265.1259
  14.000   1.3045   0.03343   0.01032   0.0032   0.2986   0.7157  69.2641 265.1259
  14.000   1.3045   0.03343   0.01032   0.0032   0.2986   0.7157  69.2641 265.1259
  14.000   1.3045   0.03343   0.01032   0.0032   0.2986   0.7157  69.2641 265.1259
  15.000   1.3218   0.04053   0.01374   0.0041   0.2849   0.8217  70.8522 272.5907
  15.000   1.3218   0.04053   0.01374   0.0041   0.2849   0.8217  70.8522 272.5913
  15.000   1.3218   0.04053   0.01374   0.0041   0.2849   0.8218  70.8522 272.5921
  15.000   1.3218   0.04053   0.01374   0.0041   0.2849   0.8218  70.8522 272.5922
  15.000   1.3218   0.04053   0.01374   0.0041   0.2849   0.8218  70.8522 272.5922
  16.000   1.3134   0.04995   0.01863   0.0056   0.2699   1.0000  72.6373 300.0000
  16.000   1.3134   0.04995   0.01863   0.0056   0.2699   1.0000  72.6372 300.0000
  16.000   1.3134   0.04995   0.01863   0.0056   0.2699   1.0000  72.6372 300.0000
  16.000   1.3134   0.04995   0.01863   0.0056   0.2699   1.0000  72.6372 300.0000
  16.000   1.3134   0.04995   0.01863   0.0056   0.2699   1.0000  72.6372 300.0000
  17.000   1.3140   0.06064   0.02441   0.0039   0.2545   1.0000  74.5133 300.0000
  17.000   1.3140   0.06064   0.02441   0.0039   0.2545   1.0000  74.5133 300.0000
  17.000   1.3140   0.06064   0.02441   0.0039   0.2545   1.0000  74.5133 300.0000
  17.000   1.3140   0.06064   0.02441   0.0039   0.2545   1.0000  74.5133 300.0000
  17.000   1.3140   0.06064   0.02441   0.0039   0.2545   1.0000  74.5133 300.0000
  18.000   1.3138   0.07177   0.03076   0.0018   0.2393   1.0000  76.4248 300.0000
  18.000   1.3138   0.07177   0.03076   0.0018   0.2393   1.0000  76.4248 300.0000
  18.000   1.3138   0.07177   0.03076   0.0018   0.2393   1.0000  76.4248 300.0000
  18.000   1.3138   0.07177   0.03076   0.0018   0.2393   1.0000  76.4248 300.0000
  18.000   1.3138   0.07177   0.03076   0.0018   0.2393   1.0000  76.4248 300.0000
  19.000   1.3174   0.08277   0.03733  -0.0007   0.2246   1.0000  78.3078 300.0000
  19.000   1.3174   0.08277   0.03733  -0.0007   0.2246   1.0000  78.3077 300.0000
  19.000   1.3174   0.08277   0.03733  -0.0007   0.2246   1.0000  78.3077 300.0000
  19.000   1.3174   0.08277   0.03733  -0.0007   0.2246   1.0000  78.3077 300.0000
  19.000   1.3174   0.08277   0.03733  -0.0007   0.2246   1.0000  78.3077 300.0000
