  
       XFOIL         Version 6.99
  
 Calculated polar for: EPPLER 862 STRUT AIRFOIL                        
  
 1 1 Reynolds number fixed          Mach number fixed         
  
 xtrf =   1.000 (top)        1.000 (bottom)  
 Mach =   0.000     Re =     0.425 e 6     Ncrit =   9.000  9.000
  
   alpha    CL        CD       CDp       CM     Top_Xtr  Bot_Xtr  Top_Itr  Bot_Itr
  ------ -------- --------- --------- -------- -------- -------- -------- --------
   0.000  -0.0000   0.01662   0.00594   0.0000   0.4350   0.4350  55.6045 245.3950
   0.000   0.0000   0.01662   0.00594  -0.0000   0.4350   0.4350  55.6046 245.3954
   0.000  -0.0000   0.01662   0.00594  -0.0000   0.4350   0.4350  55.6046 245.3954
   0.000  -0.0000   0.01662   0.00594  -0.0000   0.4350   0.4350  55.6046 245.3954
   0.000  -0.0000   0.01662   0.00594  -0.0000   0.4350   0.4350  55.6046 245.3954
   1.000   0.1203   0.01666   0.00591  -0.0022   0.4263   0.4443  56.3543 246.1763
   1.000   0.1203   0.01666   0.00591  -0.0022   0.4263   0.4443  56.3543 246.1763
   1.000   0.1203   0.01666   0.00591  -0.0022   0.4263   0.4443  56.3543 246.1763
   1.000   0.1203   0.01666   0.00591  -0.0022   0.4263   0.4443  56.3543 246.1763
   1.000   0.1203   0.01666   0.00591  -0.0022   0.4263   0.4443  56.3543 246.1763
   2.000   0.2412   0.01684   0.00587  -0.0045   0.4179   0.4539  57.0905 246.9690
   2.000   0.2412   0.01684   0.00587  -0.0045   0.4179   0.4539  57.0905 246.9688
   2.000   0.2412   0.01684   0.00587  -0.0045   0.4179   0.4539  57.0905 246.9688
   2.000   0.2412   0.01684   0.00587  -0.0045   0.4179   0.4539  57.0905 246.9688
   2.000   0.2412   0.01684   0.00587  -0.0045   0.4179   0.4539  57.0905 246.9688
   3.000   0.3609   0.01689   0.00591  -0.0066   0.4091   0.4635  57.8784 247.7469
   3.000   0.3609   0.01689   0.00591  -0.0066   0.4091   0.4635  57.8784 247.7468
   3.000   0.3609   0.01689   0.00591  -0.0066   0.4091   0.4635  57.8784 247.7468
   3.000   0.3609   0.01689   0.00591  -0.0066   0.4091   0.4635  57.8784 247.7468
   3.000   0.3609   0.01689   0.00591  -0.0066   0.4091   0.4635  57.8784 247.7468
   4.000   0.4782   0.01708   0.00599  -0.0084   0.4002   0.4737  58.6972 248.5491
   4.000   0.4782   0.01708   0.00599  -0.0084   0.4002   0.4737  58.6972 248.5487
   4.000   0.4782   0.01708   0.00599  -0.0084   0.4002   0.4737  58.6972 248.5486
   4.000   0.4782   0.01708   0.00599  -0.0084   0.4002   0.4737  58.6972 248.5486
   4.000   0.4782   0.01708   0.00599  -0.0084   0.4002   0.4737  58.6972 248.5486
   5.000   0.5939   0.01736   0.00604  -0.0099   0.3914   0.4847  59.5154 249.4013
   5.000   0.5939   0.01736   0.00604  -0.0099   0.3914   0.4847  59.5154 249.4012
   5.000   0.5939   0.01736   0.00604  -0.0099   0.3914   0.4847  59.5154 249.4012
   5.000   0.5939   0.01736   0.00604  -0.0099   0.3914   0.4847  59.5154 249.4012
   5.000   0.5939   0.01736   0.00604  -0.0099   0.3914   0.4847  59.5154 249.4012
   6.000   0.7077   0.01770   0.00604  -0.0112   0.3827   0.4967  60.3479 250.3155
   6.000   0.7077   0.01770   0.00604  -0.0112   0.3827   0.4967  60.3479 250.3156
   6.000   0.7077   0.01770   0.00604  -0.0112   0.3827   0.4967  60.3479 250.3156
   6.000   0.7077   0.01770   0.00604  -0.0112   0.3827   0.4967  60.3479 250.3156
   6.000   0.7077   0.01770   0.00604  -0.0112   0.3827   0.4967  60.3479 250.3156
   7.000   0.8185   0.01810   0.00600  -0.0120   0.3739   0.5100  61.2104 251.3058
   7.000   0.8185   0.01810   0.00600  -0.0120   0.3739   0.5100  61.2104 251.3057
   7.000   0.8185   0.01810   0.00600  -0.0120   0.3739   0.5100  61.2104 251.3057
   7.000   0.8185   0.01810   0.00600  -0.0120   0.3739   0.5100  61.2104 251.3057
   7.000   0.8185   0.01810   0.00600  -0.0120   0.3739   0.5100  61.2104 251.3057
   8.000   0.9247   0.01859   0.00594  -0.0121   0.3648   0.5251  62.1155 252.3998
   8.000   0.9247   0.01859   0.00594  -0.0121   0.3648   0.5251  62.1155 252.3998
   8.000   0.9247   0.01859   0.00594  -0.0121   0.3648   0.5251  62.1155 252.3998
   8.000   0.9247   0.01859   0.00594  -0.0121   0.3648   0.5251  62.1155 252.3998
   8.000   0.9247   0.01859   0.00594  -0.0121   0.3648   0.5251  62.1155 252.3998
   9.000   1.0230   0.01922   0.00587  -0.0112   0.3555   0.5427  63.0668 253.6515
   9.000   1.0230   0.01922   0.00587  -0.0112   0.3555   0.5427  63.0668 253.6518
   9.000   1.0230   0.01922   0.00587  -0.0112   0.3555   0.5427  63.0668 253.6519
   9.000   1.0230   0.01922   0.00587  -0.0112   0.3555   0.5427  63.0668 253.6519
   9.000   1.0230   0.01922   0.00587  -0.0112   0.3555   0.5427  63.0668 253.6519
  10.000   1.1042   0.02005   0.00576  -0.0078   0.3459   0.5634  64.0615 255.0893
  10.000   1.1042   0.02005   0.00576  -0.0078   0.3459   0.5635  64.0615 255.0900
  10.000   1.1042   0.02005   0.00576  -0.0078   0.3459   0.5635  64.0615 255.0901
  10.000   1.1042   0.02005   0.00576  -0.0078   0.3459   0.5635  64.0615 255.0901
  10.000   1.1042   0.02005   0.00576  -0.0078   0.3459   0.5635  64.0615 255.0901
  11.000   1.1653   0.02157   0.00597  -0.0025   0.3360   0.5885  65.1226 256.7864
  11.000   1.1653   0.02157   0.00597  -0.0025   0.3360   0.5885  65.1226 256.7861
  11.000   1.1653   0.02157   0.00597  -0.0025   0.3360   0.5885  65.1226 256.7861
  11.000   1.1653   0.02157   0.00597  -0.0025   0.3360   0.5885  65.1226 256.7861
  11.000   1.1653   0.02157   0.00597  -0.0025   0.3360   0.5885  65.1226 256.7861
  12.000   1.2196   0.02428   0.00678   0.0009   0.3250   0.6206  66.3115 258.9071
  12.000   1.2196   0.02428   0.00678   0.0009   0.3250   0.6206  66.3115 258.9061
  12.000   1.2196   0.02428   0.00678   0.0009   0.3250   0.6206  66.3115 258.9060
  12.000   1.2196   0.02428   0.00678   0.0009   0.3250   0.6206  66.3115 258.9060
  12.000   1.2196   0.02428   0.00678   0.0009   0.3250   0.6206  66.3115 258.9060
  13.000   1.2657   0.02829   0.00825   0.0028   0.3131   0.6629  67.6243 261.6581
  13.000   1.2657   0.02829   0.00825   0.0028   0.3131   0.6629  67.6243 261.6580
  13.000   1.2657   0.02829   0.00825   0.0028   0.3131   0.6629  67.6243 261.6580
  13.000   1.2657   0.02829   0.00825   0.0028   0.3131   0.6629  67.6243 261.6580
  13.000   1.2657   0.02829   0.00825   0.0028   0.3131   0.6629  67.6243 261.6580
  14.000   1.3121   0.03287   0.00987   0.0036   0.3011   0.7235  68.9788 265.6493
  14.000   1.3121   0.03287   0.00987   0.0036   0.3011   0.7236  68.9788 265.6566
  14.000   1.3121   0.03287   0.00987   0.0036   0.3011   0.7236  68.9788 265.6571
  14.000   1.3121   0.03287   0.00987   0.0036   0.3011   0.7236  68.9788 265.6571
  14.000   1.3121   0.03287   0.00987   0.0036   0.3011   0.7236  68.9788 265.6571
  15.000   1.3117   0.04112   0.01417   0.0052   0.2866   0.8427  70.6535 274.2330
  15.000   1.3117   0.04112   0.01417   0.0052   0.2866   0.8427  70.6535 274.2325
  15.000   1.3117   0.04112   0.01417   0.0052   0.2866   0.8427  70.6535 274.2331
  15.000   1.3117   0.04112   0.01417   0.0052   0.2866   0.8427  70.6535 274.2332
  15.000   1.3117   0.04112   0.01417   0.0052   0.2866   0.8427  70.6535 274.2332
  16.000   1.3105   0.05004   0.01860   0.0062   0.2720   1.0000  72.3849 300.0000
  16.000   1.3105   0.05004   0.01860   0.0062   0.2720   1.0000  72.3849 300.0000
  16.000   1.3105   0.05004   0.01860   0.0062   0.2720   1.0000  72.3849 300.0000
  16.000   1.3105   0.05004   0.01860   0.0062   0.2720   1.0000  72.3849 300.0000
  16.000   1.3105   0.05004   0.01860   0.0062   0.2720   1.0000  72.3849 300.0000
  17.000   1.3174   0.06004   0.02381   0.0046   0.2570   1.0000  74.2057 300.0000
  17.000   1.3174   0.06004   0.02381   0.0046   0.2570   1.0000  74.2057 300.0000
  17.000   1.3174   0.06004   0.02381   0.0046   0.2570   1.0000  74.2057 300.0000
  17.000   1.3174   0.06004   0.02381   0.0046   0.2570   1.0000  74.2057 300.0000
  17.000   1.3174   0.06004   0.02381   0.0046   0.2570   1.0000  74.2057 300.0000
  18.000   1.3303   0.06970   0.02886   0.0026   0.2424   1.0000  76.0252 300.0000
  18.000   1.3303   0.06971   0.02886   0.0026   0.2424   1.0000  76.0252 300.0000
  18.000   1.3303   0.06971   0.02886   0.0026   0.2424   1.0000  76.0252 300.0000
  18.000   1.3303   0.06971   0.02886   0.0026   0.2424   1.0000  76.0252 300.0000
  18.000   1.3303   0.06971   0.02886   0.0026   0.2424   1.0000  76.0252 300.0000
  19.000   1.3285   0.08126   0.03582   0.0000   0.2273   1.0000  77.9545 300.0000
  19.000   1.3285   0.08126   0.03582   0.0000   0.2273   1.0000  77.9545 300.0000
  19.000   1.3285   0.08126   0.03582   0.0000   0.2273   1.0000  77.9545 300.0000
  19.000   1.3285   0.08126   0.03582   0.0000   0.2273   1.0000  77.9545 300.0000
  19.000   1.3285   0.08126   0.03582   0.0000   0.2273   1.0000  77.9545 300.0000
