  
       XFOIL         Version 6.99
  
 Calculated polar for: EPPLER 862 STRUT AIRFOIL                        
  
 1 1 Reynolds number fixed          Mach number fixed         
  
 xtrf =   1.000 (top)        1.000 (bottom)  
 Mach =   0.000     Re =     0.550 e 6     Ncrit =   9.000  9.000
  
   alpha    CL        CD       CDp       CM     Top_Xtr  Bot_Xtr  Top_Itr  Bot_Itr
  ------ -------- --------- --------- -------- -------- -------- -------- --------
   0.000   0.0000   0.01466   0.00461  -0.0000   0.4250   0.4250  56.4650 244.5350
   0.000   0.0000   0.01466   0.00461  -0.0000   0.4250   0.4250  56.4650 244.5350
   0.000  -0.0000   0.01466   0.00461  -0.0000   0.4250   0.4250  56.4650 244.5350
   0.000  -0.0000   0.01466   0.00461  -0.0000   0.4250   0.4250  56.4650 244.5350
   0.000  -0.0000   0.01466   0.00461  -0.0000   0.4250   0.4250  56.4650 244.5350
   1.000   0.1213   0.01470   0.00458  -0.0023   0.4167   0.4337  57.1970 245.2879
   1.000   0.1213   0.01470   0.00458  -0.0023   0.4167   0.4337  57.1970 245.2879
   1.000   0.1213   0.01470   0.00458  -0.0023   0.4167   0.4337  57.1970 245.2879
   1.000   0.1213   0.01470   0.00458  -0.0023   0.4167   0.4337  57.1970 245.2879
   1.000   0.1213   0.01470   0.00458  -0.0023   0.4167   0.4337  57.1970 245.2879
   2.000   0.2426   0.01482   0.00453  -0.0046   0.4083   0.4429  57.9517 246.0613
   2.000   0.2426   0.01482   0.00453  -0.0046   0.4083   0.4429  57.9520 246.0609
   2.000   0.2426   0.01482   0.00453  -0.0046   0.4083   0.4429  57.9520 246.0609
   2.000   0.2426   0.01482   0.00453  -0.0046   0.4083   0.4429  57.9520 246.0609
   2.000   0.2426   0.01482   0.00453  -0.0046   0.4083   0.4429  57.9520 246.0609
   3.000   0.3626   0.01490   0.00459  -0.0067   0.3997   0.4523  58.7435 246.8387
   3.000   0.3626   0.01490   0.00459  -0.0067   0.3997   0.4523  58.7435 246.8387
   3.000   0.3626   0.01490   0.00459  -0.0067   0.3997   0.4523  58.7435 246.8387
   3.000   0.3626   0.01490   0.00459  -0.0067   0.3997   0.4523  58.7435 246.8387
   3.000   0.3626   0.01490   0.00459  -0.0067   0.3997   0.4523  58.7435 246.8387
   4.000   0.4811   0.01507   0.00463  -0.0086   0.3911   0.4620  59.5421 247.6256
   4.000   0.4811   0.01507   0.00463  -0.0086   0.3911   0.4620  59.5421 247.6255
   4.000   0.4811   0.01507   0.00463  -0.0086   0.3911   0.4620  59.5421 247.6255
   4.000   0.4811   0.01507   0.00463  -0.0086   0.3911   0.4620  59.5421 247.6255
   4.000   0.4811   0.01507   0.00463  -0.0086   0.3911   0.4620  59.5421 247.6255
   5.000   0.5979   0.01531   0.00464  -0.0102   0.3827   0.4725  60.3521 248.4555
   5.000   0.5979   0.01531   0.00464  -0.0102   0.3827   0.4725  60.3521 248.4548
   5.000   0.5979   0.01531   0.00464  -0.0102   0.3827   0.4725  60.3521 248.4548
   5.000   0.5979   0.01531   0.00464  -0.0102   0.3827   0.4725  60.3521 248.4548
   5.000   0.5979   0.01531   0.00464  -0.0102   0.3827   0.4725  60.3521 248.4548
   6.000   0.7124   0.01562   0.00462  -0.0115   0.3741   0.4839  61.1882 249.3439
   6.000   0.7124   0.01562   0.00462  -0.0115   0.3741   0.4839  61.1882 249.3439
   6.000   0.7124   0.01562   0.00462  -0.0115   0.3741   0.4839  61.1882 249.3439
   6.000   0.7124   0.01562   0.00462  -0.0115   0.3741   0.4839  61.1882 249.3439
   6.000   0.7124   0.01562   0.00462  -0.0115   0.3741   0.4839  61.1882 249.3439
   7.000   0.8234   0.01601   0.00458  -0.0123   0.3653   0.4966  62.0702 250.3058
   7.000   0.8234   0.01601   0.00458  -0.0123   0.3653   0.4966  62.0702 250.3049
   7.000   0.8234   0.01601   0.00458  -0.0123   0.3653   0.4966  62.0702 250.3049
   7.000   0.8234   0.01601   0.00458  -0.0123   0.3653   0.4966  62.0702 250.3049
   7.000   0.8234   0.01601   0.00458  -0.0123   0.3653   0.4966  62.0702 250.3049
   8.000   0.9288   0.01651   0.00454  -0.0122   0.3562   0.5109  62.9988 251.3649
   8.000   0.9288   0.01651   0.00454  -0.0122   0.3562   0.5109  62.9988 251.3649
   8.000   0.9288   0.01651   0.00454  -0.0122   0.3562   0.5109  62.9988 251.3649
   8.000   0.9288   0.01651   0.00454  -0.0122   0.3562   0.5109  62.9988 251.3649
   8.000   0.9288   0.01651   0.00454  -0.0122   0.3562   0.5109  62.9988 251.3649
   9.000   1.0234   0.01715   0.00453  -0.0106   0.3468   0.5274  63.9695 252.5666
   9.000   1.0234   0.01715   0.00453  -0.0106   0.3468   0.5274  63.9695 252.5667
   9.000   1.0234   0.01715   0.00453  -0.0106   0.3468   0.5274  63.9695 252.5667
   9.000   1.0234   0.01715   0.00453  -0.0106   0.3468   0.5274  63.9695 252.5667
   9.000   1.0234   0.01715   0.00453  -0.0106   0.3468   0.5274  63.9695 252.5667
  10.000   1.0956   0.01812   0.00450  -0.0057   0.3374   0.5468  64.9690 253.9378
  10.000   1.0956   0.01812   0.00450  -0.0057   0.3374   0.5468  64.9690 253.9375
  10.000   1.0956   0.01812   0.00450  -0.0057   0.3374   0.5468  64.9690 253.9375
  10.000   1.0956   0.01812   0.00450  -0.0057   0.3374   0.5468  64.9690 253.9375
  10.000   1.0956   0.01812   0.00450  -0.0057   0.3374   0.5468  64.9690 253.9375
  11.000   1.1672   0.01986   0.00492  -0.0026   0.3273   0.5704  66.0541 255.5639
  11.000   1.1672   0.01986   0.00492  -0.0026   0.3273   0.5704  66.0541 255.5651
  11.000   1.1672   0.01986   0.00492  -0.0026   0.3273   0.5704  66.0541 255.5652
  11.000   1.1672   0.01986   0.00492  -0.0026   0.3273   0.5704  66.0541 255.5652
  11.000   1.1672   0.01986   0.00492  -0.0026   0.3273   0.5704  66.0541 255.5652
  12.000   1.2279   0.02274   0.00591  -0.0004   0.3163   0.6005  67.2713 257.5837
  12.000   1.2279   0.02274   0.00591  -0.0004   0.3163   0.6005  67.2713 257.5825
  12.000   1.2279   0.02274   0.00591  -0.0004   0.3163   0.6005  67.2713 257.5824
  12.000   1.2279   0.02274   0.00591  -0.0004   0.3163   0.6005  67.2713 257.5824
  12.000   1.2279   0.02274   0.00591  -0.0004   0.3163   0.6005  67.2713 257.5824
  13.000   1.2783   0.02702   0.00760   0.0006   0.3043   0.6398  68.6210 260.1595
  13.000   1.2783   0.02702   0.00760   0.0006   0.3043   0.6399  68.6210 260.1598
  13.000   1.2783   0.02702   0.00760   0.0006   0.3043   0.6399  68.6210 260.1599
  13.000   1.2783   0.02702   0.00760   0.0006   0.3043   0.6399  68.6210 260.1599
  13.000   1.2783   0.02702   0.00760   0.0006   0.3043   0.6399  68.6210 260.1599
  14.000   1.3185   0.03244   0.00982   0.0013   0.2919   0.6939  70.0376 263.6800
  14.000   1.3185   0.03244   0.00982   0.0013   0.2919   0.6938  70.0376 263.6762
  14.000   1.3185   0.03244   0.00982   0.0013   0.2919   0.6938  70.0376 263.6756
  14.000   1.3185   0.03244   0.00982   0.0013   0.2919   0.6938  70.0376 263.6755
  14.000   1.3185   0.03244   0.00982   0.0013   0.2919   0.6938  70.0376 263.6755
  15.000   1.3301   0.04064   0.01396   0.0015   0.2776   0.7702  71.7198 268.8576
  15.000   1.3301   0.04064   0.01396   0.0015   0.2776   0.7702  71.7198 268.8571
  15.000   1.3301   0.04064   0.01396   0.0015   0.2776   0.7702  71.7198 268.8569
  15.000   1.3301   0.04064   0.01396   0.0015   0.2776   0.7702  71.7198 268.8569
  15.000   1.3301   0.04064   0.01396   0.0015   0.2776   0.7702  71.7198 268.8569
  16.000   1.3247   0.04961   0.01873   0.0035   0.2630   1.0000  73.4754 300.0000
  16.000   1.3247   0.04961   0.01873   0.0035   0.2630   1.0000  73.4754 300.0000
  16.000   1.3247   0.04961   0.01873   0.0035   0.2630   1.0000  73.4754 300.0000
  16.000   1.3247   0.04961   0.01873   0.0035   0.2630   1.0000  73.4754 300.0000
  16.000   1.3247   0.04961   0.01873   0.0035   0.2630   1.0000  73.4754 300.0000
  17.000   1.3246   0.06037   0.02454   0.0021   0.2477   1.0000  75.3606 300.0000
  17.000   1.3246   0.06037   0.02454   0.0021   0.2477   1.0000  75.3606 300.0000
  17.000   1.3246   0.06037   0.02454   0.0021   0.2477   1.0000  75.3606 300.0000
  17.000   1.3246   0.06037   0.02454   0.0021   0.2477   1.0000  75.3606 300.0000
  17.000   1.3246   0.06037   0.02454   0.0021   0.2477   1.0000  75.3606 300.0000
  18.000   1.3236   0.07155   0.03089   0.0002   0.2326   1.0000  77.2752 300.0000
  18.000   1.3236   0.07155   0.03089   0.0002   0.2326   1.0000  77.2751 300.0000
  18.000   1.3236   0.07155   0.03089   0.0002   0.2326   1.0000  77.2751 300.0000
  18.000   1.3236   0.07155   0.03089   0.0002   0.2326   1.0000  77.2751 300.0000
  18.000   1.3236   0.07155   0.03089   0.0002   0.2326   1.0000  77.2751 300.0000
  19.000   1.3264   0.08259   0.03744  -0.0021   0.2182   1.0000  79.1570 300.0000
  19.000   1.3264   0.08259   0.03744  -0.0021   0.2182   1.0000  79.1570 300.0000
  19.000   1.3264   0.08259   0.03744  -0.0021   0.2182   1.0000  79.1570 300.0000
  19.000   1.3264   0.08259   0.03744  -0.0021   0.2182   1.0000  79.1570 300.0000
  19.000   1.3264   0.08259   0.03744  -0.0021   0.2182   1.0000  79.1570 300.0000
