  
       XFOIL         Version 6.99
  
 Calculated polar for: AH 93-W-300                                     
  
 1 1 Reynolds number fixed          Mach number fixed         
  
 xtrf =   1.000 (top)        1.000 (bottom)  
 Mach =   0.000     Re =     0.275 e 6     Ncrit =   9.000  9.000
  
   alpha    CL        CD       CDp       CM     Top_Xtr  Bot_Xtr  Top_Itr  Bot_Itr
  ------ -------- --------- --------- -------- -------- -------- -------- --------
   0.000   0.3483   0.01831   0.00665  -0.0739   0.5008   0.4926  20.0497 137.9707
   0.000   0.3483   0.01831   0.00665  -0.0739   0.5008   0.4926  20.0497 137.9707
   0.000   0.3483   0.01831   0.00665  -0.0739   0.5008   0.4926  20.0497 137.9707
   0.000   0.3483   0.01831   0.00665  -0.0739   0.5008   0.4926  20.0497 137.9707
   0.000   0.3483   0.01831   0.00665  -0.0739   0.5008   0.4926  20.0497 137.9707
   1.000   0.4654   0.01851   0.00676  -0.0748   0.4772   0.5059  21.0295 138.5083
   1.000   0.4654   0.01851   0.00676  -0.0748   0.4772   0.5059  21.0295 138.5083
   1.000   0.4654   0.01851   0.00676  -0.0748   0.4772   0.5059  21.0295 138.5083
   1.000   0.4654   0.01851   0.00676  -0.0748   0.4772   0.5059  21.0295 138.5083
   1.000   0.4654   0.01851   0.00676  -0.0748   0.4772   0.5059  21.0295 138.5083
   2.000   0.5841   0.01881   0.00653  -0.0763   0.4541   0.5203  22.0145 139.0845
   2.000   0.5841   0.01881   0.00653  -0.0763   0.4541   0.5203  22.0145 139.0845
   2.000   0.5841   0.01881   0.00653  -0.0763   0.4541   0.5203  22.0145 139.0845
   2.000   0.5841   0.01881   0.00653  -0.0763   0.4541   0.5203  22.0145 139.0845
   2.000   0.5841   0.01881   0.00653  -0.0763   0.4541   0.5203  22.0145 139.0845
   4.000   0.8073   0.01973   0.00651  -0.0765   0.4100   0.5488  23.9912 140.1478
   4.000   0.8073   0.01973   0.00651  -0.0765   0.4100   0.5488  23.9912 140.1478
   4.000   0.8073   0.01973   0.00651  -0.0765   0.4100   0.5488  23.9912 140.1478
   4.000   0.8073   0.01973   0.00651  -0.0765   0.4100   0.5488  23.9912 140.1478
   4.000   0.8073   0.01973   0.00651  -0.0765   0.4100   0.5488  23.9912 140.1478
   5.000   0.9092   0.02044   0.00659  -0.0748   0.3887   0.5633  25.0052 140.6568
   5.000   0.9092   0.02044   0.00659  -0.0748   0.3887   0.5633  25.0052 140.6568
   5.000   0.9092   0.02044   0.00659  -0.0748   0.3887   0.5633  25.0052 140.6568
   5.000   0.9092   0.02044   0.00659  -0.0748   0.3887   0.5633  25.0052 140.6568
   5.000   0.9092   0.02044   0.00659  -0.0748   0.3887   0.5633  25.0052 140.6568
   6.000   1.0040   0.02114   0.00646  -0.0724   0.3678   0.5781  26.0358 141.1665
   6.000   1.0040   0.02114   0.00646  -0.0724   0.3678   0.5781  26.0357 141.1662
   6.000   1.0040   0.02114   0.00646  -0.0724   0.3678   0.5781  26.0357 141.1662
   6.000   1.0040   0.02114   0.00646  -0.0724   0.3678   0.5781  26.0357 141.1662
   6.000   1.0040   0.02114   0.00646  -0.0724   0.3678   0.5781  26.0357 141.1662
   7.000   1.0745   0.02218   0.00648  -0.0657   0.3479   0.5931  27.0674 141.6591
   7.000   1.0745   0.02218   0.00648  -0.0657   0.3479   0.5931  27.0674 141.6591
   7.000   1.0745   0.02218   0.00648  -0.0657   0.3479   0.5931  27.0674 141.6591
   7.000   1.0745   0.02218   0.00648  -0.0657   0.3479   0.5931  27.0674 141.6591
   7.000   1.0745   0.02218   0.00648  -0.0657   0.3479   0.5931  27.0674 141.6591
   8.000   1.1438   0.02383   0.00681  -0.0602   0.3276   0.6088  28.1602 142.1707
   8.000   1.1438   0.02383   0.00681  -0.0602   0.3276   0.6088  28.1602 142.1708
   8.000   1.1438   0.02383   0.00681  -0.0602   0.3276   0.6088  28.1602 142.1708
   8.000   1.1438   0.02383   0.00681  -0.0602   0.3276   0.6088  28.1602 142.1708
   8.000   1.1438   0.02383   0.00681  -0.0602   0.3276   0.6088  28.1602 142.1708
   9.000   1.2048   0.02631   0.00763  -0.0548   0.3072   0.6250  29.3151 142.6814
   9.000   1.2048   0.02631   0.00763  -0.0548   0.3072   0.6250  29.3150 142.6811
   9.000   1.2048   0.02631   0.00763  -0.0548   0.3072   0.6250  29.3150 142.6811
   9.000   1.2048   0.02631   0.00763  -0.0548   0.3072   0.6250  29.3150 142.6811
   9.000   1.2048   0.02631   0.00763  -0.0548   0.3072   0.6250  29.3150 142.6811
  10.000   1.2592   0.02970   0.00892  -0.0505   0.2867   0.6421  30.5222 143.2181
  10.000   1.2592   0.02970   0.00892  -0.0505   0.2867   0.6421  30.5222 143.2181
  10.000   1.2592   0.02970   0.00892  -0.0505   0.2867   0.6421  30.5222 143.2181
  10.000   1.2592   0.02970   0.00892  -0.0505   0.2867   0.6421  30.5222 143.2181
  10.000   1.2592   0.02970   0.00892  -0.0505   0.2867   0.6421  30.5222 143.2181
  11.000   1.3041   0.03427   0.01089  -0.0467   0.2670   0.6605  31.7418 143.7958
  11.000   1.3041   0.03427   0.01089  -0.0467   0.2670   0.6605  31.7418 143.7956
  11.000   1.3041   0.03427   0.01089  -0.0467   0.2670   0.6605  31.7418 143.7956
  11.000   1.3041   0.03427   0.01089  -0.0467   0.2670   0.6605  31.7418 143.7956
  11.000   1.3041   0.03427   0.01089  -0.0467   0.2670   0.6605  31.7418 143.7956
  12.000   1.3433   0.03980   0.01346  -0.0437   0.2483   0.6800  32.9553 144.4180
  12.000   1.3433   0.03980   0.01346  -0.0437   0.2483   0.6800  32.9553 144.4173
  12.000   1.3433   0.03980   0.01346  -0.0437   0.2483   0.6800  32.9553 144.4173
  12.000   1.3433   0.03980   0.01346  -0.0437   0.2483   0.6800  32.9553 144.4173
  12.000   1.3433   0.03980   0.01346  -0.0437   0.2483   0.6800  32.9553 144.4173
  13.000   1.3710   0.04702   0.01736  -0.0418   0.2308   0.7019  34.1604 145.1275
  13.000   1.3710   0.04702   0.01736  -0.0418   0.2308   0.7019  34.1604 145.1269
  13.000   1.3710   0.04702   0.01736  -0.0418   0.2308   0.7019  34.1604 145.1269
  13.000   1.3710   0.04702   0.01736  -0.0418   0.2308   0.7019  34.1604 145.1269
  13.000   1.3710   0.04702   0.01736  -0.0418   0.2308   0.7019  34.1604 145.1269
  14.000   1.3911   0.05563   0.02240  -0.0409   0.2143   0.7265  35.3542 145.9511
  14.000   1.3911   0.05563   0.02240  -0.0409   0.2143   0.7265  35.3542 145.9505
  14.000   1.3911   0.05563   0.02240  -0.0409   0.2143   0.7265  35.3542 145.9505
  14.000   1.3911   0.05563   0.02240  -0.0409   0.2143   0.7265  35.3542 145.9505
  14.000   1.3911   0.05563   0.02240  -0.0409   0.2143   0.7265  35.3542 145.9505
  15.000   1.4060   0.06532   0.02838  -0.0408   0.1991   0.7556  36.5121 146.9771
  15.000   1.4060   0.06532   0.02838  -0.0408   0.1991   0.7555  36.5122 146.9767
  15.000   1.4060   0.06532   0.02838  -0.0408   0.1991   0.7555  36.5122 146.9766
  15.000   1.4060   0.06532   0.02838  -0.0408   0.1991   0.7555  36.5122 146.9766
  15.000   1.4060   0.06532   0.02838  -0.0408   0.1991   0.7555  36.5122 146.9766
  16.000   1.4154   0.07590   0.03533  -0.0414   0.1852   0.7890  37.6297 148.2395
  16.000   1.4154   0.07590   0.03533  -0.0414   0.1852   0.7890  37.6298 148.2397
  16.000   1.4154   0.07590   0.03533  -0.0414   0.1852   0.7890  37.6298 148.2397
  16.000   1.4154   0.07590   0.03533  -0.0414   0.1852   0.7890  37.6298 148.2397
  16.000   1.4154   0.07590   0.03533  -0.0414   0.1852   0.7890  37.6298 148.2397
  17.000   1.4223   0.08686   0.04294  -0.0425   0.1724   0.8341  38.7178 150.1078
  17.000   1.4223   0.08686   0.04294  -0.0425   0.1724   0.8341  38.7178 150.1070
  17.000   1.4223   0.08686   0.04294  -0.0425   0.1724   0.8341  38.7178 150.1069
  17.000   1.4223   0.08686   0.04294  -0.0425   0.1724   0.8341  38.7178 150.1069
  17.000   1.4223   0.08686   0.04294  -0.0425   0.1724   0.8341  38.7178 150.1069
  18.000   1.4197   0.09783   0.05124  -0.0425   0.1607   0.9059  39.7612 153.7317
  18.000   1.4197   0.09783   0.05124  -0.0425   0.1607   0.9059  39.7612 153.7315
  18.000   1.4197   0.09783   0.05124  -0.0425   0.1607   0.9059  39.7612 153.7314
  18.000   1.4197   0.09783   0.05124  -0.0425   0.1607   0.9059  39.7612 153.7314
  18.000   1.4197   0.09783   0.05124  -0.0425   0.1607   0.9059  39.7612 153.7314
  19.000   1.4230   0.10874   0.06051  -0.0452   0.1496   1.0000  40.8122 160.0000
  19.000   1.4230   0.10874   0.06051  -0.0452   0.1496   1.0000  40.8123 160.0000
  19.000   1.4230   0.10874   0.06051  -0.0452   0.1496   1.0000  40.8123 160.0000
  19.000   1.4230   0.10874   0.06051  -0.0452   0.1496   1.0000  40.8123 160.0000
  19.000   1.4230   0.10874   0.06051  -0.0452   0.1496   1.0000  40.8123 160.0000
