  
       XFOIL         Version 6.99
  
 Calculated polar for: AH 93-W-300                                     
  
 1 1 Reynolds number fixed          Mach number fixed         
  
 xtrf =   1.000 (top)        1.000 (bottom)  
 Mach =   0.000     Re =     0.325 e 6     Ncrit =   9.000  9.000
  
   alpha    CL        CD       CDp       CM     Top_Xtr  Bot_Xtr  Top_Itr  Bot_Itr
  ------ -------- --------- --------- -------- -------- -------- -------- --------
   0.000   0.3499   0.01647   0.00551  -0.0747   0.4898   0.4845  20.5041 137.6213
   0.000   0.3499   0.01647   0.00551  -0.0747   0.4898   0.4845  20.5041 137.6213
   0.000   0.3499   0.01647   0.00551  -0.0747   0.4898   0.4845  20.5041 137.6213
   0.000   0.3499   0.01647   0.00551  -0.0747   0.4898   0.4845  20.5041 137.6213
   0.000   0.3499   0.01647   0.00551  -0.0747   0.4898   0.4845  20.5041 137.6213
   1.000   0.4698   0.01666   0.00539  -0.0763   0.4666   0.4982  21.4805 138.2008
   1.000   0.4698   0.01666   0.00539  -0.0763   0.4666   0.4982  21.4805 138.2008
   1.000   0.4698   0.01666   0.00539  -0.0763   0.4666   0.4982  21.4805 138.2008
   1.000   0.4698   0.01666   0.00539  -0.0763   0.4666   0.4982  21.4805 138.2008
   1.000   0.4698   0.01666   0.00539  -0.0763   0.4666   0.4982  21.4805 138.2008
   2.000   0.5863   0.01713   0.00548  -0.0770   0.4442   0.5118  22.4516 138.7485
   2.000   0.5863   0.01713   0.00548  -0.0770   0.4442   0.5118  22.4518 138.7485
   2.000   0.5863   0.01713   0.00548  -0.0770   0.4442   0.5118  22.4518 138.7485
   2.000   0.5863   0.01713   0.00548  -0.0770   0.4442   0.5118  22.4518 138.7485
   2.000   0.5863   0.01713   0.00548  -0.0770   0.4442   0.5118  22.4518 138.7485
   3.000   0.7002   0.01749   0.00544  -0.0775   0.4223   0.5255  23.4324 139.2823
   3.000   0.7002   0.01749   0.00544  -0.0775   0.4223   0.5255  23.4324 139.2822
   3.000   0.7002   0.01749   0.00544  -0.0775   0.4223   0.5255  23.4324 139.2822
   3.000   0.7002   0.01749   0.00544  -0.0775   0.4223   0.5255  23.4324 139.2822
   3.000   0.7002   0.01749   0.00544  -0.0775   0.4223   0.5255  23.4324 139.2822
   4.000   0.8089   0.01813   0.00547  -0.0770   0.4008   0.5398  24.4299 139.8167
   4.000   0.8089   0.01813   0.00547  -0.0770   0.4008   0.5398  24.4299 139.8169
   4.000   0.8089   0.01813   0.00547  -0.0770   0.4008   0.5398  24.4299 139.8169
   4.000   0.8089   0.01813   0.00547  -0.0770   0.4008   0.5398  24.4299 139.8169
   4.000   0.8089   0.01813   0.00547  -0.0770   0.4008   0.5398  24.4299 139.8169
   5.000   0.9108   0.01869   0.00545  -0.0755   0.3797   0.5538  25.4468 140.3216
   5.000   0.9108   0.01869   0.00545  -0.0755   0.3797   0.5538  25.4475 140.3217
   5.000   0.9108   0.01869   0.00545  -0.0755   0.3797   0.5538  25.4475 140.3217
   5.000   0.9108   0.01869   0.00545  -0.0755   0.3797   0.5538  25.4475 140.3217
   5.000   0.9108   0.01869   0.00545  -0.0755   0.3797   0.5538  25.4475 140.3217
   6.000   1.0004   0.01959   0.00545  -0.0718   0.3592   0.5680  26.4840 140.8226
   6.000   1.0004   0.01959   0.00545  -0.0718   0.3591   0.5680  26.4843 140.8228
   6.000   1.0004   0.01959   0.00545  -0.0718   0.3591   0.5680  26.4843 140.8228
   6.000   1.0004   0.01959   0.00545  -0.0718   0.3591   0.5680  26.4843 140.8228
   6.000   1.0004   0.01959   0.00545  -0.0718   0.3591   0.5680  26.4843 140.8228
   7.000   1.0718   0.02068   0.00554  -0.0656   0.3392   0.5826  27.5320 141.3142
   7.000   1.0718   0.02068   0.00554  -0.0656   0.3392   0.5826  27.5322 141.3139
   7.000   1.0718   0.02068   0.00554  -0.0656   0.3392   0.5826  27.5322 141.3138
   7.000   1.0718   0.02068   0.00554  -0.0656   0.3392   0.5826  27.5322 141.3138
   7.000   1.0718   0.02068   0.00554  -0.0656   0.3392   0.5826  27.5322 141.3138
   8.000   1.1445   0.02260   0.00605  -0.0608   0.3189   0.5980  28.6471 141.8205
   8.000   1.1445   0.02260   0.00605  -0.0608   0.3189   0.5980  28.6471 141.8205
   8.000   1.1445   0.02260   0.00605  -0.0608   0.3189   0.5980  28.6471 141.8205
   8.000   1.1445   0.02260   0.00605  -0.0608   0.3189   0.5980  28.6471 141.8205
   8.000   1.1445   0.02260   0.00605  -0.0608   0.3189   0.5980  28.6471 141.8205
   9.000   1.2096   0.02514   0.00688  -0.0563   0.2986   0.6134  29.8125 142.3162
   9.000   1.2096   0.02514   0.00688  -0.0563   0.2986   0.6134  29.8125 142.3160
   9.000   1.2096   0.02514   0.00688  -0.0563   0.2986   0.6134  29.8125 142.3160
   9.000   1.2096   0.02514   0.00688  -0.0563   0.2986   0.6134  29.8125 142.3160
   9.000   1.2096   0.02514   0.00688  -0.0563   0.2986   0.6134  29.8125 142.3160
  10.000   1.2652   0.02877   0.00826  -0.0521   0.2784   0.6302  31.0261 142.8472
  10.000   1.2652   0.02877   0.00826  -0.0521   0.2784   0.6303  31.0260 142.8473
  10.000   1.2652   0.02877   0.00826  -0.0521   0.2784   0.6303  31.0260 142.8473
  10.000   1.2652   0.02877   0.00826  -0.0521   0.2784   0.6303  31.0260 142.8473
  10.000   1.2652   0.02877   0.00826  -0.0521   0.2784   0.6303  31.0260 142.8473
  11.000   1.3122   0.03345   0.01051  -0.0488   0.2589   0.6476  32.2637 143.3928
  11.000   1.3122   0.03345   0.01051  -0.0488   0.2589   0.6476  32.2637 143.3928
  11.000   1.3122   0.03345   0.01051  -0.0488   0.2589   0.6476  32.2637 143.3928
  11.000   1.3122   0.03345   0.01051  -0.0488   0.2589   0.6476  32.2637 143.3928
  11.000   1.3122   0.03345   0.01051  -0.0488   0.2589   0.6476  32.2637 143.3928
  12.000   1.3488   0.03955   0.01357  -0.0461   0.2401   0.6660  33.5164 143.9687
  12.000   1.3488   0.03955   0.01357  -0.0461   0.2401   0.6660  33.5164 143.9685
  12.000   1.3488   0.03955   0.01357  -0.0461   0.2401   0.6660  33.5164 143.9685
  12.000   1.3488   0.03955   0.01357  -0.0461   0.2401   0.6660  33.5164 143.9685
  12.000   1.3488   0.03955   0.01357  -0.0461   0.2401   0.6660  33.5164 143.9685
  13.000   1.3767   0.04696   0.01767  -0.0443   0.2227   0.6880  34.7338 144.6751
  13.000   1.3767   0.04696   0.01767  -0.0443   0.2227   0.6880  34.7338 144.6750
  13.000   1.3767   0.04696   0.01767  -0.0443   0.2227   0.6880  34.7338 144.6750
  13.000   1.3767   0.04696   0.01767  -0.0443   0.2227   0.6880  34.7338 144.6750
  13.000   1.3767   0.04696   0.01767  -0.0443   0.2227   0.6880  34.7338 144.6750
  14.000   1.3981   0.05561   0.02266  -0.0434   0.2068   0.7115  35.9115 145.4498
  14.000   1.3981   0.05561   0.02266  -0.0434   0.2068   0.7115  35.9115 145.4497
  14.000   1.3981   0.05561   0.02266  -0.0434   0.2068   0.7115  35.9115 145.4497
  14.000   1.3981   0.05561   0.02266  -0.0434   0.2068   0.7115  35.9115 145.4497
  14.000   1.3981   0.05561   0.02266  -0.0434   0.2068   0.7115  35.9115 145.4497
  15.000   1.4150   0.06522   0.02851  -0.0433   0.1922   0.7390  37.0566 146.3927
  15.000   1.4150   0.06522   0.02851  -0.0433   0.1922   0.7390  37.0566 146.3926
  15.000   1.4150   0.06522   0.02851  -0.0433   0.1922   0.7390  37.0566 146.3926
  15.000   1.4150   0.06522   0.02851  -0.0433   0.1922   0.7390  37.0566 146.3926
  15.000   1.4150   0.06522   0.02851  -0.0433   0.1922   0.7390  37.0566 146.3926
  16.000   1.4249   0.07602   0.03562  -0.0441   0.1787   0.7712  38.1690 147.5603
  16.000   1.4249   0.07602   0.03562  -0.0441   0.1787   0.7712  38.1690 147.5602
  16.000   1.4249   0.07602   0.03562  -0.0441   0.1787   0.7712  38.1690 147.5602
  16.000   1.4249   0.07602   0.03562  -0.0441   0.1787   0.7712  38.1690 147.5602
  16.000   1.4249   0.07602   0.03562  -0.0441   0.1787   0.7712  38.1690 147.5602
  17.000   1.4293   0.08767   0.04386  -0.0457   0.1662   0.8119  39.2619 149.1590
  17.000   1.4293   0.08767   0.04386  -0.0457   0.1662   0.8119  39.2619 149.1594
  17.000   1.4293   0.08767   0.04386  -0.0457   0.1662   0.8119  39.2619 149.1593
  17.000   1.4293   0.08767   0.04386  -0.0457   0.1662   0.8119  39.2619 149.1593
  17.000   1.4293   0.08767   0.04386  -0.0457   0.1662   0.8119  39.2619 149.1593
  18.000   1.4310   0.09918   0.05271  -0.0470   0.1547   0.8705  40.3230 151.8262
  18.000   1.4310   0.09918   0.05271  -0.0470   0.1547   0.8705  40.3230 151.8263
  18.000   1.4310   0.09918   0.05271  -0.0470   0.1547   0.8705  40.3230 151.8263
  18.000   1.4310   0.09918   0.05271  -0.0470   0.1547   0.8705  40.3230 151.8263
  18.000   1.4310   0.09918   0.05271  -0.0470   0.1547   0.8705  40.3230 151.8263
  19.000   1.4232   0.11021   0.06222  -0.0477   0.1441   1.0000  41.3575 160.0000
  19.000   1.4232   0.11021   0.06222  -0.0477   0.1441   1.0000  41.3575 160.0000
  19.000   1.4232   0.11021   0.06222  -0.0477   0.1441   1.0000  41.3575 160.0000
  19.000   1.4232   0.11021   0.06222  -0.0477   0.1441   1.0000  41.3575 160.0000
  19.000   1.4232   0.11021   0.06222  -0.0477   0.1441   1.0000  41.3575 160.0000
