  
       XFOIL         Version 6.99
  
 Calculated polar for: AH 93-W-300                                     
  
 1 1 Reynolds number fixed          Mach number fixed         
  
 xtrf =   1.000 (top)        1.000 (bottom)  
 Mach =   0.000     Re =     0.300 e 6     Ncrit =   9.000  9.000
  
   alpha    CL        CD       CDp       CM     Top_Xtr  Bot_Xtr  Top_Itr  Bot_Itr
  ------ -------- --------- --------- -------- -------- -------- -------- --------
   0.000   0.3486   0.01730   0.00607  -0.0742   0.4952   0.4885  20.2819 137.7937
   0.000   0.3486   0.01730   0.00607  -0.0742   0.4952   0.4885  20.2819 137.7937
   0.000   0.3486   0.01730   0.00607  -0.0742   0.4952   0.4885  20.2819 137.7937
   0.000   0.3486   0.01730   0.00607  -0.0742   0.4952   0.4885  20.2819 137.7937
   0.000   0.3486   0.01730   0.00607  -0.0742   0.4952   0.4885  20.2819 137.7937
   1.000   0.4673   0.01748   0.00603  -0.0755   0.4718   0.5017  21.2580 138.3422
   1.000   0.4673   0.01748   0.00603  -0.0755   0.4718   0.5017  21.2580 138.3422
   1.000   0.4673   0.01748   0.00603  -0.0755   0.4718   0.5017  21.2580 138.3422
   1.000   0.4673   0.01748   0.00603  -0.0755   0.4718   0.5017  21.2580 138.3422
   1.000   0.4673   0.01748   0.00603  -0.0755   0.4718   0.5017  21.2580 138.3422
   2.000   0.5849   0.01795   0.00598  -0.0766   0.4491   0.5157  22.2345 138.9073
   2.000   0.5849   0.01795   0.00598  -0.0766   0.4491   0.5157  22.2345 138.9073
   2.000   0.5849   0.01795   0.00598  -0.0766   0.4491   0.5157  22.2345 138.9073
   2.000   0.5849   0.01795   0.00598  -0.0766   0.4491   0.5157  22.2345 138.9073
   2.000   0.5849   0.01795   0.00598  -0.0766   0.4491   0.5157  22.2345 138.9073
   3.000   0.6977   0.01830   0.00602  -0.0768   0.4271   0.5294  23.2134 139.4266
   3.000   0.6977   0.01830   0.00602  -0.0768   0.4271   0.5294  23.2134 139.4267
   3.000   0.6977   0.01830   0.00602  -0.0768   0.4271   0.5294  23.2134 139.4267
   3.000   0.6977   0.01830   0.00602  -0.0768   0.4271   0.5294  23.2134 139.4267
   3.000   0.6977   0.01830   0.00602  -0.0768   0.4271   0.5294  23.2134 139.4267
   4.000   0.8078   0.01895   0.00594  -0.0767   0.4054   0.5435  24.2113 139.9586
   4.000   0.8078   0.01895   0.00594  -0.0767   0.4054   0.5435  24.2113 139.9586
   4.000   0.8078   0.01895   0.00594  -0.0767   0.4054   0.5435  24.2113 139.9586
   4.000   0.8078   0.01895   0.00594  -0.0767   0.4054   0.5435  24.2113 139.9586
   4.000   0.8078   0.01895   0.00594  -0.0767   0.4054   0.5435  24.2113 139.9586
   5.000   0.9089   0.01948   0.00600  -0.0749   0.3842   0.5581  25.2256 140.4730
   5.000   0.9089   0.01948   0.00600  -0.0749   0.3842   0.5581  25.2259 140.4731
   5.000   0.9089   0.01948   0.00600  -0.0749   0.3842   0.5581  25.2259 140.4731
   5.000   0.9089   0.01948   0.00600  -0.0749   0.3842   0.5581  25.2259 140.4731
   5.000   0.9089   0.01948   0.00600  -0.0749   0.3842   0.5581  25.2259 140.4731
   6.000   1.0015   0.02039   0.00591  -0.0720   0.3634   0.5721  26.2656 140.9639
   6.000   1.0015   0.02039   0.00591  -0.0720   0.3634   0.5721  26.2656 140.9639
   6.000   1.0015   0.02039   0.00591  -0.0720   0.3634   0.5721  26.2656 140.9639
   6.000   1.0015   0.02039   0.00591  -0.0720   0.3634   0.5721  26.2656 140.9639
   6.000   1.0015   0.02039   0.00591  -0.0720   0.3634   0.5721  26.2656 140.9639
   7.000   1.0704   0.02135   0.00598  -0.0652   0.3435   0.5873  27.3034 141.4698
   7.000   1.0704   0.02135   0.00598  -0.0652   0.3435   0.5873  27.3035 141.4696
   7.000   1.0704   0.02135   0.00598  -0.0652   0.3435   0.5873  27.3035 141.4696
   7.000   1.0704   0.02135   0.00598  -0.0652   0.3435   0.5873  27.3035 141.4696
   7.000   1.0704   0.02135   0.00598  -0.0652   0.3435   0.5873  27.3035 141.4696
   8.000   1.1429   0.02325   0.00640  -0.0603   0.3230   0.6022  28.4172 141.9620
   8.000   1.1429   0.02325   0.00640  -0.0603   0.3230   0.6022  28.4172 141.9620
   8.000   1.1429   0.02325   0.00640  -0.0603   0.3230   0.6022  28.4172 141.9620
   8.000   1.1429   0.02325   0.00640  -0.0603   0.3230   0.6022  28.4172 141.9620
   8.000   1.1429   0.02325   0.00640  -0.0603   0.3230   0.6022  28.4172 141.9620
   9.000   1.2067   0.02567   0.00726  -0.0556   0.3026   0.6187  29.5802 142.4830
   9.000   1.2067   0.02567   0.00726  -0.0556   0.3026   0.6187  29.5802 142.4830
   9.000   1.2067   0.02567   0.00726  -0.0556   0.3026   0.6187  29.5802 142.4830
   9.000   1.2067   0.02567   0.00726  -0.0556   0.3026   0.6187  29.5802 142.4830
   9.000   1.2067   0.02567   0.00726  -0.0556   0.3026   0.6187  29.5802 142.4830
  10.000   1.2619   0.02926   0.00854  -0.0513   0.2824   0.6346  30.7850 142.9859
  10.000   1.2619   0.02926   0.00854  -0.0513   0.2824   0.6346  30.7850 142.9856
  10.000   1.2619   0.02926   0.00854  -0.0513   0.2824   0.6346  30.7850 142.9856
  10.000   1.2619   0.02926   0.00854  -0.0513   0.2824   0.6346  30.7850 142.9856
  10.000   1.2619   0.02926   0.00854  -0.0513   0.2824   0.6346  30.7850 142.9856
  11.000   1.3093   0.03371   0.01050  -0.0477   0.2627   0.6537  32.0107 143.5818
  11.000   1.3093   0.03371   0.01050  -0.0477   0.2627   0.6537  32.0107 143.5810
  11.000   1.3093   0.03371   0.01050  -0.0477   0.2627   0.6537  32.0107 143.5810
  11.000   1.3093   0.03371   0.01050  -0.0477   0.2627   0.6537  32.0107 143.5810
  11.000   1.3093   0.03371   0.01050  -0.0477   0.2627   0.6537  32.0107 143.5810
  12.000   1.3449   0.03975   0.01360  -0.0450   0.2441   0.6728  33.2409 144.1862
  12.000   1.3449   0.03975   0.01360  -0.0450   0.2441   0.6728  33.2409 144.1863
  12.000   1.3449   0.03975   0.01360  -0.0450   0.2441   0.6728  33.2409 144.1863
  12.000   1.3449   0.03975   0.01360  -0.0450   0.2441   0.6728  33.2409 144.1863
  12.000   1.3449   0.03975   0.01360  -0.0450   0.2441   0.6728  33.2409 144.1863
  13.000   1.3722   0.04717   0.01769  -0.0431   0.2265   0.6945  34.4668 144.8835
  13.000   1.3722   0.04717   0.01769  -0.0431   0.2265   0.6945  34.4668 144.8827
  13.000   1.3722   0.04717   0.01769  -0.0431   0.2265   0.6945  34.4668 144.8827
  13.000   1.3722   0.04717   0.01769  -0.0431   0.2265   0.6945  34.4668 144.8827
  13.000   1.3722   0.04717   0.01769  -0.0431   0.2265   0.6945  34.4668 144.8827
  14.000   1.3931   0.05580   0.02274  -0.0422   0.2103   0.7186  35.6538 145.6877
  14.000   1.3931   0.05580   0.02274  -0.0422   0.2103   0.7186  35.6538 145.6874
  14.000   1.3931   0.05580   0.02274  -0.0422   0.2103   0.7186  35.6538 145.6874
  14.000   1.3931   0.05580   0.02274  -0.0422   0.2103   0.7186  35.6538 145.6874
  14.000   1.3931   0.05580   0.02274  -0.0422   0.2103   0.7186  35.6538 145.6874
  15.000   1.4099   0.06534   0.02854  -0.0422   0.1954   0.7469  36.7983 146.6716
  15.000   1.4099   0.06534   0.02854  -0.0422   0.1954   0.7469  36.7983 146.6714
  15.000   1.4099   0.06534   0.02854  -0.0422   0.1954   0.7469  36.7983 146.6714
  15.000   1.4099   0.06534   0.02854  -0.0422   0.1954   0.7469  36.7983 146.6714
  15.000   1.4099   0.06534   0.02854  -0.0422   0.1954   0.7469  36.7983 146.6714
  16.000   1.4235   0.07557   0.03504  -0.0428   0.1818   0.7802  37.9078 147.8954
  16.000   1.4235   0.07557   0.03504  -0.0428   0.1818   0.7802  37.9078 147.8957
  16.000   1.4235   0.07557   0.03504  -0.0428   0.1818   0.7802  37.9078 147.8957
  16.000   1.4235   0.07557   0.03504  -0.0428   0.1818   0.7802  37.9078 147.8957
  16.000   1.4235   0.07557   0.03504  -0.0428   0.1818   0.7802  37.9078 147.8957
  18.000   1.4358   0.09715   0.05044  -0.0444   0.1577   0.8879  40.0373 152.7292
  18.000   1.4358   0.09715   0.05044  -0.0444   0.1577   0.8879  40.0373 152.7294
  18.000   1.4358   0.09715   0.05044  -0.0444   0.1577   0.8879  40.0373 152.7294
  18.000   1.4358   0.09715   0.05044  -0.0444   0.1577   0.8879  40.0373 152.7294
  18.000   1.4358   0.09715   0.05044  -0.0444   0.1577   0.8879  40.0373 152.7294
  19.000   1.4323   0.10816   0.05974  -0.0460   0.1469   1.0000  41.0768 160.0000
  19.000   1.4323   0.10816   0.05974  -0.0460   0.1469   1.0000  41.0768 160.0000
  19.000   1.4323   0.10816   0.05974  -0.0460   0.1469   1.0000  41.0768 160.0000
  19.000   1.4323   0.10816   0.05974  -0.0460   0.1469   1.0000  41.0768 160.0000
  19.000   1.4323   0.10816   0.05974  -0.0460   0.1469   1.0000  41.0768 160.0000
