  
       XFOIL         Version 6.99
  
 Calculated polar for: AH 93-W-300                                     
  
 1 1 Reynolds number fixed          Mach number fixed         
  
 xtrf =   1.000 (top)        1.000 (bottom)  
 Mach =   0.000     Re =     0.475 e 6     Ncrit =   9.000  9.000
  
   alpha    CL        CD       CDp       CM     Top_Xtr  Bot_Xtr  Top_Itr  Bot_Itr
  ------ -------- --------- --------- -------- -------- -------- -------- --------
   0.000   0.3591   0.01372   0.00352  -0.0773   0.4666   0.4679  21.4792 136.8931
   0.000   0.3591   0.01372   0.00352  -0.0773   0.4666   0.4679  21.4793 136.8930
   0.000   0.3591   0.01372   0.00352  -0.0773   0.4666   0.4679  21.4793 136.8930
   0.000   0.3591   0.01372   0.00352  -0.0773   0.4666   0.4679  21.4793 136.8930
   0.000   0.3591   0.01372   0.00352  -0.0773   0.4666   0.4679  21.4793 136.8930
   1.000   0.4795   0.01395   0.00356  -0.0788   0.4444   0.4812  22.4419 137.4780
   1.000   0.4795   0.01395   0.00356  -0.0788   0.4444   0.4812  22.4420 137.4780
   1.000   0.4795   0.01395   0.00356  -0.0788   0.4444   0.4812  22.4420 137.4780
   1.000   0.4795   0.01395   0.00356  -0.0788   0.4444   0.4812  22.4420 137.4780
   1.000   0.4795   0.01395   0.00356  -0.0788   0.4444   0.4812  22.4420 137.4780
   2.000   0.5985   0.01443   0.00356  -0.0800   0.4228   0.4932  23.4092 137.9977
   2.000   0.5985   0.01443   0.00356  -0.0800   0.4228   0.4932  23.4092 137.9977
   2.000   0.5985   0.01443   0.00356  -0.0800   0.4228   0.4932  23.4092 137.9977
   2.000   0.5985   0.01443   0.00356  -0.0800   0.4228   0.4932  23.4092 137.9977
   2.000   0.5985   0.01443   0.00356  -0.0800   0.4228   0.4932  23.4092 137.9977
   3.000   0.7126   0.01478   0.00364  -0.0804   0.4016   0.5079  24.3890 138.5914
   3.000   0.7126   0.01478   0.00364  -0.0804   0.4016   0.5079  24.3890 138.5915
   3.000   0.7126   0.01478   0.00364  -0.0804   0.4016   0.5079  24.3890 138.5915
   3.000   0.7126   0.01478   0.00364  -0.0804   0.4016   0.5079  24.3890 138.5915
   3.000   0.7126   0.01478   0.00364  -0.0804   0.4016   0.5079  24.3890 138.5915
   4.000   0.8229   0.01535   0.00363  -0.0801   0.3807   0.5205  25.3982 139.0925
   4.000   0.8229   0.01535   0.00363  -0.0801   0.3807   0.5205  25.3984 139.0926
   4.000   0.8229   0.01535   0.00363  -0.0801   0.3807   0.5205  25.3984 139.0926
   4.000   0.8229   0.01535   0.00363  -0.0801   0.3807   0.5205  25.3984 139.0926
   4.000   0.8229   0.01535   0.00363  -0.0801   0.3807   0.5205  25.3984 139.0926
   5.000   0.9245   0.01599   0.00373  -0.0783   0.3602   0.5347  26.4321 139.6275
   5.000   0.9245   0.01599   0.00373  -0.0783   0.3602   0.5347  26.4321 139.6275
   5.000   0.9245   0.01599   0.00373  -0.0783   0.3602   0.5347  26.4321 139.6275
   5.000   0.9245   0.01599   0.00373  -0.0783   0.3602   0.5347  26.4321 139.6275
   5.000   0.9245   0.01599   0.00373  -0.0783   0.3602   0.5347  26.4321 139.6275
   6.000   1.0075   0.01686   0.00370  -0.0733   0.3402   0.5469  27.4775 140.0790
   6.000   1.0075   0.01686   0.00370  -0.0733   0.3402   0.5469  27.4774 140.0790
   6.000   1.0075   0.01686   0.00370  -0.0733   0.3402   0.5469  27.4774 140.0790
   6.000   1.0075   0.01686   0.00370  -0.0733   0.3402   0.5469  27.4774 140.0790
   6.000   1.0075   0.01686   0.00370  -0.0733   0.3402   0.5469  27.4774 140.0790
   7.000   1.0895   0.01819   0.00408  -0.0689   0.3201   0.5622  28.5797 140.6188
   7.000   1.0895   0.01819   0.00408  -0.0689   0.3201   0.5622  28.5797 140.6189
   7.000   1.0895   0.01819   0.00408  -0.0689   0.3201   0.5622  28.5797 140.6189
   7.000   1.0895   0.01819   0.00408  -0.0689   0.3201   0.5622  28.5797 140.6189
   7.000   1.0895   0.01819   0.00408  -0.0689   0.3201   0.5622  28.5797 140.6189
   8.000   1.1660   0.02017   0.00464  -0.0647   0.2998   0.5743  29.7422 141.0408
   8.000   1.1660   0.02017   0.00464  -0.0647   0.2998   0.5743  29.7422 141.0409
   8.000   1.1660   0.02017   0.00464  -0.0647   0.2998   0.5743  29.7422 141.0409
   8.000   1.1660   0.02017   0.00464  -0.0647   0.2998   0.5743  29.7422 141.0409
   8.000   1.1660   0.02017   0.00464  -0.0647   0.2998   0.5743  29.7422 141.0409
   9.000   1.2325   0.02290   0.00571  -0.0604   0.2794   0.5912  30.9640 141.5974
   9.000   1.2325   0.02290   0.00571  -0.0604   0.2794   0.5912  30.9640 141.5974
   9.000   1.2325   0.02290   0.00571  -0.0604   0.2794   0.5912  30.9640 141.5974
   9.000   1.2325   0.02290   0.00571  -0.0604   0.2794   0.5912  30.9640 141.5974
   9.000   1.2325   0.02290   0.00571  -0.0604   0.2794   0.5912  30.9640 141.5974
  10.000   1.2945   0.02647   0.00719  -0.0570   0.2598   0.6047  32.2041 142.0411
  10.000   1.2945   0.02647   0.00719  -0.0570   0.2598   0.6047  32.2041 142.0410
  10.000   1.2945   0.02647   0.00719  -0.0570   0.2598   0.6047  32.2041 142.0410
  10.000   1.2945   0.02647   0.00719  -0.0570   0.2598   0.6047  32.2041 142.0410
  10.000   1.2945   0.02647   0.00719  -0.0570   0.2598   0.6047  32.2041 142.0410
  11.000   1.3457   0.03118   0.00947  -0.0540   0.2404   0.6234  33.4944 142.6307
  11.000   1.3457   0.03118   0.00947  -0.0540   0.2404   0.6234  33.4945 142.6305
  11.000   1.3457   0.03118   0.00947  -0.0540   0.2404   0.6234  33.4945 142.6305
  11.000   1.3457   0.03118   0.00947  -0.0540   0.2404   0.6234  33.4945 142.6305
  11.000   1.3457   0.03118   0.00947  -0.0540   0.2404   0.6234  33.4945 142.6305
  12.000   1.3823   0.03752   0.01271  -0.0513   0.2223   0.6404  34.7681 143.1665
  12.000   1.3823   0.03752   0.01271  -0.0513   0.2223   0.6404  34.7681 143.1661
  12.000   1.3823   0.03752   0.01271  -0.0513   0.2223   0.6404  34.7681 143.1661
  12.000   1.3823   0.03752   0.01271  -0.0513   0.2223   0.6404  34.7681 143.1661
  12.000   1.3823   0.03752   0.01271  -0.0513   0.2223   0.6404  34.7681 143.1661
  13.000   1.4060   0.04558   0.01723  -0.0492   0.2056   0.6604  36.0019 143.7913
  13.000   1.4060   0.04558   0.01723  -0.0492   0.2056   0.6604  36.0019 143.7911
  13.000   1.4060   0.04558   0.01723  -0.0492   0.2056   0.6604  36.0019 143.7911
  13.000   1.4060   0.04558   0.01723  -0.0492   0.2056   0.6604  36.0019 143.7911
  14.000   1.4279   0.05449   0.02250  -0.0484   0.1908   0.6828  37.1677 144.5060
  14.000   1.4279   0.05449   0.02250  -0.0484   0.1908   0.6827  37.1677 144.5050
  14.000   1.4279   0.05449   0.02250  -0.0484   0.1908   0.6827  37.1677 144.5049
  14.000   1.4279   0.05449   0.02250  -0.0484   0.1908   0.6827  37.1677 144.5049
  14.000   1.4279   0.05449   0.02250  -0.0484   0.1908   0.6827  37.1677 144.5049
  15.000   1.4406   0.06479   0.02890  -0.0484   0.1772   0.7067  38.2981 145.2881
  15.000   1.4406   0.06479   0.02890  -0.0484   0.1772   0.7067  38.2981 145.2883
  15.000   1.4406   0.06479   0.02890  -0.0484   0.1772   0.7067  38.2981 145.2883
  15.000   1.4406   0.06479   0.02890  -0.0484   0.1772   0.7067  38.2981 145.2883
  15.000   1.4406   0.06479   0.02890  -0.0484   0.1772   0.7067  38.2981 145.2883
  16.000   1.4454   0.07634   0.03653  -0.0492   0.1648   0.7356  39.3915 146.2704
  16.000   1.4454   0.07634   0.03653  -0.0492   0.1648   0.7356  39.3916 146.2702
  16.000   1.4454   0.07634   0.03653  -0.0492   0.1648   0.7356  39.3916 146.2701
  16.000   1.4454   0.07634   0.03653  -0.0492   0.1648   0.7356  39.3916 146.2701
  16.000   1.4454   0.07634   0.03653  -0.0492   0.1648   0.7356  39.3916 146.2701
  17.000   1.4462   0.08864   0.04526  -0.0508   0.1533   0.7696  40.4603 147.4993
  17.000   1.4462   0.08864   0.04526  -0.0508   0.1533   0.7696  40.4602 147.5007
  17.000   1.4462   0.08864   0.04526  -0.0508   0.1533   0.7696  40.4602 147.5007
  17.000   1.4462   0.08864   0.04526  -0.0508   0.1533   0.7696  40.4602 147.5007
  17.000   1.4462   0.08864   0.04526  -0.0508   0.1533   0.7696  40.4602 147.5007
  18.000   1.4471   0.10102   0.05485  -0.0531   0.1425   0.8157  41.5253 149.3171
  18.000   1.4471   0.10102   0.05485  -0.0531   0.1425   0.8157  41.5254 149.3175
  18.000   1.4471   0.10102   0.05485  -0.0531   0.1425   0.8157  41.5254 149.3173
  18.000   1.4471   0.10102   0.05485  -0.0531   0.1425   0.8157  41.5254 149.3173
  18.000   1.4471   0.10102   0.05485  -0.0531   0.1425   0.8157  41.5254 149.3173
  19.000   1.4436   0.11344   0.06574  -0.0555   0.1326   0.8852  42.5568 152.5906
  19.000   1.4436   0.11343   0.06574  -0.0555   0.1326   0.8853  42.5567 152.5926
  19.000   1.4436   0.11343   0.06574  -0.0555   0.1326   0.8853  42.5567 152.5930
  19.000   1.4436   0.11343   0.06574  -0.0555   0.1326   0.8853  42.5567 152.5930
  19.000   1.4436   0.11343   0.06574  -0.0555   0.1326   0.8853  42.5567 152.5930
