  
       XFOIL         Version 6.99
  
 Calculated polar for: AH 93-W-215                                     
  
 1 1 Reynolds number fixed          Mach number fixed         
  
 xtrf =   1.000 (top)        1.000 (bottom)  
 Mach =   0.000     Re =     0.275 e 6     Ncrit =   9.000  9.000
  
   alpha    CL        CD       CDp       CM     Top_Xtr  Bot_Xtr  Top_Itr  Bot_Itr
  ------ -------- --------- --------- -------- -------- -------- -------- --------
   0.000   0.3159   0.01478   0.00522  -0.0646   0.5901   0.6728  23.5701 141.8352
   0.000   0.3159   0.01478   0.00522  -0.0646   0.5901   0.6728  23.5701 141.8352
   0.000   0.3159   0.01478   0.00522  -0.0646   0.5901   0.6728  23.5701 141.8352
   0.000   0.3159   0.01478   0.00522  -0.0646   0.5901   0.6728  23.5701 141.8352
   0.000   0.3159   0.01478   0.00522  -0.0646   0.5901   0.6728  23.5701 141.8352
   1.000   0.4188   0.01508   0.00538  -0.0624   0.5786   0.7138  24.1581 143.7793
   1.000   0.4188   0.01508   0.00538  -0.0624   0.5786   0.7138  24.1581 143.7793
   1.000   0.4188   0.01508   0.00538  -0.0624   0.5786   0.7138  24.1581 143.7793
   1.000   0.4188   0.01508   0.00538  -0.0624   0.5786   0.7138  24.1581 143.7793
   1.000   0.4188   0.01508   0.00538  -0.0624   0.5786   0.7138  24.1581 143.7793
   2.000   0.5177   0.01516   0.00538  -0.0596   0.5657   0.7479  24.8326 145.3928
   2.000   0.5177   0.01516   0.00538  -0.0596   0.5657   0.7479  24.8326 145.3928
   2.000   0.5177   0.01516   0.00538  -0.0596   0.5657   0.7479  24.8326 145.3928
   2.000   0.5177   0.01516   0.00538  -0.0596   0.5657   0.7479  24.8326 145.3928
   2.000   0.5177   0.01516   0.00538  -0.0596   0.5657   0.7479  24.8326 145.3928
   3.000   0.6067   0.01545   0.00543  -0.0550   0.5518   0.7845  25.5676 147.1276
   3.000   0.6067   0.01545   0.00543  -0.0550   0.5518   0.7845  25.5676 147.1271
   3.000   0.6067   0.01545   0.00543  -0.0550   0.5518   0.7845  25.5676 147.1271
   3.000   0.6067   0.01545   0.00543  -0.0550   0.5518   0.7845  25.5676 147.1271
   3.000   0.6067   0.01545   0.00543  -0.0550   0.5518   0.7845  25.5676 147.1271
   4.000   0.6999   0.01566   0.00525  -0.0512   0.5383   0.8234  26.2923 149.0137
   4.000   0.6999   0.01566   0.00525  -0.0512   0.5383   0.8234  26.2923 149.0137
   4.000   0.6999   0.01566   0.00525  -0.0512   0.5383   0.8234  26.2923 149.0137
   4.000   0.6999   0.01566   0.00525  -0.0512   0.5383   0.8234  26.2923 149.0137
   4.000   0.6999   0.01566   0.00525  -0.0512   0.5383   0.8234  26.2923 149.0137
   5.000   0.7970   0.01574   0.00485  -0.0479   0.5243   0.8635  27.0551 151.0549
   5.000   0.7970   0.01574   0.00485  -0.0479   0.5243   0.8635  27.0551 151.0549
   5.000   0.7970   0.01574   0.00485  -0.0479   0.5243   0.8635  27.0551 151.0549
   5.000   0.7970   0.01574   0.00485  -0.0479   0.5243   0.8635  27.0551 151.0549
   5.000   0.7970   0.01574   0.00485  -0.0479   0.5243   0.8635  27.0551 151.0549
   6.000   0.8803   0.01571   0.00431  -0.0421   0.5084   0.9093  27.9340 153.5895
   6.000   0.8803   0.01571   0.00431  -0.0421   0.5084   0.9093  27.9340 153.5900
   6.000   0.8803   0.01571   0.00431  -0.0421   0.5084   0.9093  27.9340 153.5900
   6.000   0.8803   0.01571   0.00431  -0.0421   0.5084   0.9093  27.9340 153.5900
   6.000   0.8803   0.01571   0.00431  -0.0421   0.5084   0.9093  27.9340 153.5900
   7.000   1.0059   0.01597   0.00400  -0.0456   0.4900   0.9527  28.9623 156.3185
   7.000   1.0059   0.01597   0.00400  -0.0456   0.4900   0.9527  28.9623 156.3185
   7.000   1.0059   0.01597   0.00400  -0.0456   0.4900   0.9527  28.9623 156.3185
   7.000   1.0059   0.01597   0.00400  -0.0456   0.4900   0.9527  28.9623 156.3185
   7.000   1.0059   0.01597   0.00400  -0.0456   0.4900   0.9527  28.9623 156.3185
   8.000   1.1633   0.01681   0.00419  -0.0566   0.4671   0.9792  30.2619 158.2128
   8.000   1.1633   0.01681   0.00419  -0.0566   0.4671   0.9792  30.2619 158.2128
   8.000   1.1633   0.01681   0.00419  -0.0566   0.4671   0.9792  30.2619 158.2128
   8.000   1.1633   0.01681   0.00419  -0.0566   0.4671   0.9792  30.2619 158.2128
   8.000   1.1633   0.01681   0.00419  -0.0566   0.4671   0.9792  30.2619 158.2128
   9.000   1.2198   0.01728   0.00365  -0.0487   0.4451   1.0000  31.5251 160.0000
   9.000   1.2198   0.01728   0.00365  -0.0487   0.4451   1.0000  31.5251 160.0000
   9.000   1.2198   0.01728   0.00365  -0.0487   0.4451   1.0000  31.5251 160.0000
   9.000   1.2198   0.01728   0.00365  -0.0487   0.4451   1.0000  31.5251 160.0000
   9.000   1.2198   0.01728   0.00365  -0.0487   0.4451   1.0000  31.5251 160.0000
  10.000   1.2633   0.01827   0.00296  -0.0381   0.4220   1.0000  32.8594 160.0000
  10.000   1.2633   0.01827   0.00296  -0.0381   0.4220   1.0000  32.8596 160.0000
  10.000   1.2633   0.01827   0.00296  -0.0381   0.4220   1.0000  32.8596 160.0000
  10.000   1.2633   0.01827   0.00296  -0.0381   0.4220   1.0000  32.8596 160.0000
  10.000   1.2633   0.01827   0.00296  -0.0381   0.4220   1.0000  32.8596 160.0000
  11.000   1.2974   0.02040   0.00292  -0.0282   0.3959   1.0000  34.3806 160.0000
  11.000   1.2974   0.02040   0.00292  -0.0282   0.3959   1.0000  34.3806 160.0000
  11.000   1.2974   0.02040   0.00292  -0.0282   0.3959   1.0000  34.3806 160.0000
  11.000   1.2974   0.02040   0.00292  -0.0282   0.3959   1.0000  34.3806 160.0000
  11.000   1.2974   0.02040   0.00292  -0.0282   0.3959   1.0000  34.3806 160.0000
  12.000   1.3358   0.02345   0.00328  -0.0214   0.3679   1.0000  36.0191 160.0000
  12.000   1.3358   0.02345   0.00328  -0.0214   0.3679   1.0000  36.0191 160.0000
  12.000   1.3358   0.02345   0.00328  -0.0214   0.3679   1.0000  36.0191 160.0000
  12.000   1.3358   0.02345   0.00328  -0.0214   0.3679   1.0000  36.0191 160.0000
  12.000   1.3358   0.02345   0.00328  -0.0214   0.3679   1.0000  36.0191 160.0000
  13.000   1.3502   0.02886   0.00525  -0.0152   0.3373   1.0000  37.8253 160.0000
  13.000   1.3502   0.02886   0.00525  -0.0152   0.3373   1.0000  37.8253 160.0000
  13.000   1.3502   0.02886   0.00525  -0.0152   0.3373   1.0000  37.8253 160.0000
  13.000   1.3502   0.02886   0.00525  -0.0152   0.3373   1.0000  37.8253 160.0000
  13.000   1.3502   0.02886   0.00525  -0.0152   0.3373   1.0000  37.8253 160.0000
  14.000   1.3590   0.03570   0.00832  -0.0108   0.3052   1.0000  39.7393 160.0000
  14.000   1.3590   0.03570   0.00832  -0.0108   0.3052   1.0000  39.7393 160.0000
  14.000   1.3590   0.03570   0.00832  -0.0108   0.3052   1.0000  39.7393 160.0000
  14.000   1.3590   0.03570   0.00832  -0.0108   0.3052   1.0000  39.7393 160.0000
  14.000   1.3590   0.03570   0.00832  -0.0108   0.3052   1.0000  39.7393 160.0000
  15.000   1.3639   0.04368   0.01247  -0.0076   0.2737   1.0000  41.6535 160.0000
  15.000   1.3639   0.04368   0.01247  -0.0076   0.2737   1.0000  41.6536 160.0000
  15.000   1.3639   0.04368   0.01247  -0.0076   0.2737   1.0000  41.6536 160.0000
  15.000   1.3639   0.04368   0.01247  -0.0076   0.2737   1.0000  41.6536 160.0000
  15.000   1.3639   0.04368   0.01247  -0.0076   0.2737   1.0000  41.6536 160.0000
  16.000   1.3662   0.05275   0.01771  -0.0056   0.2431   1.0000  43.5637 160.0000
  16.000   1.3662   0.05275   0.01771  -0.0056   0.2431   1.0000  43.5637 160.0000
  16.000   1.3662   0.05275   0.01771  -0.0056   0.2431   1.0000  43.5637 160.0000
  16.000   1.3662   0.05275   0.01771  -0.0056   0.2431   1.0000  43.5637 160.0000
  16.000   1.3662   0.05275   0.01771  -0.0056   0.2431   1.0000  43.5637 160.0000
  17.000   1.3635   0.06302   0.02422  -0.0047   0.2130   1.0000  45.5012 160.0000
  17.000   1.3635   0.06302   0.02422  -0.0047   0.2130   1.0000  45.5013 160.0000
  17.000   1.3635   0.06302   0.02422  -0.0047   0.2130   1.0000  45.5013 160.0000
  17.000   1.3635   0.06302   0.02422  -0.0047   0.2130   1.0000  45.5013 160.0000
  17.000   1.3635   0.06302   0.02422  -0.0047   0.2130   1.0000  45.5013 160.0000
  18.000   1.3550   0.07458   0.03219  -0.0050   0.1843   1.0000  47.4469 160.0000
  18.000   1.3550   0.07458   0.03219  -0.0050   0.1843   1.0000  47.4471 160.0000
  18.000   1.3550   0.07458   0.03219  -0.0050   0.1843   1.0000  47.4471 160.0000
  18.000   1.3550   0.07458   0.03219  -0.0050   0.1843   1.0000  47.4471 160.0000
  18.000   1.3550   0.07458   0.03219  -0.0050   0.1843   1.0000  47.4471 160.0000
  19.000   1.3422   0.08728   0.04172  -0.0063   0.1576   1.0000  49.3743 160.0000
  19.000   1.3422   0.08728   0.04172  -0.0063   0.1576   1.0000  49.3739 160.0000
  19.000   1.3422   0.08728   0.04172  -0.0063   0.1576   1.0000  49.3739 160.0000
  19.000   1.3422   0.08728   0.04172  -0.0063   0.1576   1.0000  49.3739 160.0000
  19.000   1.3422   0.08728   0.04172  -0.0063   0.1576   1.0000  49.3739 160.0000
