  
       XFOIL         Version 6.99
  
 Calculated polar for: AH 93-W-215                                     
  
 1 1 Reynolds number fixed          Mach number fixed         
  
 xtrf =   1.000 (top)        1.000 (bottom)  
 Mach =   0.000     Re =     0.475 e 6     Ncrit =   9.000  9.000
  
   alpha    CL        CD       CDp       CM     Top_Xtr  Bot_Xtr  Top_Itr  Bot_Itr
  ------ -------- --------- --------- -------- -------- -------- -------- --------
   0.000   0.3328   0.01074   0.00204  -0.0672   0.5639   0.6244  24.9278 139.5273
   0.000   0.3328   0.01074   0.00204  -0.0672   0.5639   0.6244  24.9279 139.5274
   0.000   0.3328   0.01074   0.00204  -0.0672   0.5639   0.6244  24.9279 139.5274
   0.000   0.3328   0.01074   0.00204  -0.0672   0.5639   0.6244  24.9279 139.5274
   0.000   0.3328   0.01074   0.00204  -0.0672   0.5639   0.6244  24.9279 139.5274
   1.000   0.4303   0.01075   0.00208  -0.0640   0.5524   0.6651  25.5381 141.4697
   1.000   0.4303   0.01075   0.00208  -0.0640   0.5524   0.6651  25.5381 141.4695
   1.000   0.4303   0.01075   0.00208  -0.0640   0.5524   0.6651  25.5381 141.4695
   1.000   0.4303   0.01075   0.00208  -0.0640   0.5524   0.6651  25.5381 141.4695
   1.000   0.4303   0.01075   0.00208  -0.0640   0.5524   0.6651  25.5381 141.4695
   2.000   0.5316   0.01087   0.00199  -0.0617   0.5408   0.7012  26.1577 143.1788
   2.000   0.5316   0.01087   0.00199  -0.0617   0.5408   0.7012  26.1577 143.1788
   2.000   0.5316   0.01087   0.00199  -0.0617   0.5408   0.7012  26.1577 143.1788
   2.000   0.5316   0.01087   0.00199  -0.0617   0.5408   0.7012  26.1577 143.1788
   2.000   0.5316   0.01087   0.00199  -0.0617   0.5408   0.7012  26.1577 143.1788
   3.000   0.6275   0.01089   0.00180  -0.0583   0.5280   0.7372  26.8516 144.8850
   3.000   0.6275   0.01089   0.00180  -0.0583   0.5280   0.7372  26.8516 144.8850
   3.000   0.6275   0.01089   0.00180  -0.0583   0.5280   0.7372  26.8516 144.8850
   3.000   0.6275   0.01089   0.00180  -0.0583   0.5280   0.7372  26.8516 144.8850
   3.000   0.6275   0.01089   0.00180  -0.0583   0.5280   0.7372  26.8516 144.8850
   4.000   0.7169   0.01100   0.00166  -0.0537   0.5143   0.7755  27.6094 146.6996
   4.000   0.7169   0.01100   0.00166  -0.0537   0.5143   0.7755  27.6094 146.6995
   4.000   0.7169   0.01100   0.00166  -0.0537   0.5143   0.7755  27.6094 146.6995
   4.000   0.7169   0.01100   0.00166  -0.0537   0.5143   0.7755  27.6094 146.6995
   4.000   0.7169   0.01100   0.00166  -0.0537   0.5143   0.7755  27.6094 146.6995
   5.000   0.8008   0.01117   0.00139  -0.0479   0.4996   0.8160  28.4227 148.6534
   5.000   0.8008   0.01117   0.00139  -0.0479   0.4996   0.8160  28.4227 148.6534
   5.000   0.8008   0.01117   0.00139  -0.0479   0.4996   0.8160  28.4227 148.6534
   5.000   0.8008   0.01117   0.00139  -0.0479   0.4996   0.8160  28.4227 148.6534
   5.000   0.8008   0.01117   0.00139  -0.0479   0.4996   0.8160  28.4227 148.6534
   6.000   0.8687   0.01131   0.00087  -0.0390   0.4839   0.8598  29.3092 150.8610
   6.000   0.8687   0.01131   0.00087  -0.0390   0.4839   0.8598  29.3092 150.8622
   6.000   0.8687   0.01131   0.00087  -0.0390   0.4839   0.8598  29.3092 150.8621
   6.000   0.8687   0.01131   0.00087  -0.0390   0.4839   0.8598  29.3092 150.8621
   6.000   0.8687   0.01131   0.00087  -0.0390   0.4839   0.8598  29.3092 150.8621
   7.000   0.9342   0.01158   0.00025  -0.0299   0.4663   0.9091  30.3096 153.5831
   7.000   0.9342   0.01158   0.00025  -0.0299   0.4663   0.9091  30.3096 153.5830
   7.000   0.9342   0.01158   0.00025  -0.0299   0.4663   0.9091  30.3096 153.5830
   7.000   0.9342   0.01158   0.00025  -0.0299   0.4663   0.9091  30.3096 153.5830
   7.000   0.9342   0.01158   0.00025  -0.0299   0.4663   0.9091  30.3096 153.5830
   8.000   1.0711   0.01225   0.00058  -0.0368   0.4434   0.9562  31.6221 156.5605
   8.000   1.0711   0.01225   0.00058  -0.0368   0.4434   0.9562  31.6222 156.5604
   8.000   1.0711   0.01225   0.00058  -0.0368   0.4434   0.9562  31.6222 156.5604
   8.000   1.0711   0.01225   0.00058  -0.0368   0.4434   0.9562  31.6222 156.5604
   8.000   1.0711   0.01225   0.00058  -0.0368   0.4434   0.9562  31.6222 156.5604
  10.000   1.2753   0.01493   0.00113  -0.0395   0.3905   1.0000  34.6910 160.0000
  10.000   1.2753   0.01493   0.00113  -0.0395   0.3905   1.0000  34.6912 160.0000
  10.000   1.2753   0.01493   0.00113  -0.0395   0.3905   1.0000  34.6912 160.0000
  10.000   1.2753   0.01493   0.00113  -0.0395   0.3905   1.0000  34.6912 160.0000
  10.000   1.2753   0.01493   0.00113  -0.0395   0.3905   1.0000  34.6912 160.0000
  11.000   1.3206   0.01744   0.00150  -0.0320   0.3632   1.0000  36.2953 160.0000
  11.000   1.3206   0.01744   0.00150  -0.0320   0.3632   1.0000  36.2953 160.0000
  11.000   1.3206   0.01744   0.00150  -0.0320   0.3632   1.0000  36.2953 160.0000
  11.000   1.3206   0.01744   0.00150  -0.0320   0.3632   1.0000  36.2953 160.0000
  11.000   1.3206   0.01744   0.00150  -0.0320   0.3632   1.0000  36.2953 160.0000
  12.000   1.3521   0.02172   0.00282  -0.0258   0.3333   1.0000  38.0582 160.0000
  12.000   1.3521   0.02172   0.00282  -0.0258   0.3333   1.0000  38.0582 160.0000
  12.000   1.3521   0.02172   0.00282  -0.0258   0.3333   1.0000  38.0582 160.0000
  12.000   1.3521   0.02172   0.00282  -0.0258   0.3333   1.0000  38.0582 160.0000
  12.000   1.3521   0.02172   0.00282  -0.0258   0.3333   1.0000  38.0582 160.0000
  14.000   1.3814   0.03515   0.00900  -0.0169   0.2703   1.0000  41.8648 160.0000
  14.000   1.3814   0.03515   0.00900  -0.0169   0.2703   1.0000  41.8649 160.0000
  14.000   1.3814   0.03515   0.00900  -0.0169   0.2703   1.0000  41.8649 160.0000
  14.000   1.3814   0.03515   0.00900  -0.0169   0.2703   1.0000  41.8649 160.0000
  14.000   1.3814   0.03515   0.00900  -0.0169   0.2703   1.0000  41.8649 160.0000
  15.000   1.3870   0.04354   0.01359  -0.0138   0.2401   1.0000  43.7531 160.0000
  15.000   1.3870   0.04354   0.01359  -0.0138   0.2401   1.0000  43.7531 160.0000
  15.000   1.3870   0.04354   0.01359  -0.0138   0.2401   1.0000  43.7531 160.0000
  15.000   1.3870   0.04354   0.01359  -0.0138   0.2401   1.0000  43.7531 160.0000
  15.000   1.3870   0.04354   0.01359  -0.0138   0.2401   1.0000  43.7531 160.0000
  16.000   1.3877   0.05304   0.01926  -0.0118   0.2099   1.0000  45.7067 160.0000
  16.000   1.3877   0.05304   0.01926  -0.0118   0.2099   1.0000  45.7072 160.0000
  16.000   1.3877   0.05304   0.01926  -0.0118   0.2099   1.0000  45.7072 160.0000
  16.000   1.3877   0.05304   0.01926  -0.0118   0.2099   1.0000  45.7072 160.0000
  16.000   1.3877   0.05304   0.01926  -0.0118   0.2099   1.0000  45.7072 160.0000
  17.000   1.3837   0.06363   0.02609  -0.0108   0.1811   1.0000  47.6750 160.0000
  17.000   1.3837   0.06363   0.02609  -0.0108   0.1811   1.0000  47.6751 160.0000
  17.000   1.3837   0.06363   0.02609  -0.0108   0.1811   1.0000  47.6751 160.0000
  17.000   1.3837   0.06363   0.02609  -0.0108   0.1811   1.0000  47.6751 160.0000
  17.000   1.3837   0.06363   0.02609  -0.0108   0.1811   1.0000  47.6751 160.0000
  18.000   1.3752   0.07530   0.03420  -0.0108   0.1543   1.0000  49.6285 160.0000
  18.000   1.3752   0.07530   0.03420  -0.0108   0.1543   1.0000  49.6284 160.0000
  18.000   1.3752   0.07530   0.03420  -0.0108   0.1543   1.0000  49.6284 160.0000
  18.000   1.3752   0.07530   0.03420  -0.0108   0.1543   1.0000  49.6284 160.0000
  18.000   1.3752   0.07530   0.03420  -0.0108   0.1543   1.0000  49.6284 160.0000
  19.000   1.3624   0.08805   0.04377  -0.0120   0.1300   1.0000  51.5654 160.0000
  19.000   1.3624   0.08805   0.04377  -0.0120   0.1300   1.0000  51.5660 160.0000
  19.000   1.3624   0.08805   0.04377  -0.0120   0.1300   1.0000  51.5660 160.0000
  19.000   1.3624   0.08805   0.04377  -0.0120   0.1300   1.0000  51.5660 160.0000
  19.000   1.3624   0.08805   0.04377  -0.0120   0.1300   1.0000  51.5660 160.0000
