  
       XFOIL         Version 6.99
  
 Calculated polar for: AH 93-W-215                                     
  
 1 1 Reynolds number fixed          Mach number fixed         
  
 xtrf =   1.000 (top)        1.000 (bottom)  
 Mach =   0.000     Re =     0.375 e 6     Ncrit =   9.000  9.000
  
   alpha    CL        CD       CDp       CM     Top_Xtr  Bot_Xtr  Top_Itr  Bot_Itr
  ------ -------- --------- --------- -------- -------- -------- -------- --------
   0.000   0.3288   0.01219   0.00317  -0.0667   0.5748   0.6442  24.3593 140.4764
   0.000   0.3288   0.01219   0.00317  -0.0667   0.5748   0.6442  24.3593 140.4764
   0.000   0.3288   0.01219   0.00317  -0.0667   0.5748   0.6442  24.3593 140.4764
   0.000   0.3288   0.01219   0.00317  -0.0667   0.5748   0.6442  24.3593 140.4764
   0.000   0.3288   0.01219   0.00317  -0.0667   0.5748   0.6442  24.3593 140.4764
   1.000   0.4338   0.01232   0.00315  -0.0650   0.5633   0.6859  24.9566 142.4568
   1.000   0.4338   0.01232   0.00315  -0.0650   0.5633   0.6859  24.9574 142.4570
   1.000   0.4338   0.01232   0.00315  -0.0650   0.5633   0.6859  24.9574 142.4570
   1.000   0.4338   0.01232   0.00315  -0.0650   0.5633   0.6859  24.9574 142.4570
   1.000   0.4338   0.01232   0.00315  -0.0650   0.5633   0.6859  24.9574 142.4570
   2.000   0.5280   0.01237   0.00315  -0.0613   0.5508   0.7211  25.6239 144.1223
   2.000   0.5280   0.01237   0.00315  -0.0613   0.5508   0.7211  25.6239 144.1222
   2.000   0.5280   0.01237   0.00315  -0.0613   0.5508   0.7211  25.6239 144.1222
   2.000   0.5280   0.01237   0.00315  -0.0613   0.5508   0.7211  25.6239 144.1222
   2.000   0.5280   0.01237   0.00315  -0.0613   0.5508   0.7211  25.6239 144.1222
   3.000   0.6254   0.01253   0.00307  -0.0582   0.5382   0.7570  26.3001 145.8203
   3.000   0.6254   0.01253   0.00307  -0.0582   0.5382   0.7570  26.3001 145.8202
   3.000   0.6254   0.01253   0.00307  -0.0582   0.5382   0.7570  26.3001 145.8202
   3.000   0.6254   0.01253   0.00307  -0.0582   0.5382   0.7570  26.3001 145.8202
   3.000   0.6254   0.01253   0.00307  -0.0582   0.5382   0.7570  26.3001 145.8202
   4.000   0.7248   0.01267   0.00286  -0.0556   0.5247   0.7942  27.0326 147.5942
   4.000   0.7248   0.01267   0.00286  -0.0556   0.5247   0.7942  27.0326 147.5933
   4.000   0.7248   0.01267   0.00286  -0.0556   0.5247   0.7942  27.0326 147.5933
   4.000   0.7248   0.01267   0.00286  -0.0556   0.5247   0.7942  27.0326 147.5933
   4.000   0.7248   0.01267   0.00286  -0.0556   0.5247   0.7942  27.0326 147.5933
   5.000   0.8063   0.01274   0.00257  -0.0493   0.5100   0.8345  27.8454 149.5727
   5.000   0.8063   0.01274   0.00257  -0.0493   0.5100   0.8345  27.8454 149.5725
   5.000   0.8063   0.01274   0.00257  -0.0493   0.5100   0.8345  27.8454 149.5725
   5.000   0.8063   0.01274   0.00257  -0.0493   0.5100   0.8345  27.8454 149.5725
   5.000   0.8063   0.01274   0.00257  -0.0493   0.5100   0.8345  27.8454 149.5725
   6.000   0.8782   0.01288   0.00212  -0.0413   0.4940   0.8793  28.7389 151.8961
   6.000   0.8782   0.01288   0.00212  -0.0413   0.4940   0.8792  28.7392 151.8946
   6.000   0.8782   0.01288   0.00212  -0.0413   0.4940   0.8792  28.7392 151.8946
   6.000   0.8782   0.01288   0.00212  -0.0413   0.4940   0.8792  28.7392 151.8946
   6.000   0.8782   0.01288   0.00212  -0.0413   0.4940   0.8792  28.7392 151.8946
   7.000   0.9488   0.01299   0.00145  -0.0332   0.4765   0.9326  29.7265 155.0001
   7.000   0.9489   0.01299   0.00145  -0.0332   0.4765   0.9326  29.7266 154.9989
   7.000   0.9489   0.01299   0.00145  -0.0332   0.4765   0.9326  29.7267 154.9976
   7.000   0.9489   0.01299   0.00145  -0.0332   0.4765   0.9326  29.7267 154.9976
   7.000   0.9489   0.01299   0.00145  -0.0332   0.4765   0.9326  29.7267 154.9976
   9.000   1.2212   0.01479   0.00201  -0.0478   0.4290   1.0000  32.4526 160.0000
   9.000   1.2212   0.01479   0.00201  -0.0478   0.4290   1.0000  32.4526 160.0000
   9.000   1.2212   0.01479   0.00201  -0.0478   0.4290   1.0000  32.4526 160.0000
   9.000   1.2212   0.01479   0.00201  -0.0478   0.4290   1.0000  32.4526 160.0000
   9.000   1.2212   0.01479   0.00201  -0.0478   0.4290   1.0000  32.4526 160.0000
  10.000   1.2679   0.01611   0.00164  -0.0383   0.4043   1.0000  33.8860 160.0000
  10.000   1.2679   0.01611   0.00164  -0.0383   0.4043   1.0000  33.8860 160.0000
  10.000   1.2679   0.01611   0.00164  -0.0383   0.4043   1.0000  33.8860 160.0000
  10.000   1.2679   0.01611   0.00164  -0.0383   0.4043   1.0000  33.8860 160.0000
  10.000   1.2679   0.01611   0.00164  -0.0383   0.4043   1.0000  33.8860 160.0000
  11.000   1.3090   0.01849   0.00190  -0.0300   0.3773   1.0000  35.4636 160.0000
  11.000   1.3090   0.01849   0.00190  -0.0300   0.3773   1.0000  35.4636 160.0000
  11.000   1.3090   0.01849   0.00190  -0.0300   0.3773   1.0000  35.4636 160.0000
  11.000   1.3090   0.01849   0.00190  -0.0300   0.3773   1.0000  35.4636 160.0000
  11.000   1.3090   0.01849   0.00190  -0.0300   0.3773   1.0000  35.4636 160.0000
  12.000   1.3408   0.02242   0.00295  -0.0234   0.3483   1.0000  37.1728 160.0000
  12.000   1.3408   0.02242   0.00295  -0.0234   0.3483   1.0000  37.1727 160.0000
  12.000   1.3408   0.02242   0.00295  -0.0234   0.3483   1.0000  37.1727 160.0000
  12.000   1.3408   0.02242   0.00295  -0.0234   0.3483   1.0000  37.1727 160.0000
  12.000   1.3408   0.02242   0.00295  -0.0234   0.3483   1.0000  37.1727 160.0000
  13.000   1.3603   0.02817   0.00520  -0.0183   0.3171   1.0000  39.0253 160.0000
  13.000   1.3603   0.02817   0.00520  -0.0183   0.3171   1.0000  39.0253 160.0000
  13.000   1.3603   0.02817   0.00520  -0.0183   0.3171   1.0000  39.0253 160.0000
  13.000   1.3603   0.02817   0.00520  -0.0183   0.3171   1.0000  39.0253 160.0000
  13.000   1.3603   0.02817   0.00520  -0.0183   0.3171   1.0000  39.0253 160.0000
  14.000   1.3691   0.03544   0.00869  -0.0141   0.2852   1.0000  40.9509 160.0000
  14.000   1.3691   0.03544   0.00869  -0.0141   0.2852   1.0000  40.9510 160.0000
  14.000   1.3691   0.03544   0.00869  -0.0141   0.2852   1.0000  40.9510 160.0000
  14.000   1.3691   0.03544   0.00869  -0.0141   0.2852   1.0000  40.9510 160.0000
  14.000   1.3691   0.03544   0.00869  -0.0141   0.2852   1.0000  40.9510 160.0000
  15.000   1.3752   0.04370   0.01316  -0.0112   0.2546   1.0000  42.8400 160.0000
  15.000   1.3752   0.04370   0.01316  -0.0112   0.2545   1.0000  42.8401 160.0000
  15.000   1.3752   0.04370   0.01316  -0.0112   0.2545   1.0000  42.8401 160.0000
  15.000   1.3752   0.04370   0.01316  -0.0112   0.2545   1.0000  42.8401 160.0000
  15.000   1.3752   0.04370   0.01316  -0.0112   0.2545   1.0000  42.8401 160.0000
  16.000   1.3765   0.05311   0.01876  -0.0093   0.2243   1.0000  44.7634 160.0000
  16.000   1.3765   0.05311   0.01876  -0.0093   0.2243   1.0000  44.7635 160.0000
  16.000   1.3765   0.05311   0.01876  -0.0093   0.2243   1.0000  44.7635 160.0000
  16.000   1.3765   0.05311   0.01876  -0.0093   0.2243   1.0000  44.7635 160.0000
  16.000   1.3765   0.05311   0.01876  -0.0093   0.2243   1.0000  44.7635 160.0000
  17.000   1.3725   0.06370   0.02559  -0.0084   0.1948   1.0000  46.7225 160.0000
  17.000   1.3725   0.06370   0.02559  -0.0084   0.1948   1.0000  46.7226 160.0000
  17.000   1.3725   0.06370   0.02559  -0.0084   0.1948   1.0000  46.7226 160.0000
  17.000   1.3725   0.06370   0.02559  -0.0084   0.1948   1.0000  46.7226 160.0000
  17.000   1.3725   0.06370   0.02559  -0.0084   0.1948   1.0000  46.7226 160.0000
  18.000   1.3639   0.07540   0.03373  -0.0086   0.1672   1.0000  48.6657 160.0000
  18.000   1.3639   0.07540   0.03373  -0.0086   0.1672   1.0000  48.6657 160.0000
  18.000   1.3639   0.07540   0.03373  -0.0086   0.1672   1.0000  48.6657 160.0000
  18.000   1.3639   0.07540   0.03373  -0.0086   0.1672   1.0000  48.6657 160.0000
  18.000   1.3639   0.07540   0.03373  -0.0086   0.1672   1.0000  48.6657 160.0000
  19.000   1.3508   0.08821   0.04340  -0.0099   0.1419   1.0000  50.5943 160.0000
  19.000   1.3508   0.08821   0.04340  -0.0099   0.1419   1.0000  50.5944 160.0000
  19.000   1.3508   0.08821   0.04340  -0.0099   0.1419   1.0000  50.5944 160.0000
  19.000   1.3508   0.08821   0.04340  -0.0099   0.1419   1.0000  50.5944 160.0000
  19.000   1.3508   0.08821   0.04340  -0.0099   0.1419   1.0000  50.5944 160.0000
