  
       XFOIL         Version 6.99
  
 Calculated polar for: AH 93-W-215                                     
  
 1 1 Reynolds number fixed          Mach number fixed         
  
 xtrf =   1.000 (top)        1.000 (bottom)  
 Mach =   0.000     Re =     0.300 e 6     Ncrit =   9.000  9.000
  
   alpha    CL        CD       CDp       CM     Top_Xtr  Bot_Xtr  Top_Itr  Bot_Itr
  ------ -------- --------- --------- -------- -------- -------- -------- --------
   0.000   0.3240   0.01389   0.00449  -0.0660   0.5859   0.6642  23.7847 141.4273
   0.000   0.3240   0.01389   0.00449  -0.0660   0.5859   0.6642  23.7847 141.4272
   0.000   0.3240   0.01389   0.00449  -0.0660   0.5859   0.6642  23.7847 141.4272
   0.000   0.3240   0.01389   0.00449  -0.0660   0.5859   0.6642  23.7847 141.4272
   0.000   0.3240   0.01389   0.00449  -0.0660   0.5859   0.6642  23.7847 141.4272
   1.000   0.4200   0.01418   0.00473  -0.0625   0.5736   0.7054  24.4204 143.3793
   1.000   0.4200   0.01418   0.00473  -0.0625   0.5736   0.7054  24.4204 143.3792
   1.000   0.4200   0.01418   0.00473  -0.0625   0.5736   0.7054  24.4204 143.3792
   1.000   0.4200   0.01418   0.00473  -0.0625   0.5736   0.7054  24.4204 143.3792
   1.000   0.4200   0.01418   0.00473  -0.0625   0.5736   0.7054  24.4204 143.3792
   2.000   0.5274   0.01437   0.00459  -0.0615   0.5619   0.7409  25.0297 145.0583
   2.000   0.5274   0.01437   0.00459  -0.0615   0.5619   0.7409  25.0297 145.0584
   2.000   0.5274   0.01437   0.00459  -0.0615   0.5619   0.7409  25.0297 145.0584
   2.000   0.5274   0.01437   0.00459  -0.0615   0.5619   0.7409  25.0297 145.0584
   2.000   0.5274   0.01437   0.00459  -0.0615   0.5619   0.7409  25.0297 145.0584
   3.000   0.6178   0.01444   0.00460  -0.0570   0.5482   0.7762  25.7633 146.7359
   3.000   0.6178   0.01444   0.00460  -0.0570   0.5482   0.7762  25.7633 146.7358
   3.000   0.6178   0.01444   0.00460  -0.0570   0.5482   0.7762  25.7633 146.7358
   3.000   0.6178   0.01444   0.00460  -0.0570   0.5482   0.7762  25.7633 146.7358
   3.000   0.6178   0.01444   0.00460  -0.0570   0.5482   0.7762  25.7633 146.7358
   4.000   0.7067   0.01466   0.00451  -0.0523   0.5340   0.8141  26.5269 148.5595
   4.000   0.7067   0.01466   0.00451  -0.0523   0.5340   0.8141  26.5269 148.5595
   4.000   0.7067   0.01466   0.00451  -0.0523   0.5340   0.8141  26.5269 148.5595
   4.000   0.7067   0.01466   0.00451  -0.0523   0.5340   0.8141  26.5269 148.5595
   4.000   0.7067   0.01466   0.00451  -0.0523   0.5340   0.8141  26.5269 148.5595
   5.000   0.7945   0.01482   0.00421  -0.0473   0.5197   0.8550  27.3102 150.6134
   5.000   0.7945   0.01482   0.00421  -0.0473   0.5197   0.8550  27.3102 150.6134
   5.000   0.7945   0.01482   0.00421  -0.0473   0.5197   0.8550  27.3102 150.6134
   5.000   0.7945   0.01482   0.00421  -0.0473   0.5197   0.8550  27.3102 150.6134
   5.000   0.7945   0.01482   0.00421  -0.0473   0.5197   0.8550  27.3102 150.6134
   6.000   0.8774   0.01487   0.00365  -0.0414   0.5043   0.9009  28.1598 153.1003
   6.000   0.8774   0.01487   0.00365  -0.0414   0.5043   0.9009  28.1598 153.1002
   6.000   0.8774   0.01487   0.00365  -0.0414   0.5043   0.9009  28.1598 153.1002
   6.000   0.8774   0.01487   0.00365  -0.0414   0.5043   0.9009  28.1598 153.1002
   6.000   0.8774   0.01487   0.00365  -0.0414   0.5043   0.9009  28.1598 153.1002
   7.000   0.9856   0.01505   0.00326  -0.0413   0.4861   0.9493  29.1799 156.0855
   7.000   0.9856   0.01505   0.00326  -0.0413   0.4861   0.9493  29.1799 156.0855
   7.000   0.9856   0.01505   0.00326  -0.0413   0.4861   0.9493  29.1799 156.0855
   7.000   0.9856   0.01505   0.00326  -0.0413   0.4861   0.9493  29.1799 156.0855
   7.000   0.9856   0.01505   0.00326  -0.0413   0.4861   0.9493  29.1799 156.0855
   8.000   1.1468   0.01584   0.00348  -0.0530   0.4631   0.9770  30.4929 158.0423
   8.000   1.1468   0.01584   0.00348  -0.0530   0.4631   0.9770  30.4929 158.0426
   8.000   1.1468   0.01584   0.00348  -0.0530   0.4631   0.9770  30.4929 158.0426
   8.000   1.1468   0.01584   0.00348  -0.0530   0.4631   0.9770  30.4929 158.0426
   8.000   1.1468   0.01584   0.00348  -0.0530   0.4631   0.9770  30.4929 158.0426
   9.000   1.2231   0.01642   0.00304  -0.0489   0.4407   1.0000  31.7761 160.0000
   9.000   1.2231   0.01642   0.00304  -0.0489   0.4407   1.0000  31.7761 160.0000
   9.000   1.2231   0.01642   0.00304  -0.0489   0.4407   1.0000  31.7761 160.0000
   9.000   1.2231   0.01642   0.00304  -0.0489   0.4407   1.0000  31.7761 160.0000
   9.000   1.2231   0.01642   0.00304  -0.0489   0.4407   1.0000  31.7761 160.0000
  10.000   1.2661   0.01756   0.00251  -0.0383   0.4173   1.0000  33.1344 160.0000
  10.000   1.2661   0.01756   0.00251  -0.0383   0.4173   1.0000  33.1344 160.0000
  10.000   1.2661   0.01756   0.00251  -0.0383   0.4173   1.0000  33.1344 160.0000
  10.000   1.2661   0.01756   0.00251  -0.0383   0.4173   1.0000  33.1344 160.0000
  10.000   1.2661   0.01756   0.00251  -0.0383   0.4173   1.0000  33.1344 160.0000
  11.000   1.3006   0.01975   0.00253  -0.0286   0.3906   1.0000  34.6874 160.0000
  11.000   1.3006   0.01975   0.00253  -0.0286   0.3906   1.0000  34.6874 160.0000
  11.000   1.3006   0.01975   0.00253  -0.0286   0.3906   1.0000  34.6874 160.0000
  11.000   1.3006   0.01975   0.00253  -0.0286   0.3906   1.0000  34.6874 160.0000
  11.000   1.3006   0.01975   0.00253  -0.0286   0.3906   1.0000  34.6874 160.0000
  12.000   1.3314   0.02336   0.00334  -0.0215   0.3622   1.0000  36.3543 160.0000
  12.000   1.3314   0.02336   0.00334  -0.0215   0.3622   1.0000  36.3543 160.0000
  12.000   1.3314   0.02336   0.00334  -0.0215   0.3622   1.0000  36.3543 160.0000
  12.000   1.3314   0.02336   0.00334  -0.0215   0.3622   1.0000  36.3543 160.0000
  12.000   1.3314   0.02336   0.00334  -0.0215   0.3622   1.0000  36.3543 160.0000
  13.000   1.3540   0.02852   0.00513  -0.0161   0.3319   1.0000  38.1429 160.0000
  13.000   1.3540   0.02852   0.00513  -0.0161   0.3319   1.0000  38.1428 160.0000
  13.000   1.3540   0.02852   0.00513  -0.0161   0.3319   1.0000  38.1428 160.0000
  13.000   1.3540   0.02852   0.00513  -0.0161   0.3319   1.0000  38.1428 160.0000
  13.000   1.3540   0.02852   0.00513  -0.0161   0.3319   1.0000  38.1428 160.0000
  14.000   1.3639   0.03537   0.00819  -0.0117   0.2998   1.0000  40.0662 160.0000
  14.000   1.3639   0.03537   0.00819  -0.0117   0.2998   1.0000  40.0662 160.0000
  14.000   1.3639   0.03537   0.00819  -0.0117   0.2998   1.0000  40.0662 160.0000
  14.000   1.3639   0.03537   0.00819  -0.0117   0.2998   1.0000  40.0662 160.0000
  14.000   1.3639   0.03537   0.00819  -0.0117   0.2998   1.0000  40.0662 160.0000
  15.000   1.3688   0.04343   0.01239  -0.0085   0.2685   1.0000  41.9723 160.0000
  15.000   1.3688   0.04343   0.01239  -0.0085   0.2685   1.0000  41.9724 160.0000
  15.000   1.3688   0.04343   0.01239  -0.0085   0.2685   1.0000  41.9724 160.0000
  15.000   1.3688   0.04343   0.01239  -0.0085   0.2685   1.0000  41.9724 160.0000
  15.000   1.3688   0.04343   0.01239  -0.0085   0.2685   1.0000  41.9724 160.0000
  16.000   1.3696   0.05273   0.01786  -0.0066   0.2379   1.0000  43.8915 160.0000
  16.000   1.3696   0.05273   0.01786  -0.0066   0.2379   1.0000  43.8915 160.0000
  16.000   1.3696   0.05273   0.01786  -0.0066   0.2379   1.0000  43.8915 160.0000
  16.000   1.3696   0.05273   0.01786  -0.0066   0.2379   1.0000  43.8915 160.0000
  16.000   1.3696   0.05273   0.01786  -0.0066   0.2379   1.0000  43.8915 160.0000
  17.000   1.3659   0.06319   0.02456  -0.0058   0.2079   1.0000  45.8407 160.0000
  17.000   1.3659   0.06319   0.02456  -0.0058   0.2079   1.0000  45.8406 160.0000
  17.000   1.3659   0.06319   0.02456  -0.0058   0.2079   1.0000  45.8406 160.0000
  17.000   1.3659   0.06319   0.02456  -0.0058   0.2079   1.0000  45.8406 160.0000
  17.000   1.3659   0.06319   0.02456  -0.0058   0.2079   1.0000  45.8406 160.0000
  18.000   1.3572   0.07485   0.03264  -0.0060   0.1794   1.0000  47.7902 160.0000
  18.000   1.3572   0.07485   0.03264  -0.0060   0.1794   1.0000  47.7901 160.0000
  18.000   1.3572   0.07485   0.03264  -0.0060   0.1794   1.0000  47.7901 160.0000
  18.000   1.3572   0.07485   0.03264  -0.0060   0.1794   1.0000  47.7901 160.0000
  18.000   1.3572   0.07485   0.03264  -0.0060   0.1794   1.0000  47.7901 160.0000
  19.000   1.3441   0.08763   0.04227  -0.0074   0.1531   1.0000  49.7192 160.0000
  19.000   1.3441   0.08763   0.04227  -0.0074   0.1531   1.0000  49.7191 160.0000
  19.000   1.3441   0.08763   0.04227  -0.0074   0.1531   1.0000  49.7191 160.0000
  19.000   1.3441   0.08763   0.04227  -0.0074   0.1531   1.0000  49.7191 160.0000
  19.000   1.3441   0.08763   0.04227  -0.0074   0.1531   1.0000  49.7191 160.0000
