  
       XFOIL         Version 6.99
  
 Calculated polar for: AH 93-W-480B                                    
  
 1 1 Reynolds number fixed          Mach number fixed         
  
 xtrf =   1.000 (top)        1.000 (bottom)  
 Mach =   0.000     Re =     0.550 e 6     Ncrit =   9.000  9.000
  
   alpha    CL        CD       CDp       CM     Top_Xtr  Bot_Xtr  Top_Itr  Bot_Itr
  ------ -------- --------- --------- -------- -------- -------- -------- --------
   0.000  -0.4537   0.05305   0.05529   0.1657   0.5560   0.7176  18.3741 132.5061
   0.000  -0.4537   0.05305   0.05529   0.1657   0.5560   0.7176  18.3741 132.5061
   0.000  -0.4537   0.05305   0.05529   0.1657   0.5560   0.7176  18.3741 132.5061
   0.000  -0.4537   0.05305   0.05529   0.1657   0.5560   0.7176  18.3741 132.5061
   0.000  -0.4537   0.05305   0.05529   0.1657   0.5560   0.7176  18.3741 132.5061
   1.000  -0.3193   0.05261   0.05541   0.1538   0.5282   0.7453  19.2755 133.5670
   1.000  -0.3193   0.05261   0.05541   0.1538   0.5282   0.7453  19.2754 133.5671
   1.000  -0.3193   0.05261   0.05541   0.1538   0.5282   0.7453  19.2754 133.5671
   1.000  -0.3193   0.05261   0.05541   0.1538   0.5282   0.7453  19.2754 133.5671
   1.000  -0.3193   0.05261   0.05541   0.1538   0.5282   0.7453  19.2754 133.5671
   2.000  -0.1822   0.05232   0.05543   0.1411   0.5004   0.7728  20.2177 134.6413
   2.000  -0.1822   0.05232   0.05543   0.1411   0.5004   0.7728  20.2177 134.6413
   2.000  -0.1822   0.05232   0.05543   0.1411   0.5004   0.7728  20.2177 134.6413
   2.000  -0.1822   0.05232   0.05543   0.1411   0.5004   0.7728  20.2177 134.6413
   2.000  -0.1822   0.05232   0.05543   0.1411   0.5004   0.7728  20.2177 134.6413
   3.000  -0.0461   0.05199   0.05523   0.1288   0.4739   0.8035  21.1545 135.8981
   3.000  -0.0461   0.05199   0.05523   0.1288   0.4739   0.8035  21.1545 135.8981
   3.000  -0.0461   0.05199   0.05523   0.1288   0.4739   0.8035  21.1545 135.8981
   3.000  -0.0461   0.05199   0.05523   0.1288   0.4739   0.8035  21.1545 135.8981
   3.000  -0.0461   0.05199   0.05523   0.1288   0.4739   0.8035  21.1545 135.8981
   4.000   0.0985   0.05222   0.05536   0.1142   0.4470   0.8364  22.1516 137.3972
   4.000   0.0985   0.05222   0.05536   0.1142   0.4470   0.8364  22.1516 137.3972
   4.000   0.0985   0.05222   0.05536   0.1142   0.4470   0.8364  22.1516 137.3972
   4.000   0.0985   0.05222   0.05536   0.1142   0.4470   0.8364  22.1516 137.3972
   4.000   0.0985   0.05222   0.05536   0.1142   0.4470   0.8364  22.1516 137.3972
   5.000   0.2568   0.05324   0.05582   0.0958   0.4198   0.8708  23.2043 139.2748
   5.000   0.2568   0.05324   0.05582   0.0958   0.4198   0.8708  23.2043 139.2749
   5.000   0.2568   0.05324   0.05582   0.0958   0.4198   0.8708  23.2043 139.2749
   5.000   0.2568   0.05324   0.05582   0.0958   0.4198   0.8708  23.2043 139.2749
   5.000   0.2568   0.05324   0.05582   0.0958   0.4198   0.8708  23.2043 139.2749
   6.000   0.4481   0.05615   0.05743   0.0683   0.3913   0.8989  24.3656 141.2713
   6.000   0.4481   0.05615   0.05743   0.0683   0.3913   0.8989  24.3656 141.2711
   6.000   0.4481   0.05615   0.05743   0.0683   0.3913   0.8989  24.3656 141.2711
   6.000   0.4481   0.05615   0.05743   0.0683   0.3913   0.8989  24.3656 141.2711
   6.000   0.4481   0.05615   0.05743   0.0683   0.3913   0.8989  24.3656 141.2711
   7.000   0.6417   0.05929   0.05905   0.0404   0.3603   0.9159  25.6972 142.8030
   7.000   0.6417   0.05929   0.05905   0.0404   0.3603   0.9159  25.6972 142.8038
   7.000   0.6417   0.05929   0.05905   0.0404   0.3603   0.9159  25.6972 142.8038
   7.000   0.6417   0.05929   0.05905   0.0404   0.3603   0.9159  25.6972 142.8038
   7.000   0.6417   0.05929   0.05905   0.0404   0.3603   0.9159  25.6972 142.8038
   8.000   0.8175   0.06159   0.05989   0.0176   0.3327   0.9280  26.9455 144.0947
   8.000   0.8175   0.06159   0.05989   0.0176   0.3327   0.9280  26.9456 144.0946
   8.000   0.8175   0.06159   0.05989   0.0176   0.3327   0.9280  26.9456 144.0946
   8.000   0.8175   0.06159   0.05989   0.0176   0.3327   0.9280  26.9456 144.0946
   8.000   0.8175   0.06159   0.05989   0.0176   0.3327   0.9280  26.9456 144.0946
  10.000   1.0974   0.06517   0.06133  -0.0089   0.2904   0.9755  29.0188 152.1234
  10.000   1.0974   0.06517   0.06133  -0.0089   0.2904   0.9755  29.0188 152.1239
  10.000   1.0974   0.06517   0.06133  -0.0089   0.2904   0.9755  29.0188 152.1239
  10.000   1.0974   0.06517   0.06133  -0.0089   0.2904   0.9755  29.0188 152.1239
  10.000   1.0974   0.06517   0.06133  -0.0089   0.2904   0.9755  29.0188 152.1239
  11.000   1.2554   0.06663   0.06122  -0.0267   0.2711   0.9813  30.0388 153.5084
  11.000   1.2554   0.06663   0.06122  -0.0267   0.2711   0.9813  30.0388 153.5086
  11.000   1.2554   0.06663   0.06122  -0.0267   0.2711   0.9813  30.0388 153.5086
  11.000   1.2554   0.06663   0.06122  -0.0267   0.2711   0.9813  30.0388 153.5086
  11.000   1.2554   0.06663   0.06122  -0.0267   0.2711   0.9813  30.0388 153.5086
  12.000   1.4101   0.06814   0.06106  -0.0437   0.2531   0.9886  31.0407 155.3379
  12.000   1.4101   0.06814   0.06106  -0.0437   0.2531   0.9886  31.0407 155.3382
  12.000   1.4101   0.06814   0.06106  -0.0437   0.2531   0.9886  31.0407 155.3382
  12.000   1.4101   0.06814   0.06106  -0.0437   0.2531   0.9886  31.0407 155.3382
  12.000   1.4101   0.06814   0.06106  -0.0437   0.2531   0.9886  31.0407 155.3382
  14.000   1.6850   0.07198   0.06055  -0.0691   0.2189   0.9976  33.1103 159.0703
  14.000   1.6850   0.07198   0.06055  -0.0691   0.2189   0.9976  33.1103 159.0703
  14.000   1.6850   0.07198   0.06055  -0.0691   0.2189   0.9976  33.1103 159.0703
  14.000   1.6850   0.07198   0.06055  -0.0691   0.2189   0.9976  33.1103 159.0703
  14.000   1.6850   0.07198   0.06055  -0.0691   0.2189   0.9976  33.1103 159.0703
  15.000   1.7999   0.07159   0.05787  -0.0764   0.2019   0.9984  34.2414 159.3903
  15.000   1.7999   0.07159   0.05787  -0.0764   0.2019   0.9984  34.2414 159.3904
  15.000   1.7999   0.07159   0.05787  -0.0764   0.2019   0.9984  34.2414 159.3904
  15.000   1.7999   0.07159   0.05787  -0.0764   0.2019   0.9984  34.2414 159.3904
  15.000   1.7999   0.07159   0.05787  -0.0764   0.2019   0.9984  34.2414 159.3904
  16.000   1.8150   0.07970   0.06317  -0.0642   0.1879   1.0006  35.2233 159.9300
  16.000   1.8150   0.07970   0.06317  -0.0642   0.1879   1.0006  35.2232 159.9299
  16.000   1.8150   0.07970   0.06317  -0.0642   0.1879   1.0006  35.2232 159.9299
  16.000   1.8150   0.07970   0.06317  -0.0642   0.1879   1.0006  35.2232 159.9299
  16.000   1.8150   0.07970   0.06317  -0.0642   0.1879   1.0006  35.2232 159.9299
  17.000   1.7601   0.09528   0.07707  -0.0469   0.1760   1.0010  36.1107 160.0000
  17.000   1.7601   0.09528   0.07707  -0.0469   0.1760   1.0010  36.1107 160.0000
  17.000   1.7601   0.09528   0.07707  -0.0469   0.1760   1.0010  36.1107 160.0000
  17.000   1.7601   0.09528   0.07707  -0.0469   0.1760   1.0010  36.1107 160.0000
  17.000   1.7601   0.09528   0.07707  -0.0469   0.1760   1.0010  36.1107 160.0000
  18.000   1.7205   0.11035   0.09216  -0.0379   0.1644   1.0010  37.0176 160.0000
  18.000   1.7205   0.11035   0.09216  -0.0379   0.1644   1.0010  37.0176 160.0000
  18.000   1.7205   0.11035   0.09216  -0.0379   0.1644   1.0010  37.0176 160.0000
  18.000   1.7205   0.11035   0.09216  -0.0379   0.1644   1.0010  37.0176 160.0000
  18.000   1.7205   0.11035   0.09216  -0.0379   0.1644   1.0010  37.0176 160.0000
  19.000   1.7008   0.12379   0.10741  -0.0342   0.1551   1.0010  37.7906 160.0000
  19.000   1.7008   0.12379   0.10741  -0.0342   0.1551   1.0010  37.7906 160.0000
  19.000   1.7008   0.12379   0.10741  -0.0342   0.1551   1.0010  37.7906 160.0000
  19.000   1.7008   0.12379   0.10741  -0.0342   0.1551   1.0010  37.7906 160.0000
  19.000   1.7008   0.12379   0.10741  -0.0342   0.1551   1.0010  37.7906 160.0000
