  
       XFOIL         Version 6.99
  
 Calculated polar for: AH 93-W-480B                                    
  
 1 1 Reynolds number fixed          Mach number fixed         
  
 xtrf =   1.000 (top)        1.000 (bottom)  
 Mach =   0.000     Re =     0.350 e 6     Ncrit =   9.000  9.000
  
   alpha    CL        CD       CDp       CM     Top_Xtr  Bot_Xtr  Top_Itr  Bot_Itr
  ------ -------- --------- --------- -------- -------- -------- -------- --------
   0.000  -0.4891   0.05138   0.05241   0.1761   0.5881   0.7522  17.3825 133.8344
   0.000  -0.4891   0.05138   0.05241   0.1761   0.5881   0.7522  17.3826 133.8344
   0.000  -0.4891   0.05138   0.05241   0.1761   0.5881   0.7522  17.3826 133.8344
   0.000  -0.4891   0.05138   0.05241   0.1761   0.5881   0.7522  17.3826 133.8344
   0.000  -0.4891   0.05138   0.05241   0.1761   0.5881   0.7522  17.3826 133.8344
   1.000  -0.3566   0.05096   0.05255   0.1647   0.5591   0.7806  18.2777 134.9501
   1.000  -0.3566   0.05096   0.05255   0.1647   0.5591   0.7806  18.2777 134.9501
   1.000  -0.3566   0.05096   0.05255   0.1647   0.5591   0.7806  18.2777 134.9501
   1.000  -0.3566   0.05096   0.05255   0.1647   0.5591   0.7806  18.2777 134.9501
   1.000  -0.3566   0.05096   0.05255   0.1647   0.5591   0.7806  18.2777 134.9501
   2.000  -0.2126   0.05118   0.05299   0.1502   0.5304   0.8110  19.2038 136.2252
   2.000  -0.2126   0.05118   0.05299   0.1502   0.5304   0.8110  19.2038 136.2252
   2.000  -0.2126   0.05118   0.05299   0.1502   0.5304   0.8110  19.2038 136.2253
   2.000  -0.2126   0.05118   0.05299   0.1502   0.5304   0.8110  19.2038 136.2253
   2.000  -0.2126   0.05118   0.05299   0.1502   0.5304   0.8110  19.2038 136.2253
   3.000  -0.0641   0.05166   0.05340   0.1345   0.5018   0.8432  20.1673 137.7374
   3.000  -0.0641   0.05166   0.05340   0.1345   0.5018   0.8432  20.1673 137.7374
   3.000  -0.0641   0.05166   0.05340   0.1345   0.5018   0.8432  20.1673 137.7374
   3.000  -0.0641   0.05166   0.05340   0.1345   0.5018   0.8432  20.1673 137.7374
   3.000  -0.0641   0.05166   0.05340   0.1345   0.5018   0.8432  20.1673 137.7374
   4.000   0.1085   0.05347   0.05452   0.1121   0.4732   0.8745  21.1789 139.5164
   4.000   0.1085   0.05347   0.05452   0.1121   0.4732   0.8745  21.1789 139.5164
   4.000   0.1085   0.05347   0.05452   0.1121   0.4732   0.8745  21.1789 139.5164
   4.000   0.1085   0.05347   0.05452   0.1121   0.4732   0.8745  21.1789 139.5164
   4.000   0.1085   0.05347   0.05452   0.1121   0.4732   0.8745  21.1789 139.5164
   5.000   0.3048   0.05664   0.05649   0.0833   0.4433   0.8982  22.2935 141.2123
   5.000   0.3048   0.05664   0.05649   0.0833   0.4433   0.8982  22.2935 141.2117
   5.000   0.3048   0.05664   0.05649   0.0833   0.4433   0.8982  22.2935 141.2117
   5.000   0.3048   0.05664   0.05649   0.0833   0.4433   0.8982  22.2935 141.2117
   5.000   0.3048   0.05664   0.05649   0.0833   0.4433   0.8982  22.2935 141.2117
   6.000   0.4997   0.05997   0.05860   0.0550   0.4135   0.9132  23.4559 142.5404
   6.000   0.4997   0.05997   0.05860   0.0550   0.4135   0.9132  23.4559 142.5412
   6.000   0.4997   0.05997   0.05860   0.0550   0.4135   0.9132  23.4559 142.5412
   6.000   0.4997   0.05997   0.05860   0.0550   0.4135   0.9132  23.4559 142.5412
   6.000   0.4997   0.05997   0.05860   0.0550   0.4135   0.9132  23.4559 142.5412
   7.000   0.6749   0.06246   0.05994   0.0325   0.3845   0.9254  24.6497 143.8002
   7.000   0.6749   0.06246   0.05994   0.0325   0.3845   0.9254  24.6497 143.8006
   7.000   0.6749   0.06246   0.05994   0.0325   0.3845   0.9254  24.6497 143.8006
   7.000   0.6749   0.06246   0.05994   0.0325   0.3845   0.9254  24.6497 143.8006
   7.000   0.6749   0.06246   0.05994   0.0325   0.3845   0.9254  24.6497 143.8006
   8.000   0.8354   0.06440   0.06067   0.0141   0.3570   0.9369  25.8397 145.2013
   8.000   0.8354   0.06440   0.06068   0.0141   0.3570   0.9369  25.8397 145.2016
   8.000   0.8354   0.06440   0.06068   0.0141   0.3570   0.9369  25.8397 145.2016
   8.000   0.8354   0.06440   0.06068   0.0141   0.3570   0.9369  25.8397 145.2016
   8.000   0.8354   0.06440   0.06068   0.0141   0.3570   0.9369  25.8397 145.2016
   9.000   0.9860   0.06619   0.06124  -0.0019   0.3332   0.9530  26.9232 147.5794
   9.000   0.9860   0.06619   0.06124  -0.0019   0.3332   0.9530  26.9231 147.5804
   9.000   0.9860   0.06619   0.06124  -0.0019   0.3332   0.9530  26.9231 147.5805
   9.000   0.9860   0.06619   0.06124  -0.0019   0.3332   0.9530  26.9231 147.5805
   9.000   0.9860   0.06619   0.06124  -0.0019   0.3332   0.9530  26.9231 147.5805
  10.000   1.1217   0.06908   0.06324  -0.0147   0.3120   0.9752  27.9346 152.0733
  10.000   1.1217   0.06908   0.06324  -0.0147   0.3120   0.9752  27.9346 152.0745
  10.000   1.1217   0.06908   0.06324  -0.0147   0.3120   0.9752  27.9346 152.0745
  10.000   1.1217   0.06908   0.06324  -0.0147   0.3120   0.9752  27.9346 152.0745
  10.000   1.1217   0.06908   0.06324  -0.0147   0.3120   0.9752  27.9346 152.0745
  11.000   1.2769   0.07099   0.06371  -0.0321   0.2912   0.9839  28.9766 154.1425
  11.000   1.2769   0.07099   0.06371  -0.0321   0.2912   0.9839  28.9766 154.1425
  11.000   1.2769   0.07099   0.06371  -0.0321   0.2912   0.9839  28.9766 154.1426
  11.000   1.2769   0.07099   0.06371  -0.0321   0.2912   0.9839  28.9766 154.1426
  11.000   1.2769   0.07099   0.06371  -0.0321   0.2912   0.9839  28.9766 154.1426
  12.000   1.4336   0.07268   0.06381  -0.0497   0.2715   0.9926  30.0150 156.3563
  12.000   1.4336   0.07268   0.06381  -0.0497   0.2715   0.9926  30.0150 156.3569
  12.000   1.4336   0.07268   0.06381  -0.0497   0.2715   0.9926  30.0150 156.3570
  12.000   1.4336   0.07268   0.06381  -0.0497   0.2715   0.9926  30.0150 156.3570
  12.000   1.4336   0.07268   0.06381  -0.0497   0.2715   0.9926  30.0150 156.3570
  13.000   1.5807   0.07532   0.06445  -0.0653   0.2530   0.9976  31.0453 159.0690
  13.000   1.5807   0.07532   0.06445  -0.0653   0.2530   0.9976  31.0453 159.0692
  13.000   1.5807   0.07532   0.06445  -0.0653   0.2530   0.9976  31.0453 159.0692
  13.000   1.5807   0.07532   0.06445  -0.0653   0.2530   0.9976  31.0453 159.0692
  13.000   1.5807   0.07532   0.06445  -0.0653   0.2530   0.9976  31.0453 159.0692
  14.000   1.7096   0.07485   0.06192  -0.0761   0.2351   0.9999  32.1002 159.7663
  14.000   1.7096   0.07485   0.06192  -0.0761   0.2351   0.9999  32.1003 159.7661
  14.000   1.7096   0.07485   0.06192  -0.0761   0.2351   0.9999  32.1003 159.7661
  14.000   1.7096   0.07485   0.06192  -0.0761   0.2351   0.9999  32.1003 159.7661
  14.000   1.7096   0.07485   0.06192  -0.0761   0.2351   0.9999  32.1003 159.7661
  15.000   1.7657   0.07782   0.06237  -0.0713   0.2196   1.0010  33.0635 160.0000
  15.000   1.7657   0.07782   0.06237  -0.0713   0.2196   1.0010  33.0635 160.0000
  15.000   1.7657   0.07782   0.06237  -0.0713   0.2196   1.0010  33.0635 160.0000
  15.000   1.7657   0.07782   0.06237  -0.0713   0.2196   1.0010  33.0635 160.0000
  15.000   1.7657   0.07782   0.06237  -0.0713   0.2196   1.0010  33.0635 160.0000
  16.000   1.6946   0.09129   0.07434  -0.0456   0.2073   1.0010  33.8678 160.0000
  16.000   1.6946   0.09129   0.07434  -0.0456   0.2073   1.0010  33.8678 160.0000
  16.000   1.6946   0.09129   0.07434  -0.0456   0.2073   1.0010  33.8678 160.0000
  16.000   1.6946   0.09129   0.07434  -0.0456   0.2073   1.0010  33.8678 160.0000
  16.000   1.6946   0.09129   0.07434  -0.0456   0.2073   1.0010  33.8678 160.0000
  17.000   1.6701   0.10401   0.08651  -0.0354   0.1942   1.0010  34.7706 160.0000
  17.000   1.6701   0.10401   0.08651  -0.0354   0.1942   1.0010  34.7705 160.0000
  17.000   1.6701   0.10401   0.08651  -0.0354   0.1942   1.0010  34.7705 160.0000
  17.000   1.6701   0.10401   0.08651  -0.0354   0.1942   1.0010  34.7705 160.0000
  17.000   1.6701   0.10401   0.08651  -0.0354   0.1942   1.0010  34.7705 160.0000
  18.000   1.6530   0.11656   0.10007  -0.0298   0.1821   1.0010  35.6529 160.0000
  18.000   1.6530   0.11656   0.10007  -0.0298   0.1821   1.0010  35.6529 160.0000
  18.000   1.6530   0.11656   0.10007  -0.0298   0.1821   1.0010  35.6529 160.0000
  18.000   1.6530   0.11656   0.10007  -0.0298   0.1821   1.0010  35.6529 160.0000
  18.000   1.6530   0.11656   0.10007  -0.0298   0.1821   1.0010  35.6529 160.0000
  19.000   1.6444   0.12871   0.11472  -0.0276   0.1711   1.0010  36.4922 160.0000
  19.000   1.6444   0.12871   0.11472  -0.0276   0.1711   1.0010  36.4922 160.0000
  19.000   1.6444   0.12871   0.11472  -0.0276   0.1711   1.0010  36.4922 160.0000
  19.000   1.6444   0.12871   0.11472  -0.0276   0.1711   1.0010  36.4922 160.0000
  19.000   1.6444   0.12871   0.11472  -0.0276   0.1711   1.0010  36.4922 160.0000
