  
       XFOIL         Version 6.99
  
 Calculated polar for: AH 93-W-480B                                    
  
 1 1 Reynolds number fixed          Mach number fixed         
  
 xtrf =   1.000 (top)        1.000 (bottom)  
 Mach =   0.000     Re =     0.500 e 6     Ncrit =   9.000  9.000
  
   alpha    CL        CD       CDp       CM     Top_Xtr  Bot_Xtr  Top_Itr  Bot_Itr
  ------ -------- --------- --------- -------- -------- -------- -------- --------
   0.000  -0.4602   0.05266   0.05457   0.1676   0.5621   0.7246  18.1808 132.7713
   0.000  -0.4602   0.05266   0.05457   0.1676   0.5621   0.7246  18.1808 132.7713
   0.000  -0.4602   0.05266   0.05457   0.1676   0.5621   0.7246  18.1808 132.7713
   0.000  -0.4602   0.05266   0.05457   0.1676   0.5621   0.7246  18.1808 132.7713
   0.000  -0.4602   0.05266   0.05457   0.1676   0.5621   0.7246  18.1808 132.7713
   1.000  -0.3267   0.05220   0.05463   0.1559   0.5336   0.7523  19.0967 133.8367
   1.000  -0.3267   0.05220   0.05463   0.1559   0.5336   0.7523  19.0967 133.8367
   1.000  -0.3267   0.05220   0.05463   0.1559   0.5336   0.7523  19.0967 133.8367
   1.000  -0.3267   0.05220   0.05463   0.1559   0.5336   0.7523  19.0967 133.8367
   1.000  -0.3267   0.05220   0.05463   0.1559   0.5336   0.7523  19.0967 133.8367
   2.000  -0.1911   0.05185   0.05459   0.1437   0.5053   0.7802  20.0444 134.9351
   2.000  -0.1911   0.05185   0.05459   0.1437   0.5053   0.7802  20.0444 134.9352
   2.000  -0.1911   0.05185   0.05459   0.1437   0.5053   0.7802  20.0444 134.9352
   2.000  -0.1911   0.05185   0.05459   0.1437   0.5053   0.7802  20.0444 134.9352
   2.000  -0.1911   0.05185   0.05459   0.1437   0.5053   0.7802  20.0444 134.9352
   3.000  -0.0500   0.05186   0.05470   0.1300   0.4779   0.8107  21.0067 136.2136
   3.000  -0.0501   0.05186   0.05470   0.1300   0.4779   0.8107  21.0068 136.2135
   3.000  -0.0501   0.05186   0.05470   0.1300   0.4779   0.8107  21.0068 136.2135
   3.000  -0.0501   0.05186   0.05470   0.1300   0.4779   0.8107  21.0068 136.2135
   3.000  -0.0501   0.05186   0.05470   0.1300   0.4779   0.8107  21.0068 136.2135
   5.000   0.2624   0.05370   0.05570   0.0944   0.4237   0.8783  23.0474 139.7583
   5.000   0.2624   0.05370   0.05570   0.0944   0.4237   0.8783  23.0474 139.7586
   5.000   0.2624   0.05370   0.05570   0.0944   0.4237   0.8783  23.0474 139.7586
   5.000   0.2624   0.05370   0.05570   0.0944   0.4237   0.8783  23.0474 139.7586
   5.000   0.2624   0.05370   0.05570   0.0944   0.4237   0.8783  23.0474 139.7586
   6.000   0.4597   0.05695   0.05761   0.0652   0.3956   0.9024  24.1845 141.5586
   6.000   0.4597   0.05695   0.05761   0.0652   0.3956   0.9024  24.1845 141.5589
   6.000   0.4597   0.05695   0.05761   0.0652   0.3956   0.9024  24.1845 141.5589
   6.000   0.4597   0.05695   0.05761   0.0652   0.3956   0.9024  24.1845 141.5589
   6.000   0.4597   0.05695   0.05761   0.0652   0.3956   0.9024  24.1845 141.5589
   7.000   0.6495   0.05990   0.05920   0.0384   0.3654   0.9185  25.4702 143.0572
   7.000   0.6495   0.05990   0.05920   0.0384   0.3654   0.9185  25.4702 143.0570
   7.000   0.6495   0.05990   0.05920   0.0384   0.3654   0.9185  25.4702 143.0570
   7.000   0.6495   0.05990   0.05920   0.0384   0.3654   0.9185  25.4702 143.0570
   7.000   0.6495   0.05990   0.05920   0.0384   0.3654   0.9185  25.4702 143.0570
  10.000   1.1021   0.06583   0.06164  -0.0100   0.2954   0.9754  28.7676 152.1180
  10.000   1.1021   0.06583   0.06164  -0.0100   0.2954   0.9754  28.7676 152.1184
  10.000   1.1021   0.06583   0.06164  -0.0100   0.2954   0.9754  28.7676 152.1184
  10.000   1.1021   0.06583   0.06164  -0.0100   0.2954   0.9754  28.7676 152.1184
  10.000   1.1021   0.06583   0.06164  -0.0100   0.2954   0.9754  28.7676 152.1184
  11.000   1.2572   0.06772   0.06207  -0.0272   0.2756   0.9835  29.7978 154.0386
  11.000   1.2572   0.06772   0.06208  -0.0272   0.2756   0.9835  29.7978 154.0390
  11.000   1.2572   0.06772   0.06208  -0.0272   0.2756   0.9835  29.7978 154.0390
  11.000   1.2572   0.06772   0.06208  -0.0272   0.2756   0.9835  29.7978 154.0390
  11.000   1.2572   0.06772   0.06208  -0.0272   0.2756   0.9835  29.7978 154.0390
  12.000   1.4145   0.06890   0.06147  -0.0448   0.2572   0.9891  30.8102 155.4738
  12.000   1.4145   0.06890   0.06147  -0.0448   0.2572   0.9891  30.8102 155.4739
  12.000   1.4145   0.06890   0.06147  -0.0448   0.2572   0.9891  30.8102 155.4740
  12.000   1.4145   0.06890   0.06147  -0.0448   0.2572   0.9891  30.8102 155.4740
  12.000   1.4145   0.06890   0.06147  -0.0448   0.2572   0.9891  30.8102 155.4740
  14.000   1.6895   0.07188   0.06026  -0.0704   0.2219   0.9977  32.9171 159.1480
  14.000   1.6895   0.07188   0.06026  -0.0704   0.2219   0.9977  32.9171 159.1482
  14.000   1.6895   0.07188   0.06026  -0.0704   0.2219   0.9977  32.9171 159.1482
  14.000   1.6895   0.07188   0.06026  -0.0704   0.2219   0.9977  32.9171 159.1482
  14.000   1.6895   0.07188   0.06026  -0.0704   0.2219   0.9977  32.9171 159.1482
  15.000   1.7994   0.07287   0.05865  -0.0769   0.2048   0.9993  34.0400 159.6343
  15.000   1.7994   0.07287   0.05865  -0.0769   0.2048   0.9993  34.0400 159.6343
  15.000   1.7994   0.07287   0.05865  -0.0769   0.2048   0.9993  34.0400 159.6343
  15.000   1.7994   0.07287   0.05865  -0.0769   0.2048   0.9993  34.0400 159.6343
  15.000   1.7994   0.07287   0.05865  -0.0769   0.2048   0.9993  34.0400 159.6343
  16.000   1.7777   0.08354   0.06685  -0.0584   0.1917   1.0010  34.9485 160.0000
  16.000   1.7777   0.08354   0.06685  -0.0584   0.1917   1.0010  34.9485 160.0000
  16.000   1.7777   0.08354   0.06685  -0.0584   0.1917   1.0010  34.9485 160.0000
  16.000   1.7777   0.08354   0.06685  -0.0584   0.1917   1.0010  34.9485 160.0000
  16.000   1.7777   0.08354   0.06685  -0.0584   0.1917   1.0010  34.9485 160.0000
  17.000   1.7359   0.09773   0.07964  -0.0439   0.1798   1.0010  35.8227 160.0000
  17.000   1.7359   0.09773   0.07964  -0.0439   0.1798   1.0010  35.8227 160.0000
  17.000   1.7359   0.09773   0.07964  -0.0439   0.1798   1.0010  35.8227 160.0000
  17.000   1.7359   0.09773   0.07964  -0.0439   0.1798   1.0010  35.8227 160.0000
  17.000   1.7359   0.09773   0.07964  -0.0439   0.1798   1.0010  35.8227 160.0000
  18.000   1.7082   0.11155   0.09358  -0.0364   0.1683   1.0010  36.7139 160.0000
  18.000   1.7082   0.11155   0.09358  -0.0364   0.1683   1.0010  36.7139 160.0000
  18.000   1.7082   0.11155   0.09358  -0.0364   0.1683   1.0010  36.7139 160.0000
  18.000   1.7082   0.11155   0.09358  -0.0364   0.1683   1.0010  36.7139 160.0000
  18.000   1.7082   0.11155   0.09358  -0.0364   0.1683   1.0010  36.7139 160.0000
  19.000   1.6876   0.12507   0.10920  -0.0328   0.1584   1.0010  37.5145 160.0000
  19.000   1.6876   0.12507   0.10920  -0.0328   0.1584   1.0010  37.5145 160.0000
  19.000   1.6876   0.12507   0.10920  -0.0328   0.1584   1.0010  37.5145 160.0000
  19.000   1.6876   0.12507   0.10920  -0.0328   0.1584   1.0010  37.5145 160.0000
  19.000   1.6876   0.12507   0.10920  -0.0328   0.1584   1.0010  37.5145 160.0000
