  
       XFOIL         Version 6.99
  
 Calculated polar for: AH 93-W-480B                                    
  
 1 1 Reynolds number fixed          Mach number fixed         
  
 xtrf =   1.000 (top)        1.000 (bottom)  
 Mach =   0.000     Re =     0.300 e 6     Ncrit =   9.000  9.000
  
   alpha    CL        CD       CDp       CM     Top_Xtr  Bot_Xtr  Top_Itr  Bot_Itr
  ------ -------- --------- --------- -------- -------- -------- -------- --------
   0.000  -0.4985   0.05125   0.05177   0.1789   0.5990   0.7646  17.0503 134.3173
   0.000  -0.4985   0.05125   0.05177   0.1789   0.5990   0.7646  17.0504 134.3172
   0.000  -0.4985   0.05125   0.05177   0.1789   0.5990   0.7646  17.0504 134.3172
   0.000  -0.4985   0.05125   0.05177   0.1789   0.5990   0.7646  17.0504 134.3172
   0.000  -0.4985   0.05125   0.05177   0.1789   0.5990   0.7646  17.0504 134.3172
   1.000  -0.3603   0.05117   0.05215   0.1660   0.5690   0.7933  17.9622 135.4733
   1.000  -0.3603   0.05117   0.05215   0.1660   0.5690   0.7933  17.9622 135.4734
   1.000  -0.3603   0.05117   0.05215   0.1660   0.5690   0.7933  17.9622 135.4734
   1.000  -0.3603   0.05117   0.05215   0.1660   0.5690   0.7933  17.9622 135.4734
   1.000  -0.3603   0.05117   0.05215   0.1660   0.5690   0.7933  17.9622 135.4734
   2.000  -0.2257   0.05094   0.05236   0.1542   0.5412   0.8264  18.8471 136.9128
   2.000  -0.2257   0.05094   0.05236   0.1542   0.5412   0.8264  18.8470 136.9132
   2.000  -0.2257   0.05094   0.05236   0.1542   0.5412   0.8264  18.8470 136.9133
   2.000  -0.2257   0.05094   0.05236   0.1542   0.5412   0.8264  18.8470 136.9133
   2.000  -0.2257   0.05094   0.05236   0.1542   0.5412   0.8264  18.8470 136.9133
   3.000  -0.0595   0.05231   0.05333   0.1336   0.5116   0.8569  19.8329 138.4665
   3.000  -0.0595   0.05231   0.05333   0.1336   0.5116   0.8569  19.8329 138.4666
   3.000  -0.0595   0.05231   0.05333   0.1336   0.5116   0.8569  19.8329 138.4666
   3.000  -0.0595   0.05231   0.05333   0.1336   0.5116   0.8569  19.8329 138.4666
   3.000  -0.0595   0.05231   0.05333   0.1336   0.5116   0.8569  19.8329 138.4666
   4.000   0.1253   0.05476   0.05481   0.1078   0.4819   0.8852  20.8655 140.2262
   4.000   0.1253   0.05476   0.05481   0.1078   0.4819   0.8852  20.8655 140.2262
   4.000   0.1253   0.05476   0.05481   0.1078   0.4819   0.8852  20.8655 140.2262
   4.000   0.1253   0.05476   0.05481   0.1078   0.4819   0.8852  20.8655 140.2262
   4.000   0.1253   0.05476   0.05481   0.1078   0.4819   0.8852  20.8655 140.2262
   5.000   0.3270   0.05834   0.05704   0.0775   0.4507   0.9033  22.0093 141.6396
   5.000   0.3270   0.05834   0.05704   0.0775   0.4507   0.9033  22.0093 141.6397
   5.000   0.3270   0.05834   0.05704   0.0775   0.4507   0.9033  22.0093 141.6397
   5.000   0.3270   0.05834   0.05704   0.0775   0.4507   0.9033  22.0093 141.6397
   5.000   0.3270   0.05834   0.05704   0.0775   0.4507   0.9033  22.0093 141.6397
   6.000   0.5122   0.06132   0.05903   0.0521   0.4219   0.9182  23.1175 143.0229
   6.000   0.5122   0.06132   0.05903   0.0521   0.4219   0.9182  23.1175 143.0226
   6.000   0.5122   0.06132   0.05903   0.0521   0.4219   0.9182  23.1175 143.0226
   6.000   0.5122   0.06132   0.05903   0.0521   0.4219   0.9182  23.1175 143.0226
   6.000   0.5122   0.06132   0.05903   0.0521   0.4219   0.9182  23.1175 143.0226
   7.000   0.6838   0.06380   0.06055   0.0308   0.3936   0.9284  24.2696 144.1404
   7.000   0.6838   0.06380   0.06055   0.0308   0.3936   0.9284  24.2697 144.1399
   7.000   0.6838   0.06380   0.06055   0.0308   0.3936   0.9284  24.2697 144.1399
   7.000   0.6838   0.06380   0.06055   0.0308   0.3936   0.9284  24.2697 144.1399
   7.000   0.6838   0.06380   0.06055   0.0308   0.3936   0.9284  24.2697 144.1399
   8.000   0.8452   0.06592   0.06161   0.0121   0.3659   0.9392  25.4492 145.5017
   8.000   0.8452   0.06592   0.06161   0.0121   0.3659   0.9392  25.4491 145.5025
   8.000   0.8452   0.06592   0.06161   0.0121   0.3659   0.9392  25.4491 145.5025
   8.000   0.8452   0.06592   0.06161   0.0121   0.3659   0.9392  25.4491 145.5025
   8.000   0.8452   0.06592   0.06161   0.0121   0.3659   0.9392  25.4491 145.5025
   9.000   0.9869   0.06811   0.06280  -0.0019   0.3422   0.9609  26.5113 149.0104
   9.000   0.9870   0.06811   0.06280  -0.0019   0.3422   0.9609  26.5113 149.0129
   9.000   0.9870   0.06811   0.06280  -0.0019   0.3422   0.9609  26.5113 149.0130
   9.000   0.9870   0.06811   0.06280  -0.0019   0.3422   0.9609  26.5113 149.0130
   9.000   0.9870   0.06811   0.06280  -0.0019   0.3422   0.9609  26.5113 149.0130
  10.000   1.1358   0.07077   0.06442  -0.0179   0.3200   0.9753  27.5508 152.0944
  10.000   1.1358   0.07077   0.06442  -0.0179   0.3200   0.9753  27.5508 152.0946
  10.000   1.1358   0.07077   0.06442  -0.0179   0.3200   0.9753  27.5508 152.0946
  10.000   1.1358   0.07077   0.06442  -0.0179   0.3200   0.9753  27.5508 152.0946
  10.000   1.1358   0.07077   0.06442  -0.0179   0.3200   0.9753  27.5508 152.0946
  11.000   1.2916   0.07259   0.06487  -0.0355   0.2989   0.9845  28.5917 154.2915
  11.000   1.2916   0.07259   0.06487  -0.0355   0.2989   0.9845  28.5917 154.2918
  11.000   1.2916   0.07259   0.06487  -0.0355   0.2989   0.9845  28.5917 154.2918
  11.000   1.2916   0.07259   0.06487  -0.0355   0.2989   0.9845  28.5917 154.2918
  11.000   1.2916   0.07259   0.06487  -0.0355   0.2989   0.9845  28.5917 154.2918
  12.000   1.4497   0.07470   0.06551  -0.0536   0.2785   0.9951  29.6469 157.1557
  12.000   1.4497   0.07470   0.06551  -0.0536   0.2785   0.9951  29.6469 157.1558
  12.000   1.4497   0.07470   0.06551  -0.0536   0.2785   0.9951  29.6469 157.1558
  12.000   1.4497   0.07470   0.06551  -0.0536   0.2785   0.9951  29.6469 157.1558
  12.000   1.4497   0.07470   0.06551  -0.0536   0.2785   0.9951  29.6469 157.1558
  13.000   1.5965   0.07575   0.06471  -0.0689   0.2594   0.9979  30.6889 159.2242
  13.000   1.5965   0.07575   0.06471  -0.0689   0.2594   0.9979  30.6889 159.2243
  13.000   1.5965   0.07575   0.06471  -0.0689   0.2594   0.9979  30.6889 159.2243
  13.000   1.5965   0.07575   0.06471  -0.0689   0.2594   0.9979  30.6889 159.2243
  13.000   1.5965   0.07575   0.06471  -0.0689   0.2594   0.9979  30.6889 159.2243
  14.000   1.7146   0.07636   0.06303  -0.0776   0.2411   1.0010  31.7411 160.0000
  14.000   1.7146   0.07636   0.06303  -0.0776   0.2411   1.0010  31.7411 160.0000
  14.000   1.7146   0.07636   0.06303  -0.0776   0.2411   1.0010  31.7411 160.0000
  14.000   1.7146   0.07636   0.06303  -0.0776   0.2411   1.0010  31.7411 160.0000
  14.000   1.7146   0.07636   0.06303  -0.0776   0.2411   1.0010  31.7411 160.0000
  15.000   1.7466   0.07952   0.06375  -0.0675   0.2264   1.0010  32.6359 160.0000
  15.000   1.7466   0.07952   0.06375  -0.0675   0.2264   1.0010  32.6359 160.0000
  15.000   1.7466   0.07952   0.06375  -0.0675   0.2264   1.0010  32.6359 160.0000
  15.000   1.7466   0.07952   0.06375  -0.0675   0.2264   1.0010  32.6359 160.0000
  15.000   1.7466   0.07952   0.06375  -0.0675   0.2264   1.0010  32.6359 160.0000
  16.000   1.6795   0.09269   0.07569  -0.0430   0.2140   1.0010  33.4298 160.0000
  16.000   1.6795   0.09269   0.07569  -0.0430   0.2140   1.0010  33.4298 160.0000
  16.000   1.6795   0.09269   0.07569  -0.0430   0.2140   1.0010  33.4298 160.0000
  16.000   1.6795   0.09269   0.07569  -0.0430   0.2140   1.0010  33.4298 160.0000
  16.000   1.6795   0.09269   0.07569  -0.0430   0.2140   1.0010  33.4298 160.0000
  17.000   1.6558   0.10512   0.08781  -0.0330   0.2006   1.0010  34.3277 160.0000
  17.000   1.6558   0.10512   0.08781  -0.0330   0.2006   1.0010  34.3277 160.0000
  17.000   1.6558   0.10512   0.08781  -0.0330   0.2006   1.0010  34.3277 160.0000
  17.000   1.6558   0.10512   0.08781  -0.0330   0.2006   1.0010  34.3277 160.0000
  17.000   1.6558   0.10512   0.08781  -0.0330   0.2006   1.0010  34.3277 160.0000
  18.000   1.6428   0.11699   0.10080  -0.0277   0.1883   1.0010  35.1938 160.0000
  18.000   1.6428   0.11699   0.10080  -0.0277   0.1883   1.0010  35.1938 160.0000
  18.000   1.6428   0.11699   0.10080  -0.0277   0.1883   1.0010  35.1938 160.0000
  18.000   1.6428   0.11699   0.10080  -0.0277   0.1883   1.0010  35.1938 160.0000
  18.000   1.6428   0.11699   0.10080  -0.0277   0.1883   1.0010  35.1938 160.0000
  19.000   1.6399   0.12818   0.11431  -0.0257   0.1770   1.0010  36.0340 160.0000
  19.000   1.6399   0.12818   0.11431  -0.0257   0.1770   1.0010  36.0340 160.0000
  19.000   1.6399   0.12818   0.11431  -0.0257   0.1770   1.0010  36.0340 160.0000
  19.000   1.6399   0.12818   0.11431  -0.0257   0.1770   1.0010  36.0340 160.0000
  19.000   1.6399   0.12818   0.11431  -0.0257   0.1770   1.0010  36.0340 160.0000
