  
       XFOIL         Version 6.99
  
 Calculated polar for: AH 93-W-480B                                    
  
 1 1 Reynolds number fixed          Mach number fixed         
  
 xtrf =   1.000 (top)        1.000 (bottom)  
 Mach =   0.000     Re =     0.400 e 6     Ncrit =   9.000  9.000
  
   alpha    CL        CD       CDp       CM     Top_Xtr  Bot_Xtr  Top_Itr  Bot_Itr
  ------ -------- --------- --------- -------- -------- -------- -------- --------
   0.000  -0.4748   0.05198   0.05329   0.1719   0.5775   0.7410  17.7029 133.4026
   0.000  -0.4748   0.05198   0.05329   0.1719   0.5775   0.7410  17.7028 133.4028
   0.000  -0.4748   0.05198   0.05329   0.1719   0.5775   0.7410  17.7028 133.4028
   0.000  -0.4748   0.05198   0.05329   0.1719   0.5775   0.7410  17.7028 133.4028
   0.000  -0.4748   0.05198   0.05329   0.1719   0.5775   0.7410  17.7028 133.4028
   1.000  -0.3397   0.05166   0.05354   0.1598   0.5491   0.7691  18.5957 134.4957
   1.000  -0.3397   0.05166   0.05354   0.1598   0.5491   0.7691  18.5959 134.4957
   1.000  -0.3397   0.05166   0.05354   0.1598   0.5491   0.7691  18.5959 134.4957
   1.000  -0.3397   0.05166   0.05354   0.1598   0.5491   0.7691  18.5959 134.4957
   1.000  -0.3397   0.05166   0.05354   0.1598   0.5491   0.7691  18.5959 134.4957
   2.000  -0.2038   0.05140   0.05364   0.1476   0.5212   0.7994  19.5090 135.7276
   2.000  -0.2038   0.05140   0.05364   0.1476   0.5213   0.7994  19.5089 135.7278
   2.000  -0.2038   0.05140   0.05364   0.1476   0.5213   0.7994  19.5089 135.7278
   2.000  -0.2038   0.05140   0.05364   0.1476   0.5213   0.7994  19.5089 135.7278
   2.000  -0.2038   0.05140   0.05364   0.1476   0.5213   0.7994  19.5089 135.7278
   3.000  -0.0623   0.05146   0.05377   0.1338   0.4936   0.8308  20.4553 137.1242
   3.000  -0.0623   0.05146   0.05377   0.1338   0.4936   0.8308  20.4553 137.1242
   3.000  -0.0623   0.05146   0.05377   0.1338   0.4936   0.8308  20.4553 137.1242
   3.000  -0.0623   0.05146   0.05377   0.1338   0.4936   0.8308  20.4553 137.1242
   3.000  -0.0623   0.05146   0.05377   0.1338   0.4936   0.8308  20.4553 137.1242
   4.000   0.0945   0.05244   0.05438   0.1158   0.4658   0.8657  21.4518 138.9586
   4.000   0.0945   0.05244   0.05438   0.1158   0.4658   0.8657  21.4518 138.9586
   4.000   0.0945   0.05244   0.05438   0.1158   0.4658   0.8657  21.4518 138.9586
   4.000   0.0945   0.05244   0.05438   0.1158   0.4658   0.8657  21.4518 138.9586
   4.000   0.0945   0.05244   0.05438   0.1158   0.4658   0.8657  21.4518 138.9586
   5.000   0.2875   0.05541   0.05614   0.0878   0.4360   0.8919  22.5713 140.7158
   5.000   0.2875   0.05541   0.05614   0.0878   0.4360   0.8919  22.5713 140.7158
   5.000   0.2875   0.05541   0.05614   0.0878   0.4360   0.8919  22.5713 140.7158
   5.000   0.2875   0.05541   0.05614   0.0878   0.4360   0.8919  22.5713 140.7158
   5.000   0.2875   0.05541   0.05614   0.0878   0.4360   0.8919  22.5713 140.7158
   6.000   0.4848   0.05877   0.05813   0.0587   0.4064   0.9101  23.7441 142.2372
   6.000   0.4848   0.05877   0.05813   0.0587   0.4064   0.9101  23.7441 142.2372
   6.000   0.4848   0.05877   0.05813   0.0587   0.4064   0.9101  23.7441 142.2372
   6.000   0.4848   0.05877   0.05813   0.0587   0.4064   0.9101  23.7441 142.2372
   6.000   0.4848   0.05877   0.05813   0.0587   0.4064   0.9101  23.7441 142.2372
   7.000   0.6662   0.06149   0.05948   0.0344   0.3761   0.9222  25.0023 143.4516
   7.000   0.6662   0.06149   0.05948   0.0344   0.3761   0.9222  25.0022 143.4528
   7.000   0.6662   0.06149   0.05948   0.0344   0.3761   0.9222  25.0022 143.4528
   7.000   0.6662   0.06149   0.05948   0.0344   0.3761   0.9222  25.0022 143.4528
   7.000   0.6662   0.06149   0.05948   0.0344   0.3761   0.9222  25.0022 143.4528
   8.000   0.8302   0.06339   0.06028   0.0150   0.3500   0.9345  26.1547 144.8790
   8.000   0.8302   0.06340   0.06028   0.0150   0.3500   0.9345  26.1546 144.8809
   8.000   0.8302   0.06340   0.06028   0.0150   0.3500   0.9345  26.1546 144.8810
   8.000   0.8302   0.06340   0.06028   0.0150   0.3500   0.9345  26.1546 144.8810
   8.000   0.8302   0.06340   0.06028   0.0150   0.3500   0.9345  26.1546 144.8810
  10.000   1.1135   0.06771   0.06255  -0.0127   0.3062   0.9753  28.2257 152.0878
  10.000   1.1135   0.06771   0.06255  -0.0127   0.3062   0.9753  28.2257 152.0879
  10.000   1.1135   0.06771   0.06255  -0.0127   0.3062   0.9753  28.2257 152.0879
  10.000   1.1135   0.06771   0.06255  -0.0127   0.3062   0.9753  28.2257 152.0879
  10.000   1.1135   0.06771   0.06255  -0.0127   0.3062   0.9753  28.2257 152.0879
  11.000   1.2691   0.06961   0.06303  -0.0301   0.2859   0.9837  29.2562 154.0902
  11.000   1.2691   0.06961   0.06303  -0.0301   0.2859   0.9837  29.2562 154.0906
  11.000   1.2691   0.06961   0.06303  -0.0301   0.2859   0.9837  29.2562 154.0906
  11.000   1.2691   0.06961   0.06303  -0.0301   0.2859   0.9837  29.2562 154.0906
  11.000   1.2691   0.06961   0.06303  -0.0301   0.2859   0.9837  29.2562 154.0906
  12.000   1.4260   0.07128   0.06307  -0.0477   0.2666   0.9919  30.2858 156.1712
  12.000   1.4260   0.07128   0.06307  -0.0477   0.2666   0.9919  30.2858 156.1714
  12.000   1.4260   0.07128   0.06307  -0.0477   0.2666   0.9919  30.2858 156.1714
  12.000   1.4260   0.07128   0.06307  -0.0477   0.2666   0.9919  30.2858 156.1714
  12.000   1.4260   0.07128   0.06307  -0.0477   0.2666   0.9919  30.2858 156.1714
  13.000   1.5788   0.07276   0.06264  -0.0643   0.2478   0.9968  31.3503 158.3699
  13.000   1.5788   0.07276   0.06264  -0.0643   0.2478   0.9968  31.3503 158.3704
  13.000   1.5788   0.07276   0.06264  -0.0643   0.2478   0.9968  31.3503 158.3704
  13.000   1.5788   0.07276   0.06264  -0.0643   0.2478   0.9968  31.3503 158.3704
  13.000   1.5788   0.07276   0.06264  -0.0643   0.2478   0.9968  31.3503 158.3704
  14.000   1.7036   0.07329   0.06091  -0.0742   0.2303   0.9986  32.3973 159.4559
  14.000   1.7036   0.07329   0.06091  -0.0742   0.2303   0.9986  32.3973 159.4560
  14.000   1.7036   0.07329   0.06091  -0.0742   0.2303   0.9986  32.3973 159.4560
  14.000   1.7036   0.07329   0.06091  -0.0742   0.2303   0.9986  32.3973 159.4560
  14.000   1.7036   0.07329   0.06091  -0.0742   0.2303   0.9986  32.3973 159.4560
  15.000   1.7931   0.07562   0.06064  -0.0766   0.2137   1.0010  33.4523 160.0000
  15.000   1.7931   0.07562   0.06064  -0.0766   0.2137   1.0010  33.4521 160.0000
  15.000   1.7931   0.07562   0.06064  -0.0766   0.2137   1.0010  33.4521 160.0000
  15.000   1.7931   0.07562   0.06064  -0.0766   0.2137   1.0010  33.4521 160.0000
  15.000   1.7931   0.07562   0.06064  -0.0766   0.2137   1.0010  33.4521 160.0000
  16.000   1.7238   0.08857   0.07169  -0.0500   0.2017   1.0010  34.2516 160.0000
  16.000   1.7238   0.08857   0.07169  -0.0500   0.2017   1.0010  34.2516 160.0000
  16.000   1.7238   0.08857   0.07169  -0.0500   0.2017   1.0010  34.2516 160.0000
  16.000   1.7238   0.08857   0.07169  -0.0500   0.2017   1.0010  34.2516 160.0000
  16.000   1.7238   0.08857   0.07169  -0.0500   0.2017   1.0010  34.2516 160.0000
  17.000   1.6894   0.10224   0.08453  -0.0381   0.1890   1.0010  35.1454 160.0000
  17.000   1.6894   0.10224   0.08453  -0.0381   0.1890   1.0010  35.1454 160.0000
  17.000   1.6894   0.10224   0.08453  -0.0381   0.1890   1.0010  35.1454 160.0000
  17.000   1.6894   0.10224   0.08453  -0.0381   0.1890   1.0010  35.1454 160.0000
  17.000   1.6894   0.10224   0.08453  -0.0381   0.1890   1.0010  35.1454 160.0000
  18.000   1.6628   0.11584   0.09909  -0.0315   0.1768   1.0010  36.0473 160.0000
  18.000   1.6629   0.11584   0.09909  -0.0315   0.1768   1.0010  36.0473 160.0000
  18.000   1.6629   0.11584   0.09909  -0.0315   0.1768   1.0010  36.0473 160.0000
  18.000   1.6629   0.11584   0.09909  -0.0315   0.1768   1.0010  36.0473 160.0000
  18.000   1.6629   0.11584   0.09909  -0.0315   0.1768   1.0010  36.0473 160.0000
  19.000   1.6516   0.12839   0.11406  -0.0291   0.1660   1.0010  36.8893 160.0000
  19.000   1.6516   0.12839   0.11406  -0.0291   0.1660   1.0010  36.8893 160.0000
  19.000   1.6516   0.12839   0.11406  -0.0291   0.1660   1.0010  36.8893 160.0000
  19.000   1.6516   0.12839   0.11406  -0.0291   0.1660   1.0010  36.8893 160.0000
  19.000   1.6516   0.12839   0.11406  -0.0291   0.1660   1.0010  36.8893 160.0000
