  
       XFOIL         Version 6.99
  
 Calculated polar for: AH 93-W-480B                                    
  
 1 1 Reynolds number fixed          Mach number fixed         
  
 xtrf =   1.000 (top)        1.000 (bottom)  
 Mach =   0.000     Re =     0.425 e 6     Ncrit =   9.000  9.000
  
   alpha    CL        CD       CDp       CM     Top_Xtr  Bot_Xtr  Top_Itr  Bot_Itr
  ------ -------- --------- --------- -------- -------- -------- -------- --------
   0.000  -0.4716   0.05209   0.05349   0.1709   0.5725   0.7362  17.8551 133.2191
   0.000  -0.4716   0.05209   0.05349   0.1709   0.5725   0.7363  17.8551 133.2192
   0.000  -0.4716   0.05209   0.05349   0.1709   0.5725   0.7363  17.8551 133.2192
   0.000  -0.4716   0.05209   0.05349   0.1709   0.5725   0.7363  17.8551 133.2192
   0.000  -0.4716   0.05209   0.05349   0.1709   0.5725   0.7363  17.8551 133.2192
   1.000  -0.3363   0.05178   0.05379   0.1588   0.5447   0.7643  18.7352 134.3056
   1.000  -0.3363   0.05178   0.05379   0.1588   0.5447   0.7643  18.7352 134.3057
   1.000  -0.3363   0.05178   0.05379   0.1588   0.5447   0.7643  18.7352 134.3057
   1.000  -0.3363   0.05178   0.05379   0.1588   0.5447   0.7643  18.7352 134.3057
   1.000  -0.3363   0.05178   0.05379   0.1588   0.5447   0.7643  18.7352 134.3057
   2.000  -0.1982   0.05163   0.05400   0.1459   0.5170   0.7937  19.6521 135.4915
   2.000  -0.1982   0.05163   0.05400   0.1459   0.5170   0.7937  19.6522 135.4915
   2.000  -0.1982   0.05163   0.05400   0.1459   0.5170   0.7937  19.6522 135.4915
   2.000  -0.1982   0.05163   0.05400   0.1459   0.5170   0.7937  19.6522 135.4915
   2.000  -0.1982   0.05163   0.05400   0.1459   0.5170   0.7937  19.6522 135.4915
   3.000  -0.0596   0.05152   0.05401   0.1330   0.4897   0.8256  20.5928 136.8769
   3.000  -0.0596   0.05152   0.05401   0.1330   0.4897   0.8256  20.5928 136.8769
   3.000  -0.0596   0.05152   0.05401   0.1330   0.4897   0.8256  20.5928 136.8769
   3.000  -0.0596   0.05152   0.05401   0.1330   0.4897   0.8256  20.5928 136.8769
   3.000  -0.0596   0.05152   0.05401   0.1330   0.4897   0.8256  20.5928 136.8769
   4.000   0.0969   0.05247   0.05463   0.1150   0.4619   0.8592  21.5953 138.5957
   4.000   0.0969   0.05247   0.05463   0.1150   0.4619   0.8592  21.5953 138.5957
   4.000   0.0969   0.05247   0.05463   0.1150   0.4619   0.8592  21.5953 138.5957
   4.000   0.0969   0.05247   0.05463   0.1150   0.4619   0.8592  21.5953 138.5957
   4.000   0.0969   0.05247   0.05463   0.1150   0.4619   0.8592  21.5953 138.5957
   5.000   0.2803   0.05491   0.05599   0.0897   0.4327   0.8883  22.6978 140.4545
   5.000   0.2803   0.05491   0.05599   0.0897   0.4327   0.8883  22.6978 140.4550
   5.000   0.2803   0.05491   0.05599   0.0897   0.4327   0.8883  22.6978 140.4550
   5.000   0.2803   0.05491   0.05599   0.0897   0.4327   0.8883  22.6978 140.4550
   5.000   0.2803   0.05491   0.05599   0.0897   0.4327   0.8883  22.6978 140.4550
   6.000   0.4772   0.05823   0.05789   0.0607   0.4029   0.9087  23.8820 142.1026
   6.000   0.4772   0.05823   0.05789   0.0607   0.4029   0.9086  23.8820 142.1024
   6.000   0.4772   0.05823   0.05789   0.0607   0.4029   0.9086  23.8820 142.1024
   6.000   0.4772   0.05823   0.05789   0.0607   0.4029   0.9086  23.8820 142.1024
   6.000   0.4772   0.05823   0.05789   0.0607   0.4029   0.9086  23.8820 142.1024
   7.000   0.6622   0.06105   0.05942   0.0353   0.3736   0.9211  25.1098 143.3411
   7.000   0.6622   0.06105   0.05942   0.0353   0.3736   0.9211  25.1098 143.3411
   7.000   0.6622   0.06105   0.05942   0.0353   0.3736   0.9211  25.1098 143.3411
   7.000   0.6622   0.06105   0.05942   0.0353   0.3736   0.9211  25.1098 143.3411
   7.000   0.6622   0.06105   0.05942   0.0353   0.3736   0.9211  25.1098 143.3411
  10.000   1.1103   0.06715   0.06228  -0.0120   0.3033   0.9753  28.3694 152.0974
  10.000   1.1103   0.06715   0.06228  -0.0120   0.3033   0.9753  28.3694 152.0976
  10.000   1.1103   0.06715   0.06228  -0.0120   0.3033   0.9753  28.3694 152.0976
  10.000   1.1103   0.06715   0.06228  -0.0120   0.3033   0.9753  28.3694 152.0976
  10.000   1.1103   0.06715   0.06228  -0.0120   0.3033   0.9753  28.3694 152.0976
  11.000   1.2658   0.06904   0.06274  -0.0293   0.2832   0.9836  29.4006 154.0729
  11.000   1.2658   0.06904   0.06274  -0.0293   0.2832   0.9836  29.4006 154.0738
  11.000   1.2658   0.06904   0.06274  -0.0293   0.2832   0.9836  29.4006 154.0738
  11.000   1.2658   0.06904   0.06274  -0.0293   0.2832   0.9836  29.4006 154.0738
  11.000   1.2658   0.06904   0.06274  -0.0293   0.2832   0.9836  29.4006 154.0738
  12.000   1.4226   0.07073   0.06278  -0.0469   0.2641   0.9917  30.4248 156.1210
  12.000   1.4226   0.07073   0.06278  -0.0469   0.2641   0.9917  30.4248 156.1211
  12.000   1.4226   0.07073   0.06278  -0.0469   0.2641   0.9917  30.4248 156.1211
  12.000   1.4226   0.07073   0.06278  -0.0469   0.2641   0.9917  30.4248 156.1211
  12.000   1.4226   0.07073   0.06278  -0.0469   0.2641   0.9917  30.4248 156.1211
  13.000   1.5751   0.07218   0.06232  -0.0634   0.2454   0.9967  31.4922 158.2613
  13.000   1.5751   0.07218   0.06232  -0.0634   0.2454   0.9967  31.4922 158.2616
  13.000   1.5751   0.07218   0.06232  -0.0634   0.2454   0.9967  31.4922 158.2616
  13.000   1.5751   0.07218   0.06232  -0.0634   0.2454   0.9967  31.4922 158.2616
  13.000   1.5751   0.07218   0.06232  -0.0634   0.2454   0.9967  31.4922 158.2616
  14.000   1.7004   0.07272   0.06058  -0.0733   0.2280   0.9983  32.5362 159.3485
  14.000   1.7004   0.07272   0.06058  -0.0733   0.2280   0.9983  32.5362 159.3486
  14.000   1.7004   0.07272   0.06058  -0.0733   0.2280   0.9983  32.5362 159.3486
  14.000   1.7004   0.07272   0.06058  -0.0733   0.2280   0.9983  32.5362 159.3486
  14.000   1.7004   0.07272   0.06058  -0.0733   0.2280   0.9983  32.5362 159.3486
  15.000   1.8025   0.07485   0.06007  -0.0784   0.2110   1.0010  33.6306 160.0000
  15.000   1.8025   0.07485   0.06007  -0.0784   0.2110   1.0010  33.6306 160.0000
  15.000   1.8025   0.07485   0.06007  -0.0784   0.2110   1.0010  33.6306 160.0000
  15.000   1.8025   0.07485   0.06007  -0.0784   0.2110   1.0010  33.6306 160.0000
  15.000   1.8025   0.07485   0.06007  -0.0784   0.2110   1.0010  33.6306 160.0000
  16.000   1.7410   0.08696   0.07012  -0.0526   0.1990   1.0010  34.4399 160.0000
  16.000   1.7410   0.08696   0.07012  -0.0526   0.1990   1.0010  34.4400 160.0000
  16.000   1.7410   0.08696   0.07012  -0.0526   0.1990   1.0010  34.4400 160.0000
  16.000   1.7410   0.08696   0.07012  -0.0526   0.1990   1.0010  34.4400 160.0000
  16.000   1.7410   0.08696   0.07012  -0.0526   0.1990   1.0010  34.4400 160.0000
  17.000   1.7039   0.10086   0.08300  -0.0399   0.1865   1.0010  35.3250 160.0000
  17.000   1.7039   0.10086   0.08300  -0.0399   0.1865   1.0010  35.3249 160.0000
  17.000   1.7039   0.10086   0.08300  -0.0399   0.1865   1.0010  35.3249 160.0000
  17.000   1.7039   0.10086   0.08300  -0.0399   0.1865   1.0010  35.3249 160.0000
  17.000   1.7039   0.10086   0.08300  -0.0399   0.1865   1.0010  35.3249 160.0000
  18.000   1.6766   0.11457   0.09743  -0.0330   0.1747   1.0010  36.2149 160.0000
  18.000   1.6766   0.11457   0.09743  -0.0330   0.1747   1.0010  36.2149 160.0000
  18.000   1.6766   0.11457   0.09743  -0.0330   0.1747   1.0010  36.2149 160.0000
  18.000   1.6766   0.11457   0.09743  -0.0330   0.1747   1.0010  36.2149 160.0000
  18.000   1.6766   0.11457   0.09743  -0.0330   0.1747   1.0010  36.2149 160.0000
  19.000   1.6577   0.12789   0.11332  -0.0299   0.1639   1.0010  37.0629 160.0000
  19.000   1.6577   0.12789   0.11332  -0.0299   0.1639   1.0010  37.0629 160.0000
  19.000   1.6577   0.12789   0.11332  -0.0299   0.1639   1.0010  37.0629 160.0000
  19.000   1.6577   0.12789   0.11332  -0.0299   0.1639   1.0010  37.0629 160.0000
  19.000   1.6577   0.12789   0.11332  -0.0299   0.1639   1.0010  37.0629 160.0000
