xflr5 v6.61

 Calculated polar for: S1223

 1 1 Reynolds number fixed          Mach number fixed         

 xtrf =   1.000 (top)        1.000 (bottom)
 Mach =   0.000     Re =     0.160 e 6     Ncrit =   9.000

  alpha     CL        CD       CDp       Cm    Top Xtr Bot Xtr   Cpmin    Chinge    XCp    
 ------- -------- --------- --------- -------- ------- ------- -------- --------- ---------
   0.000   1.1879   0.01921   0.01039  -0.2716  0.5004  0.2881  -1.4836   0.0000   0.0000   0.0000   0.4764
   0.100   1.1979   0.01956   0.01070  -0.2713  0.4974  0.3118  -1.4948   0.0000   0.0000   0.0000   0.4740
   0.200   1.2104   0.01985   0.01098  -0.2715  0.4940  0.3310  -1.5086   0.0000   0.0000   0.0000   0.4717
   0.300   1.2227   0.02033   0.01145  -0.2716  0.4904  0.3507  -1.5219   0.0000   0.0000   0.0000   0.4694
   0.400   1.2323   0.02048   0.01162  -0.2712  0.4890  0.3647  -1.5335   0.0000   0.0000   0.0000   0.4671
   0.500   1.2427   0.02053   0.01174  -0.2710  0.4874  0.3754  -1.5456   0.0000   0.0000   0.0000   0.4650
   0.600   1.2538   0.02061   0.01183  -0.2709  0.4857  0.3808  -1.5581   0.0000   0.0000   0.0000   0.4628
   0.700   1.2653   0.02069   0.01191  -0.2709  0.4839  0.3861  -1.5708   0.0000   0.0000   0.0000   0.4607
   0.800   1.2772   0.02078   0.01198  -0.2710  0.4820  0.3911  -1.5838   0.0000   0.0000   0.0000   0.4586
   0.900   1.2892   0.02088   0.01205  -0.2711  0.4800  0.3961  -1.5970   0.0000   0.0000   0.0000   0.4566
   1.000   1.3011   0.02099   0.01213  -0.2712  0.4781  0.4010  -1.6101   0.0000   0.0000   0.0000   0.4546
   1.100   1.3130   0.02112   0.01222  -0.2713  0.4762  0.4049  -1.6232   0.0000   0.0000   0.0000   0.4526
   1.200   1.3266   0.02113   0.01223  -0.2719  0.4743  0.4124  -1.6376   0.0000   0.0000   0.0000   0.4507
   1.300   1.3389   0.02120   0.01232  -0.2721  0.4724  0.4183  -1.6511   0.0000   0.0000   0.0000   0.4488
   1.400   1.3510   0.02131   0.01241  -0.2723  0.4706  0.4242  -1.6645   0.0000   0.0000   0.0000   0.4469
   1.500   1.3630   0.02142   0.01252  -0.2724  0.4689  0.4306  -1.6779   0.0000   0.0000   0.0000   0.4451
   1.600   1.3751   0.02154   0.01262  -0.2726  0.4672  0.4376  -1.6914   0.0000   0.0000   0.0000   0.4433
   1.700   1.3874   0.02168   0.01272  -0.2728  0.4655  0.4447  -1.7050   0.0000   0.0000   0.0000   0.4415
   1.900   1.4136   0.02195   0.01300  -0.2736  0.4621  0.4623  -1.7335   0.0000   0.0000   0.0000   0.4381
   2.000   1.4266   0.02213   0.01318  -0.2740  0.4603  0.4721  -1.7475   0.0000   0.0000   0.0000   0.4365
   2.100   1.4400   0.02237   0.01339  -0.2744  0.4584  0.4829  -1.7617   0.0000   0.0000   0.0000   0.4348
   2.200   1.4541   0.02270   0.01366  -0.2751  0.4562  0.4945  -1.7762   0.0000   0.0000   0.0000   0.4333
   2.300   1.4696   0.02313   0.01411  -0.2761  0.4535  0.5090  -1.7911   0.0000   0.0000   0.0000   0.4318
   2.400   1.4804   0.02320   0.01424  -0.2760  0.4526  0.5231  -1.8036   0.0000   0.0000   0.0000   0.4302
   2.500   1.4910   0.02329   0.01435  -0.2758  0.4516  0.5387  -1.8160   0.0000   0.0000   0.0000   0.4286
   2.600   1.5018   0.02336   0.01448  -0.2757  0.4504  0.5555  -1.8285   0.0000   0.0000   0.0000   0.4270
   2.700   1.5123   0.02344   0.01464  -0.2755  0.4491  0.5744  -1.8409   0.0000   0.0000   0.0000   0.4254
   2.900   1.5336   0.02364   0.01497  -0.2752  0.4465  0.6180  -1.8655   0.0000   0.0000   0.0000   0.4224
   3.000   1.5444   0.02377   0.01514  -0.2751  0.4452  0.6441  -1.8778   0.0000   0.0000   0.0000   0.4209
   3.100   1.5542   0.02387   0.01532  -0.2748  0.4439  0.6735  -1.8894   0.0000   0.0000   0.0000   0.4194
   3.200   1.5638   0.02397   0.01550  -0.2744  0.4427  0.7072  -1.9009   0.0000   0.0000   0.0000   0.4179
   3.300   1.5726   0.02405   0.01567  -0.2738  0.4414  0.7484  -1.9127   0.0000   0.0000   0.0000   0.4164
   3.400   1.5790   0.02408   0.01580  -0.2727  0.4402  0.8023  -1.9232   0.0000   0.0000   0.0000   0.4148
   3.500   1.5784   0.02395   0.01578  -0.2701  0.4393  0.9111  -1.9278   0.0000   0.0000   0.0000   0.4130
   3.600   1.5886   0.02408   0.01590  -0.2699  0.4380  1.0000  -1.9412   0.0000   0.0000   0.0000   0.4116
   3.700   1.6002   0.02429   0.01607  -0.2700  0.4367  1.0000  -1.9558   0.0000   0.0000   0.0000   0.4103
   3.800   1.6115   0.02449   0.01625  -0.2701  0.4354  1.0000  -1.9703   0.0000   0.0000   0.0000   0.4090
   3.900   1.6227   0.02470   0.01643  -0.2701  0.4341  1.0000  -1.9847   0.0000   0.0000   0.0000   0.4077
   4.000   1.6338   0.02490   0.01661  -0.2701  0.4329  1.0000  -1.9991   0.0000   0.0000   0.0000   0.4064
   4.100   1.6448   0.02511   0.01679  -0.2701  0.4316  1.0000  -2.0135   0.0000   0.0000   0.0000   0.4051
   4.200   1.6558   0.02532   0.01698  -0.2701  0.4304  1.0000  -2.0279   0.0000   0.0000   0.0000   0.4038
   4.300   1.6668   0.02554   0.01718  -0.2701  0.4293  1.0000  -2.0423   0.0000   0.0000   0.0000   0.4026
   4.400   1.6779   0.02576   0.01746  -0.2701  0.4281  1.0000  -2.0568   0.0000   0.0000   0.0000   0.4013
   4.500   1.6889   0.02599   0.01767  -0.2701  0.4269  1.0000  -2.0725   0.0000   0.0000   0.0000   0.4001
   4.600   1.7000   0.02624   0.01790  -0.2701  0.4257  1.0000  -2.0887   0.0000   0.0000   0.0000   0.3989
   4.700   1.7111   0.02652   0.01815  -0.2702  0.4246  1.0000  -2.1048   0.0000   0.0000   0.0000   0.3977
   4.800   1.7224   0.02683   0.01843  -0.2703  0.4233  1.0000  -2.1211   0.0000   0.0000   0.0000   0.3965
   4.900   1.7336   0.02719   0.01877  -0.2704  0.4219  1.0000  -2.1371   0.0000   0.0000   0.0000   0.3954
   5.000   1.7450   0.02767   0.01923  -0.2705  0.4203  1.0000  -2.1530   0.0000   0.0000   0.0000   0.3943
   5.100   1.7563   0.02840   0.01996  -0.2708  0.4181  1.0000  -2.1680   0.0000   0.0000   0.0000   0.3933
   5.200   1.7658   0.02883   0.02042  -0.2706  0.4168  1.0000  -2.1821   0.0000   0.0000   0.0000   0.3922
   5.300   1.7749   0.02896   0.02058  -0.2702  0.4161  1.0000  -2.1976   0.0000   0.0000   0.0000   0.3910
   5.400   1.7838   0.02911   0.02075  -0.2697  0.4152  1.0000  -2.2137   0.0000   0.0000   0.0000   0.3898
   5.500   1.7928   0.02929   0.02096  -0.2693  0.4143  1.0000  -2.2297   0.0000   0.0000   0.0000   0.3886
   5.600   1.8018   0.02949   0.02119  -0.2689  0.4134  1.0000  -2.2457   0.0000   0.0000   0.0000   0.3875
   5.700   1.8108   0.02972   0.02145  -0.2685  0.4124  1.0000  -2.2626   0.0000   0.0000   0.0000   0.3863
   5.800   1.8198   0.02996   0.02172  -0.2681  0.4115  1.0000  -2.2803   0.0000   0.0000   0.0000   0.3852
   5.900   1.8288   0.03021   0.02200  -0.2677  0.4104  1.0000  -2.2980   0.0000   0.0000   0.0000   0.3841
   6.000   1.8375   0.03046   0.02229  -0.2673  0.4094  1.0000  -2.3154   0.0000   0.0000   0.0000   0.3830
   6.100   1.8462   0.03072   0.02258  -0.2668  0.4082  1.0000  -2.3329   0.0000   0.0000   0.0000   0.3819
   6.200   1.8548   0.03097   0.02286  -0.2664  0.4070  1.0000  -2.3503   0.0000   0.0000   0.0000   0.3808
   6.300   1.8633   0.03121   0.02312  -0.2659  0.4057  1.0000  -2.3678   0.0000   0.0000   0.0000   0.3797
   6.400   1.8718   0.03143   0.02337  -0.2654  0.4042  1.0000  -2.3855   0.0000   0.0000   0.0000   0.3786
   6.500   1.8803   0.03165   0.02361  -0.2649  0.4028  1.0000  -2.4032   0.0000   0.0000   0.0000   0.3775
   6.600   1.8889   0.03187   0.02384  -0.2645  0.4013  1.0000  -2.4212   0.0000   0.0000   0.0000   0.3764
   6.700   1.8976   0.03207   0.02407  -0.2640  0.3999  1.0000  -2.4393   0.0000   0.0000   0.0000   0.3753
   6.800   1.9065   0.03229   0.02429  -0.2636  0.3985  1.0000  -2.4590   0.0000   0.0000   0.0000   0.3743
   6.900   1.9155   0.03251   0.02452  -0.2632  0.3972  1.0000  -2.4795   0.0000   0.0000   0.0000   0.3732
   7.000   1.9246   0.03275   0.02477  -0.2628  0.3960  1.0000  -2.5002   0.0000   0.0000   0.0000   0.3722
   7.100   1.9338   0.03298   0.02501  -0.2625  0.3947  1.0000  -2.5218   0.0000   0.0000   0.0000   0.3712
   7.200   1.9432   0.03319   0.02540  -0.2622  0.3935  1.0000  -2.5454   0.0000   0.0000   0.0000   0.3701
   7.300   1.9528   0.03340   0.02561  -0.2619  0.3922  1.0000  -2.5695   0.0000   0.0000   0.0000   0.3691
   7.400   1.9625   0.03360   0.02581  -0.2617  0.3908  1.0000  -2.5939   0.0000   0.0000   0.0000   0.3682
   7.500   1.9725   0.03383   0.02602  -0.2615  0.3894  1.0000  -2.6187   0.0000   0.0000   0.0000   0.3672
   7.600   1.9826   0.03413   0.02630  -0.2614  0.3879  1.0000  -2.6436   0.0000   0.0000   0.0000   0.3662
   7.700   1.9926   0.03455   0.02671  -0.2613  0.3862  1.0000  -2.6704   0.0000   0.0000   0.0000   0.3653
   7.800   2.0019   0.03528   0.02745  -0.2612  0.3841  1.0000  -2.7032   0.0000   0.0000   0.0000   0.3645
   7.900   2.0085   0.03645   0.02868  -0.2607  0.3818  1.0000  -2.7308   0.0000   0.0000   0.0000   0.3636
   8.000   2.0150   0.03658   0.02887  -0.2598  0.3811  1.0000  -2.7601   0.0000   0.0000   0.0000   0.3626
   8.100   2.0213   0.03674   0.02908  -0.2589  0.3802  1.0000  -2.7891   0.0000   0.0000   0.0000   0.3615
   8.200   2.0274   0.03691   0.02932  -0.2580  0.3792  1.0000  -2.8178   0.0000   0.0000   0.0000   0.3605
   8.300   2.0332   0.03711   0.02958  -0.2570  0.3780  1.0000  -2.8463   0.0000   0.0000   0.0000   0.3595
   8.400   2.0390   0.03733   0.02986  -0.2560  0.3768  1.0000  -2.8747   0.0000   0.0000   0.0000   0.3584
   8.500   2.0448   0.03758   0.03016  -0.2551  0.3754  1.0000  -2.9031   0.0000   0.0000   0.0000   0.3574
   8.600   2.0506   0.03785   0.03048  -0.2541  0.3740  1.0000  -2.9316   0.0000   0.0000   0.0000   0.3564
   8.700   2.0560   0.03814   0.03084  -0.2531  0.3727  1.0000  -2.9595   0.0000   0.0000   0.0000   0.3554
   8.800   2.0614   0.03846   0.03121  -0.2521  0.3713  1.0000  -2.9875   0.0000   0.0000   0.0000   0.3544
   8.900   2.0669   0.03875   0.03155  -0.2511  0.3698  1.0000  -3.0157   0.0000   0.0000   0.0000   0.3534
   9.000   2.0725   0.03902   0.03187  -0.2501  0.3683  1.0000  -3.0444   0.0000   0.0000   0.0000   0.3523
   9.100   2.0783   0.03926   0.03214  -0.2492  0.3667  1.0000  -3.0737   0.0000   0.0000   0.0000   0.3514
   9.200   2.0844   0.03946   0.03238  -0.2483  0.3651  1.0000  -3.1037   0.0000   0.0000   0.0000   0.3504
   9.300   2.0910   0.03963   0.03257  -0.2475  0.3635  1.0000  -3.1348   0.0000   0.0000   0.0000   0.3494
   9.400   2.0981   0.03976   0.03271  -0.2467  0.3619  1.0000  -3.1672   0.0000   0.0000   0.0000   0.3484
   9.500   2.1059   0.03984   0.03280  -0.2461  0.3603  1.0000  -3.2010   0.0000   0.0000   0.0000   0.3475
   9.600   2.1144   0.03988   0.03284  -0.2456  0.3586  1.0000  -3.2364   0.0000   0.0000   0.0000   0.3465
   9.700   2.1236   0.03992   0.03286  -0.2452  0.3570  1.0000  -3.2733   0.0000   0.0000   0.0000   0.3456
   9.800   2.1335   0.03999   0.03290  -0.2450  0.3554  1.0000  -3.3114   0.0000   0.0000   0.0000   0.3447
   9.900   2.1436   0.04014   0.03315  -0.2448  0.3536  1.0000  -3.3500   0.0000   0.0000   0.0000   0.3439
  10.000   2.1537   0.04048   0.03347  -0.2448  0.3516  1.0000  -3.3884   0.0000   0.0000   0.0000   0.3431
  10.100   2.1624   0.04151   0.03451  -0.2447  0.3487  1.0000  -3.4227   0.0000   0.0000   0.0000   0.3424
  10.200   2.1644   0.04212   0.03520  -0.2433  0.3472  1.0000  -3.4454   0.0000   0.0000   0.0000   0.3414
  10.300   2.1655   0.04230   0.03546  -0.2414  0.3462  1.0000  -3.4673   0.0000   0.0000   0.0000   0.3403
  10.400   2.1658   0.04253   0.03577  -0.2395  0.3450  1.0000  -3.4878   0.0000   0.0000   0.0000   0.3392
  10.500   2.1650   0.04281   0.03614  -0.2374  0.3438  1.0000  -3.5061   0.0000   0.0000   0.0000   0.3381
  10.600   2.1636   0.04312   0.03652  -0.2352  0.3425  1.0000  -3.5233   0.0000   0.0000   0.0000   0.3369
  10.700   2.1611   0.04347   0.03695  -0.2328  0.3410  1.0000  -3.5384   0.0000   0.0000   0.0000   0.3357
  10.800   2.1591   0.04382   0.03738  -0.2305  0.3394  1.0000  -3.5545   0.0000   0.0000   0.0000   0.3346
  10.900   2.1578   0.04416   0.03778  -0.2284  0.3377  1.0000  -3.5720   0.0000   0.0000   0.0000   0.3335
  11.000   2.1574   0.04445   0.03813  -0.2265  0.3359  1.0000  -3.5913   0.0000   0.0000   0.0000   0.3324
  11.100   2.1581   0.04469   0.03842  -0.2247  0.3340  1.0000  -3.6131   0.0000   0.0000   0.0000   0.3313
  11.200   2.1602   0.04486   0.03862  -0.2232  0.3321  1.0000  -3.6377   0.0000   0.0000   0.0000   0.3303
  11.300   2.1634   0.04495   0.03873  -0.2218  0.3301  1.0000  -3.6649   0.0000   0.0000   0.0000   0.3292
  11.400   2.1681   0.04497   0.03876  -0.2206  0.3282  1.0000  -3.6949   0.0000   0.0000   0.0000   0.3283
  11.500   2.1740   0.04492   0.03870  -0.2197  0.3262  1.0000  -3.7278   0.0000   0.0000   0.0000   0.3273
  11.600   2.1811   0.04481   0.03858  -0.2189  0.3243  1.0000  -3.7669   0.0000   0.0000   0.0000   0.3264
  11.700   2.1888   0.04471   0.03845  -0.2183  0.3223  1.0000  -3.8081   0.0000   0.0000   0.0000   0.3255
  11.800   2.1966   0.04470   0.03841  -0.2177  0.3202  1.0000  -3.8497   0.0000   0.0000   0.0000   0.3246
  11.900   2.2086   0.04482   0.03847  -0.2179  0.3175  1.0000  -3.8998   0.0000   0.0000   0.0000   0.3239
  12.000   2.2176   0.04547   0.03911  -0.2178  0.3146  1.0000  -3.9420   0.0000   0.0000   0.0000   0.3233
  12.100   2.2114   0.04600   0.03975  -0.2151  0.3137  1.0000  -3.9522   0.0000   0.0000   0.0000   0.3221
  12.200   2.2051   0.04660   0.04046  -0.2124  0.3125  1.0000  -3.9619   0.0000   0.0000   0.0000   0.3209
  12.300   2.1992   0.04724   0.04121  -0.2099  0.3112  1.0000  -3.9724   0.0000   0.0000   0.0000   0.3198
  12.400   2.1935   0.04794   0.04201  -0.2075  0.3097  1.0000  -3.9833   0.0000   0.0000   0.0000   0.3188
  12.500   2.1886   0.04864   0.04280  -0.2053  0.3080  1.0000  -3.9957   0.0000   0.0000   0.0000   0.3177
  12.600   2.1844   0.04934   0.04358  -0.2033  0.3062  1.0000  -4.0095   0.0000   0.0000   0.0000   0.3167
  12.700   2.1810   0.05001   0.04433  -0.2014  0.3044  1.0000  -4.0253   0.0000   0.0000   0.0000   0.3158
  12.800   2.1789   0.05062   0.04501  -0.1997  0.3024  1.0000  -4.0440   0.0000   0.0000   0.0000   0.3149
  12.900   2.1776   0.05118   0.04563  -0.1981  0.3005  1.0000  -4.0647   0.0000   0.0000   0.0000   0.3139
  13.000   2.1776   0.05166   0.04615  -0.1967  0.2985  1.0000  -4.0883   0.0000   0.0000   0.0000   0.3131
  13.100   2.1789   0.05204   0.04657  -0.1955  0.2966  1.0000  -4.1150   0.0000   0.0000   0.0000   0.3122
  13.200   2.1811   0.05235   0.04691  -0.1944  0.2946  1.0000  -4.1440   0.0000   0.0000   0.0000   0.3113
  13.300   2.1837   0.05263   0.04720  -0.1933  0.2927  1.0000  -4.1742   0.0000   0.0000   0.0000   0.3105
  13.400   2.1868   0.05288   0.04745  -0.1923  0.2909  1.0000  -4.2055   0.0000   0.0000   0.0000   0.3096
  13.500   2.1926   0.05296   0.04752  -0.1916  0.2888  1.0000  -4.2436   0.0000   0.0000   0.0000   0.3088
  13.600   2.2008   0.05300   0.04758  -0.1911  0.2864  1.0000  -4.2869   0.0000   0.0000   0.0000   0.3080
  13.700   2.2101   0.05320   0.04773  -0.1909  0.2834  1.0000  -4.3322   0.0000   0.0000   0.0000   0.3073
  13.800   2.2000   0.05446   0.04912  -0.1887  0.2822  1.0000  -4.3314   0.0000   0.0000   0.0000   0.3065
  13.900   2.1896   0.05583   0.05062  -0.1867  0.2807  1.0000  -4.3298   0.0000   0.0000   0.0000   0.3057


