  
       XFOIL         Version 6.99
  
 Calculated polar for: HAM-STD HS1-430 AIRFOIL                         
  
 1 1 Reynolds number fixed          Mach number fixed         
  
 xtrf =   1.000 (top)        1.000 (bottom)  
 Mach =   0.000     Re =     0.500 e 6     Ncrit =   9.000  9.000
  
   alpha    CL        CD       CDp       CM     Top_Xtr  Bot_Xtr  Top_Itr  Bot_Itr
  ------ -------- --------- --------- -------- -------- -------- -------- --------
   0.000   0.1404   0.01948   0.00485  -0.0308   0.3268   0.2651  74.7376 233.6924
   0.000   0.1404   0.01948   0.00485  -0.0308   0.3268   0.2651  74.7375 233.6925
   0.000   0.1404   0.01948   0.00485  -0.0308   0.3268   0.2651  74.7375 233.6925
   0.000   0.1404   0.01948   0.00485  -0.0308   0.3268   0.2651  74.7375 233.6925
   0.000   0.1404   0.01948   0.00485  -0.0308   0.3268   0.2651  74.7375 233.6925
   1.000   0.2074   0.02072   0.00519  -0.0233   0.2818   0.2779  78.9050 234.6176
   1.000   0.2074   0.02072   0.00519  -0.0233   0.2818   0.2779  78.9050 234.6176
   1.000   0.2074   0.02072   0.00519  -0.0233   0.2818   0.2779  78.9050 234.6177
   1.000   0.2074   0.02072   0.00519  -0.0233   0.2818   0.2779  78.9050 234.6177
   1.000   0.2074   0.02072   0.00519  -0.0233   0.2818   0.2779  78.9050 234.6177
   3.000   0.3616   0.02165   0.00567  -0.0136   0.2659   0.5460  80.5621 251.1885
   3.000   0.3616   0.02165   0.00567  -0.0136   0.2659   0.5460  80.5621 251.1895
   3.000   0.3616   0.02165   0.00567  -0.0136   0.2659   0.5460  80.5621 251.1895
   3.000   0.3616   0.02165   0.00567  -0.0136   0.2659   0.5460  80.5621 251.1895
   3.000   0.3616   0.02165   0.00567  -0.0136   0.2659   0.5460  80.5621 251.1895
   4.000   0.4361   0.02259   0.00642  -0.0082   0.2622   0.7670  80.9604 264.1771
   4.000   0.4361   0.02259   0.00642  -0.0082   0.2622   0.7670  80.9604 264.1773
   4.000   0.4361   0.02259   0.00642  -0.0082   0.2622   0.7670  80.9604 264.1773
   4.000   0.4361   0.02259   0.00642  -0.0082   0.2622   0.7670  80.9604 264.1773
   4.000   0.4361   0.02259   0.00642  -0.0082   0.2622   0.7670  80.9604 264.1773
   5.000   0.5133   0.02448   0.00776  -0.0023   0.2595   0.9257  81.2675 279.4985
   5.000   0.5133   0.02448   0.00776  -0.0023   0.2595   0.9257  81.2675 279.4977
   5.000   0.5133   0.02448   0.00776  -0.0023   0.2595   0.9257  81.2675 279.4977
   5.000   0.5133   0.02448   0.00776  -0.0023   0.2595   0.9257  81.2675 279.4977
   5.000   0.5133   0.02448   0.00776  -0.0023   0.2595   0.9257  81.2675 279.4977
   6.000   0.6116   0.02740   0.00935  -0.0017   0.2564   0.9742  81.6134 290.3170
   6.000   0.6116   0.02740   0.00935  -0.0017   0.2564   0.9742  81.6134 290.3171
   6.000   0.6116   0.02740   0.00935  -0.0017   0.2564   0.9742  81.6134 290.3172
   6.000   0.6116   0.02740   0.00935  -0.0017   0.2564   0.9742  81.6134 290.3172
   6.000   0.6116   0.02740   0.00935  -0.0017   0.2564   0.9742  81.6134 290.3172
   7.000   0.7523   0.03068   0.01075  -0.0116   0.2532   0.9851  81.9735 293.8863
   7.000   0.7523   0.03069   0.01075  -0.0116   0.2532   0.9851  81.9734 293.8924
   7.000   0.7523   0.03069   0.01075  -0.0116   0.2532   0.9851  81.9734 293.8925
   7.000   0.7523   0.03069   0.01075  -0.0116   0.2532   0.9851  81.9734 293.8925
   7.000   0.7523   0.03069   0.01075  -0.0116   0.2532   0.9851  81.9734 293.8925
   8.000   0.8914   0.03361   0.01186  -0.0214   0.2502   0.9928  82.3256 296.8185
   8.000   0.8914   0.03361   0.01186  -0.0214   0.2502   0.9928  82.3256 296.8189
   8.000   0.8914   0.03361   0.01186  -0.0214   0.2502   0.9928  82.3256 296.8190
   8.000   0.8914   0.03361   0.01186  -0.0214   0.2502   0.9928  82.3256 296.8190
   8.000   0.8914   0.03361   0.01186  -0.0214   0.2502   0.9928  82.3256 296.8190
   9.000   1.0255   0.03649   0.01272  -0.0307   0.2466   0.9992  82.7613 299.5941
   9.000   1.0255   0.03649   0.01272  -0.0307   0.2466   0.9992  82.7613 299.5909
   9.000   1.0255   0.03649   0.01272  -0.0307   0.2466   0.9992  82.7613 299.5908
   9.000   1.0255   0.03649   0.01272  -0.0307   0.2466   0.9992  82.7613 299.5908
   9.000   1.0255   0.03649   0.01272  -0.0307   0.2466   0.9992  82.7613 299.5908
  10.000   1.0841   0.03834   0.01250  -0.0249   0.2431   1.0000  83.1892 300.0000
  10.000   1.0841   0.03834   0.01250  -0.0249   0.2431   1.0000  83.1891 300.0000
  10.000   1.0841   0.03834   0.01250  -0.0249   0.2431   1.0000  83.1891 300.0000
  10.000   1.0841   0.03834   0.01250  -0.0249   0.2431   1.0000  83.1891 300.0000
  10.000   1.0841   0.03834   0.01250  -0.0249   0.2431   1.0000  83.1891 300.0000
  11.000   1.1298   0.04033   0.01232  -0.0170   0.2393   1.0000  83.6675 300.0000
  11.000   1.1298   0.04033   0.01232  -0.0170   0.2393   1.0000  83.6675 300.0000
  11.000   1.1298   0.04033   0.01232  -0.0170   0.2393   1.0000  83.6675 300.0000
  11.000   1.1298   0.04033   0.01232  -0.0170   0.2393   1.0000  83.6675 300.0000
  11.000   1.1298   0.04033   0.01232  -0.0170   0.2393   1.0000  83.6675 300.0000
  12.000   1.1826   0.04224   0.01185  -0.0105   0.2354   1.0000  84.1640 300.0000
  12.000   1.1826   0.04224   0.01185  -0.0105   0.2354   1.0000  84.1639 300.0000
  12.000   1.1826   0.04224   0.01185  -0.0105   0.2354   1.0000  84.1639 300.0000
  12.000   1.1826   0.04224   0.01185  -0.0105   0.2354   1.0000  84.1639 300.0000
  12.000   1.1826   0.04224   0.01185  -0.0105   0.2354   1.0000  84.1639 300.0000
  13.000   1.2306   0.04479   0.01181  -0.0043   0.2307   1.0000  84.7905 300.0000
  13.000   1.2306   0.04479   0.01181  -0.0043   0.2307   1.0000  84.7905 300.0000
  13.000   1.2306   0.04479   0.01181  -0.0043   0.2307   1.0000  84.7905 300.0000
  13.000   1.2306   0.04479   0.01181  -0.0043   0.2307   1.0000  84.7905 300.0000
  13.000   1.2306   0.04479   0.01181  -0.0043   0.2307   1.0000  84.7905 300.0000
  14.000   1.2809   0.04786   0.01203   0.0006   0.2254   1.0000  85.5352 300.0000
  14.000   1.2809   0.04786   0.01203   0.0006   0.2254   1.0000  85.5353 300.0000
  14.000   1.2809   0.04786   0.01203   0.0006   0.2254   1.0000  85.5353 300.0000
  14.000   1.2809   0.04786   0.01203   0.0006   0.2254   1.0000  85.5353 300.0000
  14.000   1.2809   0.04786   0.01203   0.0006   0.2254   1.0000  85.5353 300.0000
  15.000   1.3377   0.05142   0.01245   0.0033   0.2194   1.0000  86.3974 300.0000
  15.000   1.3377   0.05142   0.01245   0.0033   0.2194   1.0000  86.3974 300.0000
  15.000   1.3377   0.05142   0.01245   0.0033   0.2194   1.0000  86.3974 300.0000
  15.000   1.3377   0.05142   0.01245   0.0033   0.2194   1.0000  86.3974 300.0000
  15.000   1.3377   0.05142   0.01245   0.0033   0.2194   1.0000  86.3974 300.0000
  16.000   1.3935   0.05569   0.01330   0.0051   0.2128   1.0000  87.3807 300.0000
  16.000   1.3935   0.05569   0.01330   0.0051   0.2128   1.0000  87.3806 300.0000
  16.000   1.3935   0.05569   0.01330   0.0051   0.2128   1.0000  87.3806 300.0000
  16.000   1.3935   0.05569   0.01330   0.0051   0.2128   1.0000  87.3806 300.0000
  16.000   1.3935   0.05569   0.01330   0.0051   0.2128   1.0000  87.3806 300.0000
  17.000   1.4418   0.06096   0.01485   0.0065   0.2062   1.0000  88.4220 300.0000
  17.000   1.4418   0.06096   0.01485   0.0065   0.2062   1.0000  88.4220 300.0000
  17.000   1.4418   0.06096   0.01485   0.0065   0.2062   1.0000  88.4220 300.0000
  17.000   1.4418   0.06096   0.01485   0.0065   0.2062   1.0000  88.4220 300.0000
  17.000   1.4418   0.06096   0.01485   0.0065   0.2062   1.0000  88.4220 300.0000
  18.000   1.4779   0.06774   0.01761   0.0076   0.1998   1.0000  89.4926 300.0000
  18.000   1.4779   0.06774   0.01761   0.0076   0.1998   1.0000  89.4926 300.0000
  18.000   1.4779   0.06774   0.01761   0.0076   0.1998   1.0000  89.4926 300.0000
  18.000   1.4779   0.06774   0.01761   0.0076   0.1998   1.0000  89.4926 300.0000
  18.000   1.4779   0.06774   0.01761   0.0076   0.1998   1.0000  89.4926 300.0000
  19.000   1.5013   0.07626   0.02192   0.0080   0.1932   1.0000  90.6304 300.0000
  19.000   1.5013   0.07626   0.02192   0.0080   0.1932   1.0000  90.6303 300.0000
  19.000   1.5013   0.07626   0.02192   0.0080   0.1932   1.0000  90.6303 300.0000
  19.000   1.5013   0.07626   0.02192   0.0080   0.1932   1.0000  90.6303 300.0000
  19.000   1.5013   0.07626   0.02192   0.0080   0.1932   1.0000  90.6303 300.0000
