  
       XFOIL         Version 6.99
  
 Calculated polar for: HAM-STD HS1-430 AIRFOIL                         
  
 1 1 Reynolds number fixed          Mach number fixed         
  
 xtrf =   1.000 (top)        1.000 (bottom)  
 Mach =   0.000     Re =     0.525 e 6     Ncrit =   9.000  9.000
  
   alpha    CL        CD       CDp       CM     Top_Xtr  Bot_Xtr  Top_Itr  Bot_Itr
  ------ -------- --------- --------- -------- -------- -------- -------- --------
   0.000   0.1333   0.01957   0.00493  -0.0295   0.3058   0.2624  76.6166 233.4942
   0.000   0.1333   0.01957   0.00493  -0.0295   0.3058   0.2624  76.6167 233.4939
   0.000   0.1333   0.01957   0.00493  -0.0295   0.3058   0.2624  76.6167 233.4939
   0.000   0.1333   0.01957   0.00493  -0.0295   0.3058   0.2624  76.6167 233.4939
   0.000   0.1333   0.01957   0.00493  -0.0295   0.3058   0.2624  76.6167 233.4939
   1.000   0.2075   0.02058   0.00516  -0.0233   0.2764   0.2750  79.4562 234.4098
   1.000   0.2075   0.02058   0.00516  -0.0233   0.2764   0.2749  79.4562 234.4097
   1.000   0.2075   0.02058   0.00516  -0.0233   0.2764   0.2749  79.4562 234.4097
   1.000   0.2075   0.02058   0.00516  -0.0233   0.2764   0.2749  79.4562 234.4097
   1.000   0.2075   0.02058   0.00516  -0.0233   0.2764   0.2749  79.4562 234.4097
   2.000   0.2887   0.02149   0.00536  -0.0188   0.2675   0.2952  80.3872 235.8111
   2.000   0.2887   0.02149   0.00536  -0.0188   0.2675   0.2952  80.3872 235.8124
   2.000   0.2887   0.02149   0.00536  -0.0188   0.2675   0.2952  80.3872 235.8124
   2.000   0.2887   0.02149   0.00536  -0.0188   0.2675   0.2952  80.3872 235.8124
   2.000   0.2887   0.02149   0.00536  -0.0188   0.2675   0.2952  80.3872 235.8124
   3.000   0.3646   0.02181   0.00563  -0.0141   0.2628   0.4817  80.8986 247.2528
   3.000   0.3646   0.02181   0.00563  -0.0141   0.2628   0.4817  80.8985 247.2569
   3.000   0.3646   0.02181   0.00563  -0.0141   0.2628   0.4817  80.8985 247.2569
   3.000   0.3646   0.02181   0.00563  -0.0141   0.2628   0.4817  80.8985 247.2569
   3.000   0.3646   0.02181   0.00563  -0.0141   0.2628   0.4817  80.8985 247.2569
   4.000   0.4412   0.02237   0.00629  -0.0091   0.2596   0.7543  81.2456 263.3941
   4.000   0.4412   0.02237   0.00629  -0.0091   0.2596   0.7543  81.2456 263.3943
   4.000   0.4412   0.02237   0.00629  -0.0091   0.2596   0.7543  81.2456 263.3943
   4.000   0.4412   0.02237   0.00629  -0.0091   0.2596   0.7543  81.2456 263.3943
   4.000   0.4412   0.02237   0.00629  -0.0091   0.2596   0.7543  81.2456 263.3943
   5.000   0.5175   0.02415   0.00757  -0.0032   0.2568   0.9194  81.5628 278.4957
   5.000   0.5176   0.02415   0.00757  -0.0032   0.2568   0.9194  81.5628 278.4958
   5.000   0.5176   0.02415   0.00757  -0.0032   0.2568   0.9194  81.5628 278.4958
   5.000   0.5176   0.02415   0.00757  -0.0032   0.2568   0.9194  81.5628 278.4958
   5.000   0.5176   0.02415   0.00757  -0.0032   0.2568   0.9194  81.5628 278.4958
   6.000   0.6057   0.02707   0.00914  -0.0005   0.2540   0.9734  81.8812 290.0690
   6.000   0.6057   0.02707   0.00914  -0.0005   0.2540   0.9734  81.8812 290.0690
   6.000   0.6057   0.02707   0.00914  -0.0005   0.2540   0.9734  81.8812 290.0690
   6.000   0.6057   0.02707   0.00914  -0.0005   0.2540   0.9734  81.8812 290.0690
   6.000   0.6057   0.02707   0.00914  -0.0005   0.2540   0.9734  81.8812 290.0690
   7.000   0.7461   0.03026   0.01055  -0.0102   0.2512   0.9845  82.2039 293.6732
   7.000   0.7461   0.03026   0.01055  -0.0102   0.2512   0.9845  82.2039 293.6765
   7.000   0.7461   0.03026   0.01055  -0.0102   0.2512   0.9845  82.2039 293.6766
   7.000   0.7461   0.03026   0.01055  -0.0102   0.2512   0.9845  82.2039 293.6766
   7.000   0.7461   0.03026   0.01055  -0.0102   0.2512   0.9845  82.2039 293.6766
   8.000   0.8834   0.03328   0.01172  -0.0198   0.2481   0.9922  82.5810 296.5778
   8.000   0.8834   0.03328   0.01172  -0.0198   0.2481   0.9922  82.5810 296.5814
   8.000   0.8834   0.03328   0.01172  -0.0198   0.2481   0.9922  82.5810 296.5814
   8.000   0.8834   0.03328   0.01172  -0.0198   0.2481   0.9922  82.5810 296.5814
   8.000   0.8834   0.03328   0.01172  -0.0198   0.2481   0.9922  82.5810 296.5814
  10.000   1.0816   0.03838   0.01270  -0.0246   0.2411   1.0000  83.4391 300.0000
  10.000   1.0816   0.03838   0.01270  -0.0246   0.2411   1.0000  83.4391 300.0000
  10.000   1.0816   0.03838   0.01270  -0.0246   0.2411   1.0000  83.4391 300.0000
  10.000   1.0816   0.03838   0.01270  -0.0246   0.2411   1.0000  83.4391 300.0000
  10.000   1.0816   0.03838   0.01270  -0.0246   0.2411   1.0000  83.4391 300.0000
  11.000   1.1300   0.04025   0.01233  -0.0171   0.2375   1.0000  83.8956 300.0000
  11.000   1.1300   0.04025   0.01233  -0.0171   0.2375   1.0000  83.8956 300.0000
  11.000   1.1300   0.04025   0.01233  -0.0171   0.2375   1.0000  83.8956 300.0000
  11.000   1.1300   0.04025   0.01233  -0.0171   0.2375   1.0000  83.8956 300.0000
  11.000   1.1300   0.04025   0.01233  -0.0171   0.2375   1.0000  83.8956 300.0000
  12.000   1.1767   0.04250   0.01222  -0.0099   0.2337   1.0000  84.3987 300.0000
  12.000   1.1767   0.04250   0.01222  -0.0099   0.2337   1.0000  84.3987 300.0000
  12.000   1.1767   0.04250   0.01222  -0.0099   0.2337   1.0000  84.3987 300.0000
  12.000   1.1767   0.04250   0.01222  -0.0099   0.2337   1.0000  84.3987 300.0000
  12.000   1.1767   0.04250   0.01222  -0.0099   0.2337   1.0000  84.3987 300.0000
  13.000   1.2347   0.04445   0.01156  -0.0048   0.2292   1.0000  84.9946 300.0000
  13.000   1.2347   0.04445   0.01156  -0.0048   0.2292   1.0000  84.9946 300.0000
  13.000   1.2347   0.04445   0.01156  -0.0048   0.2292   1.0000  84.9946 300.0000
  13.000   1.2347   0.04445   0.01156  -0.0048   0.2292   1.0000  84.9946 300.0000
  13.000   1.2347   0.04445   0.01156  -0.0048   0.2292   1.0000  84.9946 300.0000
  14.000   1.2791   0.04792   0.01217   0.0006   0.2240   1.0000  85.7310 300.0000
  14.000   1.2791   0.04792   0.01217   0.0006   0.2240   1.0000  85.7310 300.0000
  14.000   1.2791   0.04792   0.01217   0.0006   0.2240   1.0000  85.7310 300.0000
  14.000   1.2791   0.04792   0.01217   0.0006   0.2240   1.0000  85.7310 300.0000
  14.000   1.2791   0.04792   0.01217   0.0006   0.2240   1.0000  85.7310 300.0000
  15.000   1.3348   0.05164   0.01273   0.0034   0.2181   1.0000  86.5920 300.0000
  15.000   1.3348   0.05164   0.01273   0.0034   0.2181   1.0000  86.5920 300.0000
  15.000   1.3348   0.05164   0.01273   0.0034   0.2181   1.0000  86.5920 300.0000
  15.000   1.3348   0.05164   0.01273   0.0034   0.2181   1.0000  86.5920 300.0000
  15.000   1.3348   0.05164   0.01273   0.0034   0.2181   1.0000  86.5920 300.0000
  16.000   1.3904   0.05599   0.01365   0.0051   0.2116   1.0000  87.5668 300.0000
  16.000   1.3904   0.05599   0.01365   0.0051   0.2116   1.0000  87.5668 300.0000
  16.000   1.3904   0.05599   0.01365   0.0051   0.2116   1.0000  87.5668 300.0000
  16.000   1.3904   0.05599   0.01365   0.0051   0.2116   1.0000  87.5668 300.0000
  16.000   1.3904   0.05599   0.01365   0.0051   0.2116   1.0000  87.5668 300.0000
  17.000   1.4382   0.06138   0.01530   0.0064   0.2052   1.0000  88.5980 300.0000
  17.000   1.4382   0.06138   0.01530   0.0064   0.2052   1.0000  88.5980 300.0000
  17.000   1.4382   0.06138   0.01530   0.0064   0.2052   1.0000  88.5980 300.0000
  17.000   1.4382   0.06138   0.01530   0.0064   0.2052   1.0000  88.5980 300.0000
  17.000   1.4382   0.06138   0.01530   0.0064   0.2052   1.0000  88.5980 300.0000
  18.000   1.4746   0.06826   0.01813   0.0074   0.1987   1.0000  89.6657 300.0000
  18.000   1.4746   0.06825   0.01813   0.0074   0.1987   1.0000  89.6657 300.0000
  18.000   1.4746   0.06825   0.01813   0.0074   0.1987   1.0000  89.6657 300.0000
  18.000   1.4746   0.06825   0.01813   0.0074   0.1987   1.0000  89.6656 300.0000
  18.000   1.4746   0.06825   0.01813   0.0074   0.1987   1.0000  89.6656 300.0000
  19.000   1.4994   0.07675   0.02240   0.0076   0.1922   1.0000  90.8086 300.0000
  19.000   1.4994   0.07675   0.02240   0.0076   0.1922   1.0000  90.8086 300.0000
  19.000   1.4994   0.07675   0.02240   0.0076   0.1922   1.0000  90.8086 300.0000
  19.000   1.4994   0.07675   0.02240   0.0076   0.1922   1.0000  90.8086 300.0000
  19.000   1.4994   0.07675   0.02240   0.0076   0.1922   1.0000  90.8086 300.0000
