  
       XFOIL         Version 6.99
  
 Calculated polar for: HAM-STD HS1-430 AIRFOIL                         
  
 1 1 Reynolds number fixed          Mach number fixed         
  
 xtrf =   1.000 (top)        1.000 (bottom)  
 Mach =   0.000     Re =     0.475 e 6     Ncrit =   9.000  9.000
  
   alpha    CL        CD       CDp       CM     Top_Xtr  Bot_Xtr  Top_Itr  Bot_Itr
  ------ -------- --------- --------- -------- -------- -------- -------- --------
   0.000   0.1524   0.01927   0.00471  -0.0330   0.3605   0.2679  71.8954 233.9077
   0.000   0.1524   0.01927   0.00471  -0.0330   0.3605   0.2679  71.8952 233.9075
   0.000   0.1524   0.01927   0.00471  -0.0330   0.3605   0.2679  71.8952 233.9074
   0.000   0.1524   0.01927   0.00471  -0.0330   0.3605   0.2679  71.8952 233.9074
   0.000   0.1524   0.01927   0.00471  -0.0330   0.3605   0.2679  71.8952 233.9074
   1.000   0.2087   0.02083   0.00520  -0.0236   0.2887   0.2810  78.2238 234.8396
   1.000   0.2087   0.02083   0.00520  -0.0236   0.2887   0.2810  78.2253 234.8398
   1.000   0.2087   0.02083   0.00520  -0.0236   0.2887   0.2810  78.2252 234.8401
   1.000   0.2087   0.02083   0.00520  -0.0236   0.2887   0.2810  78.2252 234.8401
   1.000   0.2087   0.02083   0.00520  -0.0236   0.2887   0.2810  78.2252 234.8401
   2.000   0.2863   0.02177   0.00543  -0.0185   0.2753   0.3044  79.5726 236.4161
   2.000   0.2863   0.02177   0.00543  -0.0185   0.2753   0.3044  79.5726 236.4159
   2.000   0.2863   0.02177   0.00543  -0.0185   0.2753   0.3044  79.5726 236.4159
   2.000   0.2863   0.02177   0.00543  -0.0185   0.2753   0.3044  79.5726 236.4159
   2.000   0.2863   0.02177   0.00543  -0.0185   0.2753   0.3044  79.5726 236.4159
   3.000   0.3569   0.02167   0.00578  -0.0127   0.2693   0.5962  80.1898 254.2608
   3.000   0.3569   0.02167   0.00578  -0.0127   0.2693   0.5962  80.1898 254.2613
   3.000   0.3569   0.02167   0.00578  -0.0127   0.2693   0.5962  80.1898 254.2613
   3.000   0.3569   0.02167   0.00578  -0.0127   0.2693   0.5962  80.1898 254.2613
   3.000   0.3569   0.02167   0.00578  -0.0127   0.2693   0.5962  80.1898 254.2613
   4.000   0.4348   0.02264   0.00648  -0.0078   0.2652   0.7834  80.6331 265.2363
   4.000   0.4348   0.02264   0.00648  -0.0078   0.2652   0.7834  80.6330 265.2362
   4.000   0.4348   0.02264   0.00648  -0.0078   0.2652   0.7834  80.6330 265.2362
   4.000   0.4348   0.02264   0.00648  -0.0078   0.2652   0.7834  80.6330 265.2362
   4.000   0.4348   0.02264   0.00648  -0.0078   0.2652   0.7834  80.6330 265.2362
   5.000   0.5086   0.02488   0.00797  -0.0014   0.2620   0.9316  80.9769 280.5011
   5.000   0.5086   0.02488   0.00797  -0.0014   0.2620   0.9316  80.9770 280.5042
   5.000   0.5086   0.02488   0.00797  -0.0014   0.2620   0.9316  80.9770 280.5042
   5.000   0.5086   0.02488   0.00797  -0.0014   0.2620   0.9316  80.9770 280.5042
   5.000   0.5086   0.02488   0.00797  -0.0014   0.2620   0.9316  80.9770 280.5042
   6.000   0.6165   0.02785   0.00960  -0.0028   0.2590   0.9750  81.3220 290.5637
   6.000   0.6165   0.02785   0.00960  -0.0028   0.2590   0.9750  81.3220 290.5675
   6.000   0.6165   0.02785   0.00960  -0.0028   0.2590   0.9750  81.3220 290.5675
   6.000   0.6165   0.02785   0.00960  -0.0028   0.2590   0.9750  81.3220 290.5675
   6.000   0.6165   0.02785   0.00960  -0.0028   0.2590   0.9750  81.3220 290.5675
   7.000   0.7617   0.03103   0.01100  -0.0135   0.2556   0.9856  81.7055 294.0806
   7.000   0.7617   0.03103   0.01100  -0.0135   0.2556   0.9856  81.7055 294.0805
   7.000   0.7617   0.03103   0.01100  -0.0135   0.2556   0.9856  81.7055 294.0805
   7.000   0.7617   0.03103   0.01100  -0.0135   0.2556   0.9856  81.7055 294.0805
   7.000   0.7617   0.03103   0.01100  -0.0135   0.2556   0.9856  81.7055 294.0805
   8.000   0.9009   0.03391   0.01192  -0.0233   0.2524   0.9934  82.0709 297.0546
   8.000   0.9009   0.03391   0.01192  -0.0233   0.2524   0.9934  82.0709 297.0521
   8.000   0.9009   0.03391   0.01192  -0.0233   0.2524   0.9934  82.0709 297.0521
   8.000   0.9009   0.03391   0.01192  -0.0233   0.2524   0.9934  82.0709 297.0521
   8.000   0.9009   0.03391   0.01192  -0.0233   0.2524   0.9934  82.0709 297.0521
   9.000   1.0378   0.03678   0.01285  -0.0331   0.2486   1.0000  82.5177 300.0000
   9.000   1.0378   0.03678   0.01285  -0.0331   0.2486   1.0000  82.5177 300.0000
   9.000   1.0378   0.03678   0.01285  -0.0331   0.2486   1.0000  82.5177 300.0000
   9.000   1.0378   0.03678   0.01285  -0.0331   0.2486   1.0000  82.5177 300.0000
   9.000   1.0378   0.03678   0.01285  -0.0331   0.2486   1.0000  82.5177 300.0000
  10.000   1.0878   0.03825   0.01226  -0.0253   0.2449   1.0000  82.9538 300.0000
  10.000   1.0878   0.03826   0.01226  -0.0253   0.2449   1.0000  82.9538 300.0000
  10.000   1.0878   0.03826   0.01226  -0.0253   0.2449   1.0000  82.9538 300.0000
  10.000   1.0878   0.03826   0.01226  -0.0253   0.2449   1.0000  82.9538 300.0000
  10.000   1.0878   0.03826   0.01226  -0.0253   0.2449   1.0000  82.9538 300.0000
  11.000   1.1331   0.04025   0.01213  -0.0173   0.2413   1.0000  83.4119 300.0000
  11.000   1.1331   0.04025   0.01213  -0.0173   0.2413   1.0000  83.4119 300.0000
  11.000   1.1331   0.04025   0.01213  -0.0173   0.2413   1.0000  83.4119 300.0000
  11.000   1.1331   0.04025   0.01213  -0.0173   0.2413   1.0000  83.4119 300.0000
  11.000   1.1331   0.04025   0.01213  -0.0173   0.2413   1.0000  83.4119 300.0000
  12.000   1.1885   0.04200   0.01151  -0.0111   0.2371   1.0000  83.9377 300.0000
  12.000   1.1885   0.04200   0.01151  -0.0111   0.2371   1.0000  83.9378 300.0000
  12.000   1.1885   0.04200   0.01151  -0.0111   0.2371   1.0000  83.9378 300.0000
  12.000   1.1885   0.04200   0.01151  -0.0111   0.2371   1.0000  83.9378 300.0000
  12.000   1.1885   0.04200   0.01151  -0.0111   0.2371   1.0000  83.9378 300.0000
  13.000   1.2330   0.04474   0.01169  -0.0045   0.2323   1.0000  84.5735 300.0000
  13.000   1.2330   0.04474   0.01169  -0.0045   0.2323   1.0000  84.5735 300.0000
  13.000   1.2330   0.04474   0.01169  -0.0045   0.2323   1.0000  84.5735 300.0000
  13.000   1.2330   0.04474   0.01169  -0.0045   0.2323   1.0000  84.5735 300.0000
  13.000   1.2330   0.04474   0.01169  -0.0045   0.2323   1.0000  84.5735 300.0000
  14.000   1.2860   0.04759   0.01168   0.0002   0.2269   1.0000  85.3140 300.0000
  14.000   1.2860   0.04759   0.01168   0.0002   0.2269   1.0000  85.3140 300.0000
  14.000   1.2860   0.04759   0.01168   0.0002   0.2269   1.0000  85.3140 300.0000
  14.000   1.2860   0.04759   0.01168   0.0002   0.2269   1.0000  85.3140 300.0000
  14.000   1.2860   0.04759   0.01168   0.0002   0.2269   1.0000  85.3140 300.0000
  15.000   1.3451   0.05088   0.01186   0.0029   0.2208   1.0000  86.1790 300.0000
  15.000   1.3451   0.05088   0.01186   0.0029   0.2208   1.0000  86.1790 300.0000
  15.000   1.3451   0.05088   0.01186   0.0029   0.2208   1.0000  86.1790 300.0000
  15.000   1.3451   0.05088   0.01186   0.0029   0.2208   1.0000  86.1790 300.0000
  15.000   1.3451   0.05088   0.01186   0.0029   0.2208   1.0000  86.1790 300.0000
  16.000   1.4025   0.05493   0.01253   0.0047   0.2142   1.0000  87.1670 300.0000
  16.000   1.4025   0.05493   0.01253   0.0047   0.2142   1.0000  87.1669 300.0000
  16.000   1.4024   0.05493   0.01253   0.0047   0.2142   1.0000  87.1669 300.0000
  16.000   1.4024   0.05493   0.01253   0.0047   0.2142   1.0000  87.1669 300.0000
  16.000   1.4024   0.05493   0.01253   0.0047   0.2142   1.0000  87.1669 300.0000
  17.000   1.4509   0.06007   0.01398   0.0062   0.2075   1.0000  88.2111 300.0000
  17.000   1.4509   0.06007   0.01398   0.0062   0.2075   1.0000  88.2111 300.0000
  17.000   1.4509   0.06007   0.01398   0.0062   0.2075   1.0000  88.2111 300.0000
  17.000   1.4509   0.06007   0.01398   0.0062   0.2075   1.0000  88.2111 300.0000
  17.000   1.4509   0.06007   0.01398   0.0062   0.2075   1.0000  88.2111 300.0000
  18.000   1.4861   0.06678   0.01668   0.0076   0.2010   1.0000  89.2765 300.0000
  18.000   1.4861   0.06678   0.01668   0.0076   0.2010   1.0000  89.2765 300.0000
  18.000   1.4861   0.06678   0.01668   0.0076   0.2010   1.0000  89.2765 300.0000
  18.000   1.4861   0.06678   0.01668   0.0076   0.2010   1.0000  89.2765 300.0000
  18.000   1.4861   0.06678   0.01668   0.0076   0.2010   1.0000  89.2765 300.0000
  19.000   1.5060   0.07548   0.02115   0.0084   0.1945   1.0000  90.4063 300.0000
  19.000   1.5060   0.07548   0.02115   0.0084   0.1945   1.0000  90.4063 300.0000
  19.000   1.5060   0.07548   0.02115   0.0084   0.1945   1.0000  90.4062 300.0000
  19.000   1.5060   0.07548   0.02115   0.0084   0.1945   1.0000  90.4062 300.0000
  19.000   1.5060   0.07548   0.02115   0.0084   0.1945   1.0000  90.4062 300.0000
