  
       XFOIL         Version 6.99
  
 Calculated polar for: HAM-STD HS1-430 AIRFOIL                         
  
 1 1 Reynolds number fixed          Mach number fixed         
  
 xtrf =   1.000 (top)        1.000 (bottom)  
 Mach =   0.000     Re =     0.300 e 6     Ncrit =   9.000  9.000
  
   alpha    CL        CD       CDp       CM     Top_Xtr  Bot_Xtr  Top_Itr  Bot_Itr
  ------ -------- --------- --------- -------- -------- -------- -------- --------
   0.000   0.2747   0.01806   0.00421  -0.0581   0.5972   0.3037  53.9637 236.3739
   0.000   0.2747   0.01806   0.00421  -0.0581   0.5972   0.3037  53.9644 236.3751
   0.000   0.2747   0.01806   0.00421  -0.0581   0.5972   0.3037  53.9644 236.3750
   0.000   0.2747   0.01806   0.00421  -0.0581   0.5972   0.3037  53.9644 236.3750
   0.000   0.2747   0.01806   0.00421  -0.0581   0.5972   0.3037  53.9644 236.3750
   1.000   0.2920   0.01937   0.00421  -0.0394   0.4792   0.3260  62.7841 237.8177
   1.000   0.2920   0.01937   0.00421  -0.0394   0.4791   0.3261  62.7853 237.8202
   1.000   0.2920   0.01937   0.00421  -0.0394   0.4791   0.3261  62.7853 237.8200
   1.000   0.2920   0.01937   0.00421  -0.0394   0.4791   0.3261  62.7853 237.8200
   1.000   0.2920   0.01937   0.00421  -0.0394   0.4791   0.3261  62.7853 237.8200
   2.000   0.2959   0.02163   0.00519  -0.0204   0.3438   0.4349  73.2847 244.4614
   2.000   0.2959   0.02163   0.00519  -0.0204   0.3438   0.4349  73.2847 244.4617
   2.000   0.2959   0.02163   0.00519  -0.0204   0.3438   0.4349  73.2847 244.4617
   2.000   0.2959   0.02163   0.00519  -0.0204   0.3438   0.4349  73.2847 244.4617
   2.000   0.2959   0.02163   0.00519  -0.0204   0.3438   0.4349  73.2847 244.4617
   3.000   0.3407   0.02246   0.00632  -0.0090   0.3105   0.7660  76.1871 264.1113
   3.000   0.3407   0.02246   0.00632  -0.0090   0.3105   0.7660  76.1871 264.1110
   3.000   0.3407   0.02246   0.00632  -0.0090   0.3105   0.7660  76.1871 264.1110
   3.000   0.3407   0.02246   0.00632  -0.0090   0.3105   0.7660  76.1871 264.1110
   3.000   0.3407   0.02246   0.00632  -0.0090   0.3105   0.7660  76.1871 264.1110
   4.000   0.4216   0.02490   0.00805  -0.0036   0.2985   0.9070  77.2875 276.6946
   4.000   0.4216   0.02490   0.00805  -0.0036   0.2985   0.9070  77.2875 276.6945
   4.000   0.4216   0.02490   0.00805  -0.0036   0.2985   0.9070  77.2875 276.6945
   4.000   0.4216   0.02490   0.00805  -0.0036   0.2985   0.9070  77.2875 276.6945
   4.000   0.4216   0.02490   0.00805  -0.0036   0.2985   0.9070  77.2875 276.6945
   5.000   0.5362   0.02828   0.00997  -0.0057   0.2911   0.9629  77.9935 287.1503
   5.000   0.5362   0.02828   0.00997  -0.0057   0.2911   0.9629  77.9935 287.1557
   5.000   0.5362   0.02828   0.00997  -0.0057   0.2911   0.9629  77.9935 287.1557
   5.000   0.5362   0.02828   0.00997  -0.0057   0.2911   0.9629  77.9935 287.1557
   5.000   0.5362   0.02828   0.00997  -0.0057   0.2911   0.9629  77.9935 287.1557
   6.000   0.7009   0.03140   0.01146  -0.0194   0.2848   0.9782  78.6055 291.5673
   6.000   0.7009   0.03140   0.01146  -0.0194   0.2848   0.9782  78.6055 291.5708
   6.000   0.7009   0.03140   0.01146  -0.0194   0.2848   0.9782  78.6055 291.5709
   6.000   0.7009   0.03140   0.01146  -0.0194   0.2848   0.9782  78.6055 291.5709
   6.000   0.7009   0.03140   0.01146  -0.0194   0.2848   0.9782  78.6055 291.5709
   7.000   0.8607   0.03389   0.01219  -0.0324   0.2796   0.9902  79.1280 295.7984
   7.000   0.8607   0.03389   0.01219  -0.0324   0.2796   0.9903  79.1280 295.8023
   7.000   0.8607   0.03389   0.01219  -0.0324   0.2796   0.9903  79.1280 295.8026
   7.000   0.8607   0.03389   0.01219  -0.0324   0.2796   0.9903  79.1280 295.8026
   7.000   0.8607   0.03389   0.01219  -0.0324   0.2796   0.9903  79.1280 295.8026
   8.000   1.0166   0.03609   0.01267  -0.0451   0.2745   1.0000  79.6555 299.9963
   8.000   1.0166   0.03609   0.01267  -0.0451   0.2745   1.0000  79.6555 299.9965
   8.000   1.0166   0.03609   0.01267  -0.0451   0.2745   1.0000  79.6555 299.9965
   8.000   1.0166   0.03609   0.01267  -0.0451   0.2745   1.0000  79.6555 299.9965
   8.000   1.0166   0.03609   0.01267  -0.0451   0.2745   1.0000  79.6555 299.9965
   9.000   1.0804   0.03670   0.01149  -0.0389   0.2705   1.0000  80.0620 300.0000
   9.000   1.0804   0.03670   0.01149  -0.0389   0.2705   1.0000  80.0620 300.0000
   9.000   1.0804   0.03670   0.01149  -0.0389   0.2705   1.0000  80.0620 300.0000
   9.000   1.0804   0.03670   0.01149  -0.0389   0.2705   1.0000  80.0620 300.0000
   9.000   1.0804   0.03670   0.01149  -0.0389   0.2705   1.0000  80.0620 300.0000
  10.000   1.1276   0.03815   0.01112  -0.0304   0.2656   1.0000  80.5979 300.0000
  10.000   1.1276   0.03815   0.01112  -0.0304   0.2656   1.0000  80.5978 300.0000
  10.000   1.1276   0.03815   0.01112  -0.0304   0.2656   1.0000  80.5978 300.0000
  10.000   1.1276   0.03815   0.01112  -0.0304   0.2656   1.0000  80.5978 300.0000
  10.000   1.1276   0.03815   0.01112  -0.0304   0.2656   1.0000  80.5978 300.0000
  11.000   1.1953   0.03933   0.01024  -0.0253   0.2604   1.0000  81.1572 300.0000
  11.000   1.1953   0.03933   0.01024  -0.0253   0.2604   1.0000  81.1572 300.0000
  11.000   1.1953   0.03933   0.01024  -0.0253   0.2604   1.0000  81.1572 300.0000
  11.000   1.1953   0.03933   0.01024  -0.0253   0.2604   1.0000  81.1572 300.0000
  11.000   1.1953   0.03933   0.01024  -0.0253   0.2604   1.0000  81.1572 300.0000
  12.000   1.2488   0.04113   0.00984  -0.0185   0.2546   1.0000  81.8175 300.0000
  12.000   1.2488   0.04113   0.00984  -0.0185   0.2546   1.0000  81.8174 300.0000
  12.000   1.2488   0.04113   0.00984  -0.0185   0.2546   1.0000  81.8174 300.0000
  12.000   1.2488   0.04113   0.00984  -0.0185   0.2546   1.0000  81.8174 300.0000
  12.000   1.2488   0.04113   0.00984  -0.0185   0.2546   1.0000  81.8174 300.0000
  13.000   1.2943   0.04361   0.00982  -0.0114   0.2480   1.0000  82.5866 300.0000
  13.000   1.2943   0.04361   0.00982  -0.0114   0.2480   1.0000  82.5865 300.0000
  13.000   1.2943   0.04361   0.00982  -0.0114   0.2480   1.0000  82.5865 300.0000
  13.000   1.2943   0.04361   0.00982  -0.0114   0.2480   1.0000  82.5865 300.0000
  13.000   1.2943   0.04361   0.00982  -0.0114   0.2480   1.0000  82.5865 300.0000
  14.000   1.3430   0.04638   0.00983  -0.0056   0.2409   1.0000  83.4601 300.0000
  14.000   1.3430   0.04638   0.00983  -0.0056   0.2409   1.0000  83.4600 300.0000
  14.000   1.3430   0.04638   0.00983  -0.0056   0.2409   1.0000  83.4600 300.0000
  14.000   1.3430   0.04638   0.00983  -0.0056   0.2409   1.0000  83.4600 300.0000
  14.000   1.3430   0.04638   0.00983  -0.0056   0.2409   1.0000  83.4600 300.0000
  15.000   1.3893   0.04989   0.01025  -0.0007   0.2334   1.0000  84.4365 300.0000
  15.000   1.3893   0.04989   0.01025  -0.0007   0.2334   1.0000  84.4365 300.0000
  15.000   1.3893   0.04989   0.01025  -0.0007   0.2334   1.0000  84.4365 300.0000
  15.000   1.3893   0.04989   0.01025  -0.0007   0.2334   1.0000  84.4365 300.0000
  15.000   1.3893   0.04989   0.01025  -0.0007   0.2334   1.0000  84.4365 300.0000
  16.000   1.4365   0.05406   0.01107   0.0028   0.2259   1.0000  85.4600 300.0000
  16.000   1.4365   0.05406   0.01107   0.0028   0.2259   1.0000  85.4600 300.0000
  16.000   1.4365   0.05406   0.01107   0.0028   0.2259   1.0000  85.4600 300.0000
  16.000   1.4365   0.05406   0.01107   0.0028   0.2259   1.0000  85.4600 300.0000
  16.000   1.4365   0.05406   0.01107   0.0028   0.2259   1.0000  85.4600 300.0000
  17.000   1.4835   0.05876   0.01220   0.0053   0.2188   1.0000  86.4786 300.0000
  17.000   1.4835   0.05876   0.01220   0.0053   0.2188   1.0000  86.4786 300.0000
  17.000   1.4835   0.05876   0.01220   0.0053   0.2188   1.0000  86.4786 300.0000
  17.000   1.4835   0.05876   0.01220   0.0053   0.2188   1.0000  86.4786 300.0000
  17.000   1.4835   0.05876   0.01220   0.0053   0.2188   1.0000  86.4786 300.0000
  18.000   1.5238   0.06427   0.01393   0.0074   0.2122   1.0000  87.4840 300.0000
  18.000   1.5238   0.06427   0.01393   0.0074   0.2122   1.0000  87.4840 300.0000
  18.000   1.5238   0.06427   0.01393   0.0074   0.2122   1.0000  87.4840 300.0000
  18.000   1.5238   0.06427   0.01393   0.0074   0.2122   1.0000  87.4840 300.0000
  18.000   1.5238   0.06427   0.01393   0.0074   0.2122   1.0000  87.4840 300.0000
  19.000   1.5469   0.07144   0.01716   0.0095   0.2058   1.0000  88.4991 300.0000
  19.000   1.5469   0.07144   0.01716   0.0095   0.2058   1.0000  88.4991 300.0000
  19.000   1.5469   0.07144   0.01716   0.0095   0.2058   1.0000  88.4991 300.0000
  19.000   1.5469   0.07144   0.01716   0.0095   0.2058   1.0000  88.4991 300.0000
  19.000   1.5469   0.07144   0.01716   0.0095   0.2058   1.0000  88.4991 300.0000
