  
       XFOIL         Version 6.99
  
 Calculated polar for: HAM-STD HS1-430 AIRFOIL                         
  
 1 1 Reynolds number fixed          Mach number fixed         
  
 xtrf =   1.000 (top)        1.000 (bottom)  
 Mach =   0.000     Re =     0.450 e 6     Ncrit =   9.000  9.000
  
   alpha    CL        CD       CDp       CM     Top_Xtr  Bot_Xtr  Top_Itr  Bot_Itr
  ------ -------- --------- --------- -------- -------- -------- -------- --------
   0.000   0.1675   0.01892   0.00452  -0.0359   0.4032   0.2714  68.5001 234.1559
   0.000   0.1675   0.01892   0.00452  -0.0359   0.4032   0.2714  68.5007 234.1572
   0.000   0.1675   0.01892   0.00452  -0.0359   0.4032   0.2714  68.5007 234.1572
   0.000   0.1675   0.01892   0.00452  -0.0359   0.4032   0.2714  68.5007 234.1572
   0.000   0.1675   0.01892   0.00452  -0.0359   0.4032   0.2714  68.5007 234.1572
   1.000   0.2108   0.02091   0.00518  -0.0240   0.2973   0.2844  77.4087 235.0732
   1.000   0.2108   0.02091   0.00518  -0.0240   0.2973   0.2843  77.4087 235.0724
   1.000   0.2108   0.02091   0.00518  -0.0240   0.2973   0.2843  77.4087 235.0724
   1.000   0.2108   0.02091   0.00518  -0.0240   0.2973   0.2843  77.4087 235.0724
   1.000   0.2108   0.02091   0.00518  -0.0240   0.2973   0.2843  77.4087 235.0724
   2.000   0.2844   0.02194   0.00548  -0.0182   0.2801   0.3099  79.0782 236.7818
   2.000   0.2844   0.02194   0.00548  -0.0182   0.2801   0.3100  79.0782 236.7837
   2.000   0.2844   0.02194   0.00548  -0.0182   0.2801   0.3100  79.0782 236.7836
   2.000   0.2844   0.02194   0.00548  -0.0182   0.2801   0.3100  79.0782 236.7836
   2.000   0.2844   0.02194   0.00548  -0.0182   0.2801   0.3100  79.0782 236.7836
   3.000   0.3533   0.02175   0.00587  -0.0121   0.2730   0.6308  79.8094 256.3244
   3.000   0.3533   0.02175   0.00587  -0.0121   0.2730   0.6308  79.8094 256.3233
   3.000   0.3533   0.02175   0.00587  -0.0121   0.2730   0.6308  79.8094 256.3242
   3.000   0.3533   0.02175   0.00587  -0.0121   0.2730   0.6308  79.8094 256.3243
   3.000   0.3533   0.02175   0.00587  -0.0121   0.2730   0.6308  79.8094 256.3243
   4.000   0.4304   0.02283   0.00663  -0.0069   0.2686   0.8017  80.2680 266.5046
   4.000   0.4304   0.02283   0.00663  -0.0069   0.2686   0.8017  80.2681 266.5076
   4.000   0.4304   0.02283   0.00663  -0.0069   0.2686   0.8017  80.2681 266.5075
   4.000   0.4304   0.02283   0.00663  -0.0069   0.2686   0.8017  80.2681 266.5075
   4.000   0.4304   0.02283   0.00663  -0.0069   0.2686   0.8017  80.2681 266.5075
   5.000   0.5087   0.02509   0.00812  -0.0012   0.2651   0.9377  80.6463 281.6115
   5.000   0.5087   0.02509   0.00812  -0.0012   0.2651   0.9377  80.6463 281.6115
   5.000   0.5087   0.02509   0.00812  -0.0012   0.2651   0.9377  80.6463 281.6115
   5.000   0.5087   0.02509   0.00812  -0.0012   0.2651   0.9377  80.6463 281.6115
   5.000   0.5087   0.02509   0.00812  -0.0012   0.2651   0.9377  80.6463 281.6115
   6.000   0.6217   0.02835   0.00984  -0.0039   0.2616   0.9758  81.0298 290.8138
   6.000   0.6217   0.02835   0.00984  -0.0039   0.2616   0.9759  81.0298 290.8162
   6.000   0.6217   0.02835   0.00984  -0.0039   0.2616   0.9759  81.0298 290.8162
   6.000   0.6217   0.02835   0.00984  -0.0039   0.2616   0.9759  81.0298 290.8162
   6.000   0.6217   0.02835   0.00984  -0.0039   0.2616   0.9759  81.0298 290.8162
   7.000   0.7710   0.03143   0.01119  -0.0154   0.2582   0.9859  81.4110 294.1877
   7.000   0.7710   0.03143   0.01119  -0.0154   0.2582   0.9859  81.4110 294.1941
   7.000   0.7710   0.03143   0.01119  -0.0154   0.2582   0.9859  81.4110 294.1943
   7.000   0.7710   0.03143   0.01119  -0.0154   0.2582   0.9859  81.4110 294.1943
   7.000   0.7710   0.03143   0.01119  -0.0154   0.2582   0.9859  81.4110 294.1943
   8.000   0.9112   0.03426   0.01214  -0.0254   0.2547   0.9940  81.8072 297.2899
   8.000   0.9112   0.03426   0.01214  -0.0254   0.2547   0.9940  81.8072 297.2900
   8.000   0.9112   0.03426   0.01214  -0.0254   0.2547   0.9940  81.8072 297.2900
   8.000   0.9112   0.03426   0.01214  -0.0254   0.2547   0.9940  81.8072 297.2900
   8.000   0.9112   0.03426   0.01214  -0.0254   0.2547   0.9940  81.8072 297.2900
   9.000   1.0402   0.03679   0.01269  -0.0334   0.2510   1.0000  82.2298 300.0000
   9.000   1.0402   0.03679   0.01269  -0.0334   0.2510   1.0000  82.2298 300.0000
   9.000   1.0402   0.03679   0.01269  -0.0334   0.2510   1.0000  82.2298 300.0000
   9.000   1.0402   0.03679   0.01269  -0.0334   0.2510   1.0000  82.2298 300.0000
   9.000   1.0402   0.03679   0.01269  -0.0334   0.2510   1.0000  82.2298 300.0000
  10.000   1.0858   0.03843   0.01235  -0.0249   0.2471   1.0000  82.6933 300.0000
  10.000   1.0858   0.03843   0.01235  -0.0249   0.2471   1.0000  82.6933 300.0000
  10.000   1.0858   0.03843   0.01235  -0.0249   0.2471   1.0000  82.6933 300.0000
  10.000   1.0858   0.03843   0.01235  -0.0249   0.2471   1.0000  82.6933 300.0000
  10.000   1.0858   0.03843   0.01235  -0.0249   0.2471   1.0000  82.6933 300.0000
  11.000   1.1409   0.03998   0.01173  -0.0182   0.2434   1.0000  83.1421 300.0000
  11.000   1.1409   0.03998   0.01173  -0.0182   0.2434   1.0000  83.1421 300.0000
  11.000   1.1409   0.03998   0.01173  -0.0182   0.2434   1.0000  83.1421 300.0000
  11.000   1.1409   0.03998   0.01173  -0.0182   0.2434   1.0000  83.1420 300.0000
  11.000   1.1409   0.03998   0.01173  -0.0182   0.2434   1.0000  83.1420 300.0000
  12.000   1.1878   0.04215   0.01158  -0.0110   0.2390   1.0000  83.6984 300.0000
  12.000   1.1878   0.04215   0.01158  -0.0110   0.2390   1.0000  83.6984 300.0000
  12.000   1.1878   0.04215   0.01158  -0.0110   0.2390   1.0000  83.6984 300.0000
  12.000   1.1878   0.04215   0.01158  -0.0110   0.2390   1.0000  83.6984 300.0000
  12.000   1.1878   0.04215   0.01158  -0.0110   0.2390   1.0000  83.6984 300.0000
  13.000   1.2395   0.04448   0.01135  -0.0051   0.2342   1.0000  84.3279 300.0000
  13.000   1.2395   0.04448   0.01135  -0.0051   0.2342   1.0000  84.3279 300.0000
  13.000   1.2395   0.04448   0.01135  -0.0051   0.2342   1.0000  84.3279 300.0000
  13.000   1.2395   0.04448   0.01135  -0.0051   0.2342   1.0000  84.3279 300.0000
  13.000   1.2395   0.04448   0.01135  -0.0051   0.2342   1.0000  84.3279 300.0000
  14.000   1.2979   0.04691   0.01096  -0.0009   0.2286   1.0000  85.0772 300.0000
  14.000   1.2979   0.04691   0.01096  -0.0009   0.2286   1.0000  85.0772 300.0000
  14.000   1.2979   0.04691   0.01096  -0.0009   0.2286   1.0000  85.0772 300.0000
  14.000   1.2979   0.04691   0.01096  -0.0009   0.2286   1.0000  85.0772 300.0000
  14.000   1.2979   0.04691   0.01096  -0.0009   0.2286   1.0000  85.0772 300.0000
  15.000   1.3556   0.05018   0.01113   0.0022   0.2223   1.0000  85.9595 300.0000
  15.000   1.3556   0.05018   0.01113   0.0022   0.2223   1.0000  85.9595 300.0000
  15.000   1.3556   0.05018   0.01113   0.0022   0.2223   1.0000  85.9595 300.0000
  15.000   1.3556   0.05018   0.01113   0.0022   0.2223   1.0000  85.9595 300.0000
  15.000   1.3556   0.05018   0.01113   0.0022   0.2223   1.0000  85.9595 300.0000
  16.000   1.4126   0.05414   0.01173   0.0041   0.2156   1.0000  86.9529 300.0000
  16.000   1.4126   0.05414   0.01173   0.0041   0.2156   1.0000  86.9529 300.0000
  16.000   1.4126   0.05414   0.01173   0.0041   0.2156   1.0000  86.9529 300.0000
  16.000   1.4126   0.05414   0.01173   0.0041   0.2156   1.0000  86.9529 300.0000
  16.000   1.4126   0.05414   0.01173   0.0041   0.2156   1.0000  86.9529 300.0000
  17.000   1.4676   0.05859   0.01257   0.0055   0.2090   1.0000  87.9810 300.0000
  17.000   1.4676   0.05859   0.01257   0.0055   0.2090   1.0000  87.9810 300.0000
  17.000   1.4676   0.05859   0.01257   0.0055   0.2090   1.0000  87.9810 300.0000
  17.000   1.4676   0.05859   0.01257   0.0055   0.2090   1.0000  87.9810 300.0000
  17.000   1.4676   0.05859   0.01257   0.0055   0.2090   1.0000  87.9810 300.0000
  18.000   1.5069   0.06468   0.01470   0.0069   0.2026   1.0000  89.0069 300.0000
  18.000   1.5069   0.06468   0.01470   0.0069   0.2026   1.0000  89.0069 300.0000
  18.000   1.5069   0.06468   0.01470   0.0069   0.2026   1.0000  89.0069 300.0000
  18.000   1.5069   0.06468   0.01470   0.0069   0.2026   1.0000  89.0069 300.0000
  18.000   1.5069   0.06468   0.01470   0.0069   0.2026   1.0000  89.0069 300.0000
  19.000   1.5193   0.07383   0.01955   0.0084   0.1961   1.0000  90.1090 300.0000
  19.000   1.5193   0.07383   0.01955   0.0084   0.1961   1.0000  90.1090 300.0000
  19.000   1.5193   0.07383   0.01955   0.0084   0.1961   1.0000  90.1090 300.0000
  19.000   1.5193   0.07383   0.01955   0.0084   0.1961   1.0000  90.1090 300.0000
  19.000   1.5193   0.07383   0.01955   0.0084   0.1961   1.0000  90.1090 300.0000
