  
       XFOIL         Version 6.99
  
 Calculated polar for: NASA/LANGLEY LS(1)-0421MOD AIRFOIL              
  
 1 1 Reynolds number fixed          Mach number fixed         
  
 xtrf =   1.000 (top)        1.000 (bottom)  
 Mach =   0.000     Re =     0.275 e 6     Ncrit =   9.000  9.000
  
   alpha    CL        CD       CDp       CM     Top_Xtr  Bot_Xtr  Top_Itr  Bot_Itr
  ------ -------- --------- --------- -------- -------- -------- -------- --------
   0.000   0.4624   0.01589   0.00718  -0.0754   0.5970   0.7174  51.7335 253.0586
   0.000   0.4624   0.01589   0.00718  -0.0754   0.5970   0.7174  51.7336 253.0588
   0.000   0.4624   0.01589   0.00718  -0.0754   0.5970   0.7174  51.7336 253.0588
   0.000   0.4624   0.01589   0.00718  -0.0754   0.5970   0.7174  51.7336 253.0588
   0.000   0.4624   0.01589   0.00718  -0.0754   0.5970   0.7174  51.7336 253.0588
   1.000   0.5777   0.01625   0.00723  -0.0758   0.5659   0.7306  54.1544 254.0799
   1.000   0.5777   0.01625   0.00723  -0.0758   0.5659   0.7306  54.1544 254.0799
   1.000   0.5777   0.01625   0.00723  -0.0758   0.5659   0.7306  54.1544 254.0799
   1.000   0.5777   0.01625   0.00723  -0.0758   0.5659   0.7306  54.1544 254.0799
   1.000   0.5777   0.01625   0.00723  -0.0758   0.5659   0.7306  54.1544 254.0799
   2.000   0.6972   0.01639   0.00693  -0.0777   0.5302   0.7425  56.9671 255.0039
   2.000   0.6972   0.01639   0.00693  -0.0777   0.5302   0.7425  56.9671 255.0039
   2.000   0.6972   0.01639   0.00693  -0.0777   0.5302   0.7425  56.9671 255.0039
   2.000   0.6972   0.01639   0.00693  -0.0777   0.5302   0.7425  56.9671 255.0039
   2.000   0.6972   0.01639   0.00693  -0.0777   0.5302   0.7425  56.9671 255.0039
   3.000   0.8058   0.01674   0.00695  -0.0770   0.4946   0.7511  59.8103 255.6840
   3.000   0.8058   0.01674   0.00695  -0.0770   0.4946   0.7511  59.8103 255.6838
   3.000   0.8058   0.01674   0.00695  -0.0770   0.4946   0.7511  59.8103 255.6838
   3.000   0.8058   0.01674   0.00695  -0.0770   0.4946   0.7511  59.8103 255.6838
   3.000   0.8058   0.01674   0.00695  -0.0770   0.4946   0.7511  59.8103 255.6838
   4.000   0.9181   0.01711   0.00681  -0.0777   0.4578   0.7612  62.8067 256.4928
   4.000   0.9181   0.01711   0.00681  -0.0777   0.4578   0.7612  62.8067 256.4928
   4.000   0.9181   0.01711   0.00681  -0.0777   0.4578   0.7612  62.8067 256.4928
   4.000   0.9181   0.01711   0.00681  -0.0777   0.4578   0.7612  62.8067 256.4928
   4.000   0.9181   0.01711   0.00681  -0.0777   0.4578   0.7612  62.8067 256.4928
   5.000   1.0272   0.01767   0.00671  -0.0782   0.4189   0.7716  66.0332 257.3496
   5.000   1.0272   0.01767   0.00671  -0.0782   0.4189   0.7716  66.0332 257.3496
   5.000   1.0272   0.01767   0.00671  -0.0782   0.4189   0.7716  66.0332 257.3496
   5.000   1.0272   0.01767   0.00671  -0.0782   0.4189   0.7716  66.0332 257.3496
   5.000   1.0272   0.01767   0.00671  -0.0782   0.4189   0.7716  66.0332 257.3496
   6.000   1.1291   0.01849   0.00673  -0.0776   0.3751   0.7823  69.7552 258.2432
   6.000   1.1291   0.01849   0.00673  -0.0776   0.3751   0.7823  69.7553 258.2432
   6.000   1.1291   0.01849   0.00673  -0.0776   0.3751   0.7823  69.7553 258.2432
   6.000   1.1291   0.01849   0.00673  -0.0776   0.3751   0.7823  69.7553 258.2432
   6.000   1.1291   0.01849   0.00673  -0.0776   0.3751   0.7823  69.7553 258.2432
   7.000   1.2159   0.01982   0.00696  -0.0747   0.3270   0.7931  73.9647 259.1881
   7.000   1.2159   0.01982   0.00696  -0.0747   0.3270   0.7931  73.9648 259.1881
   7.000   1.2159   0.01982   0.00696  -0.0747   0.3270   0.7931  73.9648 259.1881
   7.000   1.2159   0.01982   0.00696  -0.0747   0.3270   0.7931  73.9648 259.1881
   7.000   1.2159   0.01982   0.00696  -0.0747   0.3270   0.7931  73.9648 259.1881
   8.000   1.2718   0.02188   0.00756  -0.0672   0.2763   0.8042  78.6264 260.1952
   8.000   1.2718   0.02188   0.00756  -0.0672   0.2763   0.8042  78.6265 260.1953
   8.000   1.2718   0.02188   0.00756  -0.0672   0.2763   0.8042  78.6265 260.1953
   8.000   1.2718   0.02188   0.00756  -0.0672   0.2763   0.8042  78.6265 260.1953
   8.000   1.2718   0.02188   0.00756  -0.0672   0.2763   0.8042  78.6265 260.1953
   9.000   1.3192   0.02561   0.00934  -0.0609   0.2328   0.8157  82.8624 261.2863
   9.000   1.3192   0.02561   0.00934  -0.0609   0.2328   0.8157  82.8624 261.2863
   9.000   1.3192   0.02561   0.00934  -0.0609   0.2328   0.8157  82.8624 261.2863
   9.000   1.3192   0.02561   0.00934  -0.0609   0.2328   0.8157  82.8624 261.2863
   9.000   1.3192   0.02561   0.00934  -0.0609   0.2328   0.8157  82.8624 261.2863
  10.000   1.3610   0.03049   0.01199  -0.0560   0.2022   0.8273  86.0609 262.4387
  10.000   1.3610   0.03049   0.01199  -0.0560   0.2022   0.8273  86.0610 262.4388
  10.000   1.3610   0.03049   0.01199  -0.0560   0.2022   0.8273  86.0611 262.4388
  10.000   1.3610   0.03049   0.01199  -0.0560   0.2022   0.8273  86.0611 262.4388
  10.000   1.3610   0.03049   0.01199  -0.0560   0.2022   0.8273  86.0611 262.4388
  11.000   1.4014   0.03616   0.01529  -0.0526   0.1803   0.8390  88.5303 263.6595
  11.000   1.4014   0.03616   0.01529  -0.0526   0.1803   0.8390  88.5304 263.6595
  11.000   1.4014   0.03616   0.01529  -0.0526   0.1803   0.8390  88.5304 263.6595
  11.000   1.4014   0.03616   0.01529  -0.0526   0.1803   0.8390  88.5304 263.6595
  11.000   1.4014   0.03616   0.01529  -0.0526   0.1803   0.8390  88.5304 263.6595
  12.000   1.4375   0.04264   0.01914  -0.0501   0.1642   0.8513  90.4618 265.0387
  12.000   1.4375   0.04264   0.01914  -0.0501   0.1642   0.8513  90.4620 265.0394
  12.000   1.4375   0.04264   0.01914  -0.0501   0.1642   0.8513  90.4620 265.0392
  12.000   1.4375   0.04264   0.01914  -0.0501   0.1642   0.8513  90.4620 265.0392
  12.000   1.4375   0.04264   0.01914  -0.0501   0.1642   0.8513  90.4620 265.0392
  13.000   1.4697   0.04938   0.02310  -0.0474   0.1518   0.8627  92.0500 266.4171
  13.000   1.4697   0.04938   0.02310  -0.0474   0.1518   0.8627  92.0500 266.4171
  13.000   1.4697   0.04938   0.02310  -0.0474   0.1518   0.8627  92.0500 266.4171
  13.000   1.4697   0.04938   0.02310  -0.0474   0.1518   0.8627  92.0500 266.4171
  13.000   1.4697   0.04938   0.02310  -0.0474   0.1518   0.8627  92.0500 266.4171
  14.000   1.5021   0.05691   0.02783  -0.0463   0.1407   0.8755  93.5424 268.0888
  14.000   1.5021   0.05691   0.02783  -0.0463   0.1407   0.8755  93.5424 268.0884
  14.000   1.5021   0.05691   0.02783  -0.0463   0.1407   0.8755  93.5424 268.0884
  14.000   1.5021   0.05691   0.02783  -0.0463   0.1407   0.8755  93.5424 268.0884
  14.000   1.5021   0.05691   0.02783  -0.0463   0.1407   0.8755  93.5424 268.0884
  15.000   1.5345   0.06449   0.03244  -0.0455   0.1317   0.8891  94.8268 270.0346
  15.000   1.5345   0.06449   0.03244  -0.0455   0.1317   0.8890  94.8267 270.0336
  15.000   1.5345   0.06449   0.03244  -0.0455   0.1317   0.8890  94.8267 270.0336
  15.000   1.5345   0.06449   0.03244  -0.0455   0.1317   0.8890  94.8267 270.0336
  15.000   1.5345   0.06449   0.03244  -0.0455   0.1317   0.8890  94.8267 270.0336
  16.000   1.5689   0.07170   0.03664  -0.0448   0.1240   0.9036  95.9849 272.3731
  16.000   1.5689   0.07171   0.03664  -0.0448   0.1240   0.9036  95.9850 272.3740
  16.000   1.5689   0.07171   0.03664  -0.0448   0.1240   0.9036  95.9850 272.3740
  16.000   1.5689   0.07171   0.03664  -0.0448   0.1240   0.9036  95.9850 272.3740
  16.000   1.5689   0.07171   0.03664  -0.0448   0.1240   0.9036  95.9850 272.3740
  17.000   1.5966   0.07997   0.04194  -0.0449   0.1173   0.9203  97.0528 275.3891
  17.000   1.5966   0.07997   0.04194  -0.0449   0.1173   0.9203  97.0529 275.3906
  17.000   1.5966   0.07997   0.04194  -0.0449   0.1173   0.9203  97.0529 275.3905
  17.000   1.5966   0.07997   0.04194  -0.0449   0.1173   0.9203  97.0529 275.3905
  17.000   1.5966   0.07997   0.04194  -0.0449   0.1173   0.9203  97.0529 275.3905
  18.000   1.6267   0.08759   0.04673  -0.0450   0.1115   0.9413  98.0085 279.8985
  18.000   1.6267   0.08759   0.04673  -0.0450   0.1115   0.9413  98.0084 279.8916
  18.000   1.6267   0.08759   0.04673  -0.0450   0.1115   0.9413  98.0084 279.8917
  18.000   1.6267   0.08759   0.04673  -0.0450   0.1115   0.9413  98.0084 279.8917
  18.000   1.6267   0.08759   0.04673  -0.0450   0.1115   0.9413  98.0084 279.8917
  19.000   1.6345   0.09762   0.05467  -0.0465   0.1065   1.0000  98.8712 300.0000
  19.000   1.6344   0.09762   0.05467  -0.0465   0.1065   1.0000  98.8710 300.0000
  19.000   1.6344   0.09762   0.05467  -0.0465   0.1065   1.0000  98.8709 300.0000
  19.000   1.6344   0.09762   0.05467  -0.0465   0.1065   1.0000  98.8709 300.0000
  19.000   1.6344   0.09762   0.05467  -0.0465   0.1065   1.0000  98.8709 300.0000
