  
       XFOIL         Version 6.99
  
 Calculated polar for: NASA/LANGLEY LS(1)-0421MOD AIRFOIL              
  
 1 1 Reynolds number fixed          Mach number fixed         
  
 xtrf =   1.000 (top)        1.000 (bottom)  
 Mach =   0.000     Re =     0.425 e 6     Ncrit =   9.000  9.000
  
   alpha    CL        CD       CDp       CM     Top_Xtr  Bot_Xtr  Top_Itr  Bot_Itr
  ------ -------- --------- --------- -------- -------- -------- -------- --------
   0.000   0.5028   0.01200   0.00411  -0.0872   0.5634   0.6955  54.3547 251.3772
   0.000   0.5028   0.01200   0.00411  -0.0872   0.5634   0.6955  54.3547 251.3772
   0.000   0.5028   0.01200   0.00411  -0.0872   0.5634   0.6955  54.3547 251.3772
   0.000   0.5028   0.01200   0.00411  -0.0872   0.5634   0.6955  54.3547 251.3772
   0.000   0.5028   0.01200   0.00411  -0.0872   0.5634   0.6955  54.3547 251.3772
   1.000   0.6223   0.01241   0.00422  -0.0885   0.5312   0.7080  56.8891 252.3381
   1.000   0.6223   0.01241   0.00422  -0.0885   0.5312   0.7080  56.8891 252.3381
   1.000   0.6223   0.01241   0.00422  -0.0885   0.5312   0.7080  56.8891 252.3381
   1.000   0.6223   0.01241   0.00422  -0.0885   0.5312   0.7080  56.8891 252.3381
   1.000   0.6223   0.01241   0.00422  -0.0885   0.5312   0.7080  56.8891 252.3381
   2.000   0.7429   0.01272   0.00414  -0.0904   0.4944   0.7184  59.8253 253.1376
   2.000   0.7429   0.01272   0.00414  -0.0904   0.4944   0.7184  59.8254 253.1375
   2.000   0.7429   0.01272   0.00414  -0.0904   0.4944   0.7184  59.8254 253.1375
   2.000   0.7429   0.01272   0.00414  -0.0904   0.4944   0.7184  59.8254 253.1375
   2.000   0.7429   0.01272   0.00414  -0.0904   0.4944   0.7184  59.8254 253.1375
   3.000   0.8602   0.01319   0.00417  -0.0917   0.4584   0.7282  62.7609 253.8953
   3.000   0.8602   0.01319   0.00417  -0.0917   0.4584   0.7282  62.7609 253.8952
   3.000   0.8602   0.01319   0.00417  -0.0917   0.4584   0.7282  62.7609 253.8952
   3.000   0.8602   0.01319   0.00417  -0.0917   0.4584   0.7282  62.7609 253.8952
   3.000   0.8602   0.01319   0.00417  -0.0917   0.4584   0.7282  62.7609 253.8952
   4.000   0.9725   0.01379   0.00430  -0.0921   0.4213   0.7367  65.8390 254.5533
   4.000   0.9725   0.01379   0.00430  -0.0921   0.4213   0.7367  65.8390 254.5534
   4.000   0.9725   0.01379   0.00430  -0.0921   0.4213   0.7367  65.8390 254.5534
   4.000   0.9725   0.01379   0.00430  -0.0921   0.4213   0.7367  65.8390 254.5534
   4.000   0.9725   0.01379   0.00430  -0.0921   0.4213   0.7367  65.8390 254.5534
   5.000   1.0825   0.01456   0.00445  -0.0924   0.3812   0.7461  69.2373 255.2846
   5.000   1.0825   0.01456   0.00445  -0.0924   0.3812   0.7461  69.2373 255.2845
   5.000   1.0825   0.01456   0.00445  -0.0924   0.3812   0.7461  69.2373 255.2845
   5.000   1.0825   0.01456   0.00445  -0.0924   0.3812   0.7461  69.2373 255.2845
   5.000   1.0825   0.01456   0.00445  -0.0924   0.3812   0.7461  69.2373 255.2845
   6.000   1.1859   0.01563   0.00470  -0.0918   0.3361   0.7561  73.1499 256.0768
   6.000   1.1859   0.01563   0.00470  -0.0918   0.3361   0.7561  73.1499 256.0768
   6.000   1.1859   0.01563   0.00470  -0.0918   0.3361   0.7561  73.1499 256.0768
   6.000   1.1859   0.01563   0.00470  -0.0918   0.3361   0.7561  73.1499 256.0768
   6.000   1.1859   0.01563   0.00470  -0.0918   0.3361   0.7561  73.1499 256.0768
   8.000   1.3320   0.01938   0.00603  -0.0807   0.2352   0.7754  82.6210 257.6629
   8.000   1.3320   0.01938   0.00603  -0.0807   0.2352   0.7754  82.6210 257.6628
   8.000   1.3320   0.01938   0.00603  -0.0807   0.2352   0.7754  82.6210 257.6628
   8.000   1.3320   0.01938   0.00603  -0.0807   0.2352   0.7754  82.6210 257.6628
   8.000   1.3320   0.01938   0.00603  -0.0807   0.2352   0.7754  82.6210 257.6628
   9.000   1.3860   0.02270   0.00766  -0.0743   0.1985   0.7858  86.4752 258.5510
   9.000   1.3860   0.02270   0.00766  -0.0743   0.1985   0.7858  86.4753 258.5510
   9.000   1.3860   0.02270   0.00766  -0.0743   0.1985   0.7858  86.4753 258.5510
   9.000   1.3860   0.02270   0.00766  -0.0743   0.1985   0.7858  86.4753 258.5510
   9.000   1.3860   0.02270   0.00766  -0.0743   0.1985   0.7858  86.4753 258.5510
  10.000   1.4331   0.02715   0.01009  -0.0692   0.1744   0.7965  89.2315 259.4954
  10.000   1.4331   0.02715   0.01009  -0.0692   0.1744   0.7965  89.2315 259.4953
  10.000   1.4331   0.02715   0.01009  -0.0692   0.1744   0.7965  89.2314 259.4953
  10.000   1.4331   0.02715   0.01009  -0.0692   0.1744   0.7965  89.2314 259.4953
  10.000   1.4331   0.02715   0.01009  -0.0692   0.1744   0.7965  89.2314 259.4953
  11.000   1.4740   0.03271   0.01334  -0.0651   0.1575   0.8072  91.3140 260.4721
  11.000   1.4740   0.03271   0.01334  -0.0651   0.1575   0.8072  91.3139 260.4720
  11.000   1.4740   0.03271   0.01334  -0.0651   0.1575   0.8072  91.3138 260.4720
  11.000   1.4740   0.03271   0.01334  -0.0651   0.1575   0.8072  91.3138 260.4720
  11.000   1.4740   0.03271   0.01334  -0.0651   0.1575   0.8072  91.3138 260.4720
  12.000   1.5041   0.03963   0.01757  -0.0617   0.1448   0.8180  92.9747 261.5027
  12.000   1.5042   0.03963   0.01757  -0.0617   0.1448   0.8180  92.9748 261.5028
  12.000   1.5042   0.03963   0.01757  -0.0617   0.1448   0.8180  92.9748 261.5028
  12.000   1.5042   0.03963   0.01757  -0.0617   0.1448   0.8180  92.9748 261.5028
  12.000   1.5042   0.03963   0.01757  -0.0617   0.1448   0.8180  92.9748 261.5028
  13.000   1.5330   0.04717   0.02233  -0.0594   0.1341   0.8287  94.4850 262.5724
  13.000   1.5330   0.04717   0.02233  -0.0594   0.1341   0.8287  94.4847 262.5726
  13.000   1.5330   0.04717   0.02233  -0.0594   0.1341   0.8287  94.4847 262.5725
  13.000   1.5330   0.04717   0.02233  -0.0594   0.1341   0.8287  94.4847 262.5725
  13.000   1.5330   0.04717   0.02233  -0.0594   0.1341   0.8287  94.4847 262.5725
  14.000   1.5542   0.05601   0.02807  -0.0580   0.1253   0.8399  95.7869 263.7584
  14.000   1.5542   0.05601   0.02807  -0.0580   0.1253   0.8399  95.7869 263.7586
  14.000   1.5542   0.05601   0.02807  -0.0580   0.1253   0.8399  95.7869 263.7585
  14.000   1.5542   0.05601   0.02807  -0.0580   0.1253   0.8399  95.7869 263.7585
  14.000   1.5542   0.05601   0.02807  -0.0580   0.1253   0.8399  95.7869 263.7585
  15.000   1.5715   0.06567   0.03444  -0.0574   0.1178   0.8514  96.9740 265.0436
  15.000   1.5715   0.06567   0.03444  -0.0574   0.1178   0.8514  96.9740 265.0440
  15.000   1.5715   0.06567   0.03444  -0.0574   0.1178   0.8514  96.9740 265.0440
  15.000   1.5715   0.06567   0.03444  -0.0574   0.1178   0.8514  96.9740 265.0440
  15.000   1.5715   0.06567   0.03444  -0.0574   0.1178   0.8514  96.9740 265.0440
  16.000   1.5877   0.07565   0.04123  -0.0574   0.1111   0.8625  98.0798 266.3883
  16.000   1.5877   0.07565   0.04123  -0.0574   0.1111   0.8625  98.0797 266.3882
  16.000   1.5877   0.07565   0.04123  -0.0574   0.1111   0.8625  98.0797 266.3882
  16.000   1.5877   0.07565   0.04123  -0.0574   0.1111   0.8625  98.0797 266.3882
  16.000   1.5877   0.07565   0.04123  -0.0574   0.1111   0.8625  98.0797 266.3882
  17.000   1.6038   0.08596   0.04843  -0.0583   0.1052   0.8751  99.1022 268.0328
  17.000   1.6038   0.08596   0.04843  -0.0583   0.1052   0.8751  99.1022 268.0331
  17.000   1.6038   0.08596   0.04843  -0.0583   0.1052   0.8751  99.1022 268.0331
  17.000   1.6038   0.08596   0.04843  -0.0583   0.1052   0.8751  99.1022 268.0331
  17.000   1.6038   0.08596   0.04843  -0.0583   0.1052   0.8751  99.1022 268.0331
  18.000   1.6209   0.09605   0.05571  -0.0596   0.1000   0.8883 100.0455 269.9206
  18.000   1.6209   0.09605   0.05571  -0.0596   0.1000   0.8883 100.0453 269.9194
  18.000   1.6209   0.09605   0.05571  -0.0596   0.1000   0.8883 100.0453 269.9193
  18.000   1.6209   0.09605   0.05571  -0.0596   0.1000   0.8883 100.0453 269.9193
  18.000   1.6209   0.09605   0.05571  -0.0596   0.1000   0.8883 100.0453 269.9193
  19.000   1.6367   0.10646   0.06396  -0.0619   0.0954   0.9027 100.9067 272.2213
  19.000   1.6367   0.10646   0.06396  -0.0619   0.0954   0.9027 100.9067 272.2220
  19.000   1.6367   0.10646   0.06396  -0.0619   0.0954   0.9027 100.9067 272.2222
  19.000   1.6367   0.10646   0.06396  -0.0619   0.0954   0.9027 100.9067 272.2222
  19.000   1.6367   0.10646   0.06396  -0.0619   0.0954   0.9027 100.9067 272.2222
