  
       XFOIL         Version 6.99
  
 Calculated polar for: WORTMANN FX 63-137 AIRFOIL                      
  
 1 1 Reynolds number fixed          Mach number fixed         
  
 xtrf =   1.000 (top)        1.000 (bottom)  
 Mach =   0.000     Re =     0.060 e 6     Ncrit =   9.000  9.000
  
   alpha    CL        CD       CDp       CM     Top_Xtr  Bot_Xtr  Top_Itr  Bot_Itr
  ------ -------- --------- --------- -------- -------- -------- -------- --------
   0.000   0.3039   0.04687   0.03269  -0.1202   0.8366   0.7496  12.9148 142.2541
   0.050   0.3103   0.04692   0.03262  -0.1199   0.8354   0.7575  12.9873 142.7441
   0.100   0.3091   0.04714   0.03287  -0.1194   0.8328   0.7614  13.1483 142.9872
   0.150   0.3065   0.04723   0.03298  -0.1182   0.8307   0.7640  13.2797 143.1520
   0.200   0.3060   0.04731   0.03304  -0.1173   0.8288   0.7677  13.3968 143.3855
   0.250   0.3087   0.04741   0.03311  -0.1169   0.8270   0.7732  13.5071 143.7257
   0.300   0.3141   0.04750   0.03317  -0.1169   0.8253   0.7791  13.6108 144.0957
   0.350   0.3168   0.04752   0.03314  -0.1162   0.8239   0.7834  13.7025 144.3686
   0.400   0.3231   0.04757   0.03314  -0.1163   0.8224   0.7890  13.7899 144.7219
   0.450   0.3324   0.04764   0.03315  -0.1169   0.8211   0.7948  13.8712 145.0828
   0.500   0.3386   0.04764   0.03306  -0.1167   0.8200   0.7991  13.9413 145.3567
   0.550   0.3458   0.04772   0.03305  -0.1169   0.8187   0.8038  14.0204 145.6573
   0.600   0.3418   0.04797   0.03335  -0.1161   0.8162   0.8059  14.1741 145.7888
   0.650   0.3443   0.04818   0.03357  -0.1162   0.8141   0.8094  14.3040 146.0094
   0.700   0.3449   0.04826   0.03364  -0.1155   0.8123   0.8121  14.4170 146.1833
   0.750   0.3477   0.04833   0.03369  -0.1152   0.8105   0.8155  14.5251 146.3990
   0.800   0.3533   0.04841   0.03374  -0.1153   0.8089   0.8195  14.6292 146.6596
   0.850   0.3625   0.04852   0.03382  -0.1161   0.8072   0.8243  14.7300 146.9611
   0.900   0.3687   0.04851   0.03377  -0.1161   0.8058   0.8280  14.8178 147.1995
   0.950   0.3766   0.04851   0.03369  -0.1163   0.8045   0.8322  14.8984 147.4732
   1.000   0.3878   0.04855   0.03363  -0.1171   0.8033   0.8373  14.9730 147.7998
   1.050   0.3872   0.04881   0.03391  -0.1168   0.8008   0.8399  15.1266 147.9712
   1.100   0.3849   0.04900   0.03411  -0.1160   0.7985   0.8422  15.2721 148.1165
   1.150   0.3855   0.04911   0.03422  -0.1155   0.7964   0.8451  15.3975 148.3046
   1.200   0.3888   0.04921   0.03430  -0.1153   0.7945   0.8487  15.5130 148.5399
   1.250   0.3949   0.04931   0.03437  -0.1156   0.7928   0.8530  15.6213 148.8201
   1.300   0.4017   0.04937   0.03440  -0.1158   0.7912   0.8573  15.7195 149.0988
   1.350   0.4073   0.04935   0.03433  -0.1157   0.7898   0.8616  15.8058 149.3779
   1.400   0.4157   0.04937   0.03428  -0.1161   0.7885   0.8666  15.8856 149.7038
   1.450   0.4265   0.04940   0.03423  -0.1168   0.7873   0.8718  15.9579 150.0436
   1.500   0.4269   0.04954   0.03433  -0.1163   0.7855   0.8750  16.0702 150.2541
   1.550   0.4222   0.04984   0.03465  -0.1154   0.7832   0.8773  16.2143 150.4087
   1.600   0.4224   0.05005   0.03486  -0.1150   0.7812   0.8806  16.3347 150.6276
   1.650   0.4256   0.05024   0.03504  -0.1150   0.7793   0.8844  16.4487 150.8782
   1.700   0.4294   0.05034   0.03513  -0.1149   0.7776   0.8883  16.5550 151.1343
   1.750   0.4338   0.05039   0.03514  -0.1148   0.7760   0.8925  16.6553 151.4163
   1.800   0.4408   0.05042   0.03514  -0.1151   0.7744   0.8974  16.7520 151.7399
   1.850   0.4495   0.05043   0.03510  -0.1156   0.7729   0.9024  16.8419 152.0809
   1.900   0.4578   0.05036   0.03495  -0.1158   0.7716   0.9079  16.9211 152.4529
   1.950   0.4692   0.05032   0.03481  -0.1165   0.7705   0.9141  16.9931 152.8721
   2.000   0.4600   0.05077   0.03531  -0.1152   0.7671   0.9162  17.2028 153.0169
   2.050   0.4586   0.05094   0.03549  -0.1146   0.7646   0.9202  17.3565 153.2976
   2.100   0.4613   0.05105   0.03559  -0.1144   0.7624   0.9255  17.4941 153.6655
   2.150   0.4667   0.05109   0.03562  -0.1145   0.7603   0.9317  17.6198 154.1024
   2.200   0.4737   0.05106   0.03556  -0.1148   0.7585   0.9394  17.7335 154.6603
   2.250   0.4841   0.05100   0.03549  -0.1155   0.7568   0.9494  17.8388 155.4098
   2.300   0.4970   0.05090   0.03536  -0.1165   0.7552   0.9662  17.9369 156.7374
   2.350   0.4988   0.05112   0.03562  -0.1165   0.7523   1.0000  18.1169 160.0000
   2.400   0.4975   0.05155   0.03610  -0.1164   0.7491   1.0000  18.3126 160.0000
   2.450   0.5038   0.05185   0.03642  -0.1172   0.7466   1.0000  18.4662 160.0000
   2.500   0.5136   0.05207   0.03665  -0.1183   0.7445   1.0000  18.6003 160.0000
   2.550   0.5259   0.05223   0.03682  -0.1196   0.7426   1.0000  18.7179 160.0000
   2.600   0.5403   0.05234   0.03691  -0.1212   0.7409   1.0000  18.8199 160.0000
   2.650   0.5563   0.05241   0.03695  -0.1228   0.7395   1.0000  18.9070 160.0000
   2.700   0.5737   0.05245   0.03693  -0.1246   0.7383   1.0000  18.9801 160.0000
   2.750   0.5657   0.05315   0.03766  -0.1239   0.7348   1.0000  19.1946 160.0000
   2.800   0.5670   0.05361   0.03814  -0.1241   0.7322   1.0000  19.3579 160.0000
   2.850   0.5733   0.05393   0.03847  -0.1248   0.7300   1.0000  19.4935 160.0000
   2.900   0.5825   0.05418   0.03871  -0.1258   0.7281   1.0000  19.6119 160.0000
   2.950   0.5937   0.05436   0.03888  -0.1270   0.7264   1.0000  19.7159 160.0000
   3.000   0.6065   0.05449   0.03899  -0.1282   0.7249   1.0000  19.8071 160.0000
   3.050   0.6207   0.05458   0.03904  -0.1297   0.7236   1.0000  19.8857 160.0000
   3.100   0.6360   0.05463   0.03904  -0.1311   0.7225   1.0000  19.9531 160.0000
   3.150   0.6389   0.05511   0.03948  -0.1315   0.7204   1.0000  20.0861 160.0000
   3.200   0.6324   0.05588   0.04028  -0.1310   0.7173   1.0000  20.2722 160.0000
   3.250   0.6351   0.05636   0.04076  -0.1313   0.7151   1.0000  20.4085 160.0000
   3.300   0.6412   0.05671   0.04110  -0.1320   0.7132   1.0000  20.5274 160.0000
   3.350   0.6499   0.05697   0.04134  -0.1328   0.7115   1.0000  20.6352 160.0000
   3.400   0.6605   0.05715   0.04150  -0.1338   0.7099   1.0000  20.7330 160.0000
   3.450   0.6730   0.05725   0.04157  -0.1350   0.7085   1.0000  20.8205 160.0000
   3.500   0.6871   0.05729   0.04156  -0.1363   0.7072   1.0000  20.8971 160.0000
   3.550   0.7025   0.05728   0.04147  -0.1376   0.7062   1.0000  20.9639 160.0000
   3.600   0.6963   0.05811   0.04229  -0.1371   0.7030   1.0000  21.1587 160.0000
   3.650   0.6931   0.05881   0.04299  -0.1369   0.7001   1.0000  21.3428 160.0000
   3.700   0.6973   0.05920   0.04338  -0.1373   0.6978   1.0000  21.4869 160.0000
   3.750   0.7054   0.05944   0.04359  -0.1380   0.6958   1.0000  21.6128 160.0000
   3.800   0.7161   0.05956   0.04367  -0.1389   0.6940   1.0000  21.7239 160.0000
   3.850   0.7292   0.05956   0.04364  -0.1399   0.6925   1.0000  21.8203 160.0000
   3.900   0.7440   0.05949   0.04350  -0.1411   0.6911   1.0000  21.9027 160.0000
   3.950   0.7603   0.05934   0.04327  -0.1424   0.6900   1.0000  21.9722 160.0000
   4.000   0.7470   0.06052   0.04445  -0.1413   0.6859   1.0000  22.2273 160.0000
   4.050   0.7464   0.06112   0.04503  -0.1412   0.6831   1.0000  22.4075 160.0000
   4.100   0.7522   0.06142   0.04532  -0.1417   0.6808   1.0000  22.5489 160.0000
   4.150   0.7613   0.06157   0.04543  -0.1423   0.6789   1.0000  22.6684 160.0000
   4.200   0.7730   0.06158   0.04540  -0.1432   0.6772   1.0000  22.7713 160.0000
   4.250   0.7867   0.06148   0.04524  -0.1441   0.6758   1.0000  22.8596 160.0000
   4.300   0.8021   0.06129   0.04497  -0.1452   0.6746   1.0000  22.9344 160.0000
   4.350   0.8188   0.06102   0.04460  -0.1463   0.6736   1.0000  22.9967 160.0000
   4.400   0.7936   0.06288   0.04649  -0.1444   0.6680   1.0000  23.3478 160.0000
   4.450   0.7974   0.06325   0.04683  -0.1446   0.6653   1.0000  23.5103 160.0000
   4.500   0.8058   0.06337   0.04691  -0.1451   0.6632   1.0000  23.6407 160.0000
   4.550   0.8171   0.06333   0.04683  -0.1458   0.6615   1.0000  23.7483 160.0000
   4.600   0.8301   0.06318   0.04662  -0.1466   0.6601   1.0000  23.8382 160.0000
   4.650   0.8447   0.06295   0.04632  -0.1474   0.6589   1.0000  23.9121 160.0000
   4.700   0.8601   0.06267   0.04594  -0.1483   0.6579   1.0000  23.9734 160.0000
   4.750   0.8393   0.06447   0.04773  -0.1469   0.6529   1.0000  24.2853 160.0000
   4.800   0.8393   0.06508   0.04831  -0.1468   0.6502   1.0000  24.4541 160.0000
   4.850   0.8449   0.06535   0.04854  -0.1471   0.6481   1.0000  24.5840 160.0000
   4.900   0.8536   0.06544   0.04858  -0.1476   0.6463   1.0000  24.6917 160.0000
   4.950   0.8641   0.06540   0.04849  -0.1481   0.6449   1.0000  24.7833 160.0000
   5.000   0.8763   0.06526   0.04829  -0.1487   0.6436   1.0000  24.8603 160.0000
   5.050   0.8898   0.06504   0.04799  -0.1494   0.6426   1.0000  24.9249 160.0000
   5.100   0.9039   0.06477   0.04763  -0.1501   0.6417   1.0000  24.9801 160.0000
   5.150   0.8783   0.06704   0.04988  -0.1486   0.6364   1.0000  25.3157 160.0000
   5.200   0.8786   0.06765   0.05045  -0.1485   0.6339   1.0000  25.4744 160.0000
   5.250   0.8839   0.06794   0.05069  -0.1487   0.6319   1.0000  25.5965 160.0000
   5.300   0.8917   0.06806   0.05077  -0.1490   0.6303   1.0000  25.6975 160.0000
   5.350   0.9013   0.06807   0.05071  -0.1495   0.6290   1.0000  25.7835 160.0000
   5.400   0.9127   0.06794   0.05052  -0.1499   0.6278   1.0000  25.8576 160.0000
   5.450   0.9255   0.06770   0.05020  -0.1505   0.6268   1.0000  25.9217 160.0000
   5.500   0.9395   0.06738   0.04978  -0.1511   0.6259   1.0000  25.9772 160.0000
   5.550   0.9128   0.06990   0.05228  -0.1497   0.6206   1.0000  26.3053 160.0000
   5.600   0.9122   0.07057   0.05291  -0.1495   0.6180   1.0000  26.4704 160.0000
   5.650   0.9177   0.07081   0.05310  -0.1497   0.6159   1.0000  26.6007 160.0000
   5.700   0.9265   0.07079   0.05303  -0.1500   0.6142   1.0000  26.7106 160.0000
   5.750   0.9381   0.07056   0.05274  -0.1503   0.6127   1.0000  26.8033 160.0000
   5.800   0.9518   0.07017   0.05226  -0.1508   0.6115   1.0000  26.8808 160.0000
   5.850   0.9669   0.06964   0.05165  -0.1513   0.6104   1.0000  26.9466 160.0000
   5.950   0.9455   0.07247   0.05439  -0.1500   0.6024   1.0000  27.4461 160.0000
   5.950   0.9455   0.07247   0.05439  -0.1500   0.6024   1.0000  27.4460 160.0000
   6.000   0.9511   0.07263   0.05450  -0.1501   0.6000   1.0000  27.5951 160.0000
   6.100   0.9739   0.07203   0.05377  -0.1506   0.5966   1.0000  27.8065 160.0000
   6.150   0.9884   0.07147   0.05313  -0.1510   0.5954   1.0000  27.8838 160.0000
   6.150   0.9884   0.07147   0.05313  -0.1510   0.5954   1.0000  27.8838 160.0000
   6.200   1.0041   0.07079   0.05237  -0.1514   0.5944   1.0000  27.9461 160.0000
   6.250   1.0207   0.07004   0.05153  -0.1518   0.5936   1.0000  27.9967 160.0000
   6.350   0.9870   0.07398   0.05541  -0.1502   0.5835   1.0000  28.6246 160.0000
   6.400   0.9971   0.07376   0.05512  -0.1504   0.5818   1.0000  28.7294 160.0000
   6.450   1.0088   0.07340   0.05469  -0.1506   0.5805   1.0000  28.8142 160.0000
   6.450   1.0088   0.07340   0.05469  -0.1506   0.5805   1.0000  28.8141 160.0000
   6.500   1.0218   0.07291   0.05413  -0.1509   0.5794   1.0000  28.8827 160.0000
   6.550   1.0359   0.07235   0.05349  -0.1512   0.5785   1.0000  28.9383 160.0000
   6.600   1.0502   0.07175   0.05280  -0.1515   0.5777   1.0000  28.9856 160.0000
   6.750   1.0219   0.07624   0.05714  -0.1502   0.5665   1.0000  29.6977 160.0000
   6.800   1.0314   0.07607   0.05691  -0.1504   0.5651   1.0000  29.7819 160.0000
   6.850   1.0425   0.07575   0.05651  -0.1505   0.5640   1.0000  29.8515 160.0000
   6.850   1.0425   0.07575   0.05651  -0.1505   0.5640   1.0000  29.8514 160.0000
   6.900   1.0549   0.07531   0.05599  -0.1508   0.5631   1.0000  29.9094 160.0000
   6.900   1.0549   0.07531   0.05599  -0.1508   0.5631   1.0000  29.9094 160.0000
   6.950   1.0684   0.07476   0.05535  -0.1510   0.5623   1.0000  29.9592 160.0000
   7.050   1.0347   0.07928   0.05978  -0.1499   0.5533   1.0000  30.5285 160.0000
   7.100   1.0413   0.07935   0.05978  -0.1500   0.5514   1.0000  30.6474 160.0000
   7.150   1.0510   0.07909   0.05946  -0.1500   0.5498   1.0000  30.7448 160.0000
   7.200   1.0632   0.07859   0.05887  -0.1501   0.5485   1.0000  30.8251 160.0000
   7.250   1.0776   0.07785   0.05806  -0.1503   0.5475   1.0000  30.8909 160.0000
   7.300   1.0932   0.07696   0.05708  -0.1504   0.5466   1.0000  30.9462 160.0000
   7.300   1.0933   0.07696   0.05708  -0.1504   0.5466   1.0000  30.9461 160.0000
   7.350   1.1100   0.07593   0.05596  -0.1505   0.5459   1.0000  30.9922 160.0000
   7.500   1.0799   0.08090   0.06077  -0.1495   0.5336   1.0000  31.7536 160.0000
   7.550   1.0941   0.08009   0.05988  -0.1495   0.5323   1.0000  31.8321 160.0000
   7.600   1.1097   0.07910   0.05881  -0.1496   0.5313   1.0000  31.8957 160.0000
   7.650   1.1264   0.07798   0.05760  -0.1496   0.5305   1.0000  31.9478 160.0000
   7.700   1.1440   0.07674   0.05628  -0.1496   0.5298   1.0000  31.9888 160.0000
   7.800   1.1000   0.08276   0.06220  -0.1488   0.5186   1.0000  32.6890 160.0000
   7.800   1.1000   0.08276   0.06220  -0.1488   0.5186   1.0000  32.6892 160.0000
   7.850   1.1125   0.08207   0.06143  -0.1488   0.5172   1.0000  32.7771 160.0000
   7.900   1.1265   0.08120   0.06048  -0.1487   0.5160   1.0000  32.8475 160.0000
   7.950   1.1416   0.08020   0.05940  -0.1487   0.5151   1.0000  32.9045 160.0000
   8.000   1.1576   0.07909   0.05820  -0.1486   0.5144   1.0000  32.9497 160.0000
   8.050   1.1745   0.07786   0.05690  -0.1486   0.5138   1.0000  32.9857 160.0000
   8.200   1.1404   0.08376   0.06260  -0.1480   0.5010   1.0000  33.7910 160.0000
   8.250   1.1542   0.08286   0.06161  -0.1478   0.5000   1.0000  33.8566 160.0000
   8.300   1.1691   0.08181   0.06047  -0.1477   0.4992   1.0000  33.9082 160.0000
   8.350   1.1849   0.08066   0.05925  -0.1476   0.4985   1.0000  33.9492 160.0000
   8.400   1.2015   0.07937   0.05789  -0.1475   0.4980   1.0000  33.9832 160.0000
   8.750   1.1555   0.08998   0.06800  -0.1468   0.4733   1.0000  35.5248 160.0000
   8.800   1.1637   0.08966   0.06760  -0.1466   0.4714   1.0000  35.6458 160.0000
   8.850   1.1761   0.08877   0.06662  -0.1463   0.4699   1.0000  35.7391 160.0000
   8.900   1.1926   0.08730   0.06505  -0.1460   0.4687   1.0000  35.8118 160.0000
   8.950   1.2137   0.08513   0.06279  -0.1455   0.4678   1.0000  35.8657 160.0000
   9.000   1.2383   0.08236   0.05995  -0.1449   0.4672   1.0000  35.9051 160.0000
   9.000   1.2383   0.08236   0.05995  -0.1449   0.4672   1.0000  35.9051 160.0000
   9.050   1.2660   0.07899   0.05657  -0.1443   0.4668   1.0000  35.9291 160.0000
   9.050   1.2660   0.07899   0.05657  -0.1443   0.4668   1.0000  35.9290 160.0000
   9.100   1.2983   0.07480   0.05245  -0.1435   0.4668   1.0000  35.9278 160.0000
   9.100   1.2983   0.07480   0.05245  -0.1435   0.4668   1.0000  35.9278 160.0000
   9.150   1.3426   0.06880   0.04666  -0.1426   0.4675   1.0000  35.8854 160.0000
   9.150   1.3427   0.06880   0.04666  -0.1426   0.4675   1.0000  35.8853 160.0000
   9.200   1.5906   0.04432   0.02365  -0.1543   0.4653   1.0000  36.0237 160.0000
   9.200   1.5906   0.04432   0.02365  -0.1543   0.4653   1.0000  36.0237 160.0000
   9.250   1.5694   0.04593   0.02511  -0.1514   0.4635   1.0000  36.1346 160.0000
   9.250   1.5694   0.04593   0.02511  -0.1514   0.4635   1.0000  36.1346 160.0000
   9.300   1.5478   0.04774   0.02673  -0.1488   0.4615   1.0000  36.2586 160.0000
   9.300   1.5478   0.04774   0.02673  -0.1488   0.4615   1.0000  36.2585 160.0000
   9.350   1.5301   0.04942   0.02821  -0.1468   0.4591   1.0000  36.4084 160.0000
   9.350   1.5301   0.04942   0.02820  -0.1468   0.4591   1.0000  36.4087 160.0000
   9.400   1.5492   0.04815   0.02691  -0.1475   0.4551   1.0000  36.6583 160.0000
   9.400   1.5492   0.04815   0.02691  -0.1475   0.4551   1.0000  36.6583 160.0000
   9.450   1.6065   0.04442   0.02319  -0.1519   0.4485   1.0000  37.0700 160.0000
   9.450   1.6065   0.04442   0.02319  -0.1519   0.4485   1.0000  37.0699 160.0000
   9.500   1.5910   0.04565   0.02429  -0.1496   0.4465   1.0000  37.1939 160.0000
   9.550   1.5787   0.04675   0.02525  -0.1478   0.4442   1.0000  37.3413 160.0000
   9.600   1.5774   0.04709   0.02547  -0.1470   0.4411   1.0000  37.5383 160.0000
   9.650   1.6333   0.04371   0.02200  -0.1515   0.4337   1.0000  38.0057 160.0000
   9.700   1.6202   0.04474   0.02292  -0.1494   0.4318   1.0000  38.1263 160.0000
   9.750   1.6095   0.04567   0.02374  -0.1476   0.4295   1.0000  38.2685 160.0000
   9.800   1.6048   0.04623   0.02417  -0.1464   0.4267   1.0000  38.4485 160.0000
   9.850   1.6219   0.04530   0.02313  -0.1472   0.4218   1.0000  38.7582 160.0000
   9.900   1.6422   0.04424   0.02189  -0.1484   0.4164   1.0000  39.0940 160.0000
   9.950   1.6326   0.04509   0.02262  -0.1467   0.4142   1.0000  39.2338 160.0000
  10.000   1.6273   0.04568   0.02310  -0.1455   0.4113   1.0000  39.4100 160.0000
  10.050   1.6336   0.04547   0.02274  -0.1453   0.4071   1.0000  39.6749 160.0000
  10.100   1.6564   0.04423   0.02127  -0.1466   0.4007   1.0000  40.0703 160.0000
  10.150   1.6470   0.04505   0.02200  -0.1450   0.3985   1.0000  40.2073 160.0000
  10.200   1.6406   0.04572   0.02254  -0.1437   0.3958   1.0000  40.3777 160.0000
  10.250   1.6409   0.04592   0.02260  -0.1430   0.3921   1.0000  40.6072 160.0000
  10.300   1.6633   0.04468   0.02111  -0.1442   0.3853   1.0000  41.0284 160.0000
  10.350   1.6541   0.04552   0.02184  -0.1426   0.3832   1.0000  41.1668 160.0000
  10.400   1.6473   0.04622   0.02243  -0.1413   0.3805   1.0000  41.3360 160.0000
  10.450   1.6455   0.04660   0.02266  -0.1405   0.3771   1.0000  41.5533 160.0000
  10.500   1.6622   0.04568   0.02150  -0.1412   0.3709   1.0000  41.9444 160.0000
  10.550   1.6585   0.04619   0.02187  -0.1401   0.3678   1.0000  42.1382 160.0000
  10.600   1.6522   0.04690   0.02246  -0.1389   0.3651   1.0000  42.3110 160.0000
  10.650   1.6502   0.04729   0.02271  -0.1381   0.3616   1.0000  42.5316 160.0000
  10.700   1.6651   0.04649   0.02164  -0.1386   0.3554   1.0000  42.9289 160.0000
  10.750   1.6626   0.04696   0.02195  -0.1377   0.3521   1.0000  43.1381 160.0000
  10.800   1.6564   0.04768   0.02255  -0.1366   0.3492   1.0000  43.3159 160.0000
  10.850   1.6541   0.04813   0.02285  -0.1358   0.3457   1.0000  43.5390 160.0000
  10.900   1.6718   0.04719   0.02155  -0.1364   0.3383   1.0000  44.0028 160.0000
  10.950   1.6635   0.04807   0.02233  -0.1351   0.3359   1.0000  44.1500 160.0000
  11.000   1.6572   0.04884   0.02299  -0.1341   0.3331   1.0000  44.3314 160.0000
  11.050   1.6543   0.04937   0.02335  -0.1333   0.3294   1.0000  44.5596 160.0000
  11.100   1.6677   0.04870   0.02233  -0.1335   0.3224   1.0000  45.0040 160.0000
  11.150   1.6598   0.04960   0.02314  -0.1324   0.3199   1.0000  45.1629 160.0000
  11.200   1.6540   0.05038   0.02379  -0.1315   0.3169   1.0000  45.3593 160.0000
  11.250   1.6521   0.05086   0.02409  -0.1308   0.3130   1.0000  45.6091 160.0000
  11.300   1.6621   0.05040   0.02328  -0.1307   0.3065   1.0000  46.0305 160.0000
  11.350   1.6554   0.05128   0.02405  -0.1298   0.3037   1.0000  46.2099 160.0000
  11.400   1.6513   0.05198   0.02460  -0.1290   0.3003   1.0000  46.4324 160.0000
  11.450   1.6534   0.05215   0.02452  -0.1286   0.2954   1.0000  46.7480 160.0000
  11.500   1.6585   0.05215   0.02420  -0.1283   0.2898   1.0000  47.1086 160.0000
  11.550   1.6528   0.05302   0.02494  -0.1275   0.2867   1.0000  47.3078 160.0000
  11.600   1.6507   0.05360   0.02534  -0.1269   0.2826   1.0000  47.5656 160.0000
  11.650   1.6613   0.05323   0.02452  -0.1268   0.2754   1.0000  48.0290 160.0000
  11.700   1.6544   0.05421   0.02541  -0.1260   0.2727   1.0000  48.2001 160.0000
  11.750   1.6497   0.05505   0.02610  -0.1253   0.2694   1.0000  48.4146 160.0000
  11.800   1.6495   0.05551   0.02634  -0.1248   0.2650   1.0000  48.7007 160.0000
  11.850   1.6557   0.05553   0.02599  -0.1246   0.2591   1.0000  49.0776 160.0000
  11.900   1.6502   0.05647   0.02681  -0.1239   0.2563   1.0000  49.2630 160.0000
  11.950   1.6473   0.05720   0.02738  -0.1234   0.2529   1.0000  49.4916 160.0000
  12.000   1.6506   0.05741   0.02730  -0.1231   0.2481   1.0000  49.8055 160.0000
  12.050   1.6548   0.05766   0.02722  -0.1228   0.2434   1.0000  50.1155 160.0000
  12.100   1.6507   0.05854   0.02798  -0.1223   0.2406   1.0000  50.3006 160.0000
  12.150   1.6497   0.05918   0.02842  -0.1218   0.2372   1.0000  50.5264 160.0000
  12.200   1.6582   0.05909   0.02794  -0.1218   0.2319   1.0000  50.8708 160.0000
  12.250   1.6612   0.05954   0.02810  -0.1215   0.2281   1.0000  51.1239 160.0000
  12.300   1.6572   0.06044   0.02890  -0.1210   0.2257   1.0000  51.2744 160.0000
  12.350   1.6554   0.06119   0.02949  -0.1206   0.2230   1.0000  51.4538 160.0000
  12.400   1.6579   0.06161   0.02967  -0.1203   0.2195   1.0000  51.6766 160.0000
  12.450   1.6735   0.06124   0.02876  -0.1206   0.2140   1.0000  52.0396 160.0000
  12.500   1.6688   0.06218   0.02963  -0.1201   0.2124   1.0000  52.1462 160.0000
  12.550   1.6653   0.06305   0.03041  -0.1196   0.2105   1.0000  52.2690 160.0000
  12.600   1.6633   0.06383   0.03105  -0.1192   0.2085   1.0000  52.4069 160.0000
  12.650   1.6634   0.06444   0.03150  -0.1189   0.2062   1.0000  52.5603 160.0000
  12.700   1.6680   0.06472   0.03152  -0.1188   0.2033   1.0000  52.7495 160.0000
  12.750   1.6843   0.06432   0.03060  -0.1192   0.1991   1.0000  53.0337 160.0000
  12.800   1.6806   0.06521   0.03143  -0.1187   0.1978   1.0000  53.1178 160.0000
  12.850   1.6778   0.06606   0.03219  -0.1183   0.1965   1.0000  53.2119 160.0000
  12.900   1.6761   0.06684   0.03286  -0.1180   0.1949   1.0000  53.3143 160.0000
  12.950   1.6758   0.06753   0.03341  -0.1177   0.1933   1.0000  53.4244 160.0000
  13.000   1.6771   0.06809   0.03381  -0.1175   0.1916   1.0000  53.5419 160.0000
  13.050   1.6812   0.06846   0.03396  -0.1173   0.1897   1.0000  53.6713 160.0000
  13.100   1.6947   0.06823   0.03336  -0.1176   0.1870   1.0000  53.8550 160.0000
  13.150   1.7124   0.06805   0.03270  -0.1181   0.1842   1.0000  54.0484 160.0000
  13.200   1.7095   0.06892   0.03350  -0.1177   0.1834   1.0000  54.1019 160.0000
  13.250   1.7071   0.06978   0.03427  -0.1173   0.1825   1.0000  54.1586 160.0000
  13.300   1.7053   0.07062   0.03502  -0.1170   0.1817   1.0000  54.2182 160.0000
  13.350   1.7040   0.07143   0.03574  -0.1167   0.1807   1.0000  54.2804 160.0000
  13.400   1.7033   0.07221   0.03641  -0.1165   0.1798   1.0000  54.3448 160.0000
  13.450   1.7032   0.07295   0.03703  -0.1162   0.1788   1.0000  54.4108 160.0000
  13.500   1.7040   0.07364   0.03759  -0.1160   0.1778   1.0000  54.4790 160.0000
  13.550   1.7056   0.07427   0.03807  -0.1159   0.1767   1.0000  54.5493 160.0000
  13.600   1.7083   0.07482   0.03845  -0.1158   0.1756   1.0000  54.6232 160.0000
  13.650   1.7130   0.07523   0.03866  -0.1157   0.1744   1.0000  54.7048 160.0000
  13.700   1.7240   0.07526   0.03836  -0.1159   0.1728   1.0000  54.8159 160.0000
  13.750   1.7556   0.07458   0.03689  -0.1170   0.1697   1.0000  55.0230 160.0000
  13.800   1.7512   0.07552   0.03778  -0.1166   0.1694   1.0000  55.0479 160.0000
  13.850   1.7468   0.07647   0.03869  -0.1162   0.1690   1.0000  55.0735 160.0000
  13.900   1.7425   0.07744   0.03961  -0.1158   0.1686   1.0000  55.0996 160.0000
  13.950   1.7381   0.07844   0.04056  -0.1154   0.1682   1.0000  55.1259 160.0000
  14.000   1.7337   0.07945   0.04153  -0.1151   0.1678   1.0000  55.1526 160.0000
  14.050   1.7293   0.08048   0.04253  -0.1148   0.1674   1.0000  55.1793 160.0000
  14.100   1.7249   0.08153   0.04354  -0.1145   0.1670   1.0000  55.2058 160.0000
  14.150   1.7204   0.08261   0.04459  -0.1142   0.1667   1.0000  55.2320 160.0000
  14.200   1.7159   0.08370   0.04565  -0.1140   0.1663   1.0000  55.2579 160.0000
  14.250   1.7113   0.08481   0.04674  -0.1138   0.1659   1.0000  55.2835 160.0000
  14.300   1.7066   0.08594   0.04787  -0.1136   0.1655   1.0000  55.3085 160.0000
  14.350   1.7019   0.08710   0.04902  -0.1135   0.1652   1.0000  55.3328 160.0000
  14.400   1.6970   0.08828   0.05021  -0.1134   0.1648   1.0000  55.3563 160.0000
  14.450   1.6920   0.08948   0.05144  -0.1133   0.1645   1.0000  55.3789 160.0000
  14.500   1.6869   0.09072   0.05271  -0.1132   0.1642   1.0000  55.4006 160.0000
  14.550   1.6816   0.09199   0.05403  -0.1132   0.1639   1.0000  55.4210 160.0000
  14.600   1.6760   0.09330   0.05541  -0.1132   0.1636   1.0000  55.4401 160.0000
  14.650   1.6701   0.09467   0.05686  -0.1133   0.1634   1.0000  55.4567 160.0000
  14.700   1.6637   0.09609   0.05841  -0.1134   0.1632   1.0000  55.4712 160.0000
  14.750   1.6568   0.09760   0.06006  -0.1135   0.1630   1.0000  55.4827 160.0000
  14.800   1.6492   0.09921   0.06186  -0.1137   0.1629   1.0000  55.4906 160.0000
  14.850   1.6405   0.10097   0.06387  -0.1140   0.1628   1.0000  55.4934 160.0000
  14.900   1.6305   0.10291   0.06614  -0.1144   0.1629   1.0000  55.4899 160.0000
  14.950   1.6188   0.10512   0.06876  -0.1149   0.1631   1.0000  55.4783 160.0000
  15.000   1.6051   0.10764   0.07183  -0.1157   0.1634   1.0000  55.4574 160.0000
  15.050   1.5892   0.11056   0.07546  -0.1167   0.1638   1.0000  55.4261 160.0000
  15.100   1.5705   0.11401   0.07981  -0.1180   0.1645   1.0000  55.3830 160.0000
  15.150   1.5489   0.11809   0.08508  -0.1199   0.1653   1.0000  55.3274 160.0000
  15.200   1.5242   0.12296   0.09147  -0.1222   0.1662   1.0000  55.2611 160.0000
  15.250   1.4965   0.12870   0.09916  -0.1253   0.1673   1.0000  55.1884 160.0000
  15.300   1.4667   0.13537   0.10825  -0.1291   0.1683   1.0000  55.1166 160.0000
  15.350   1.4373   0.14260   0.11829  -0.1334   0.1692   1.0000  55.0568 160.0000
  15.400   1.4119   0.14959   0.12812  -0.1376   0.1698   1.0000  55.0146 160.0000
  16.400   1.2072   0.23283   0.26733  -0.1967   0.2580   1.0000  49.1539 160.0000
  16.450   1.2047   0.23301   0.26963  -0.1976   0.2565   1.0000  49.2528 160.0000
  16.500   1.2045   0.23346   0.27143  -0.1982   0.2552   1.0000  49.3412 160.0000
  16.550   1.2052   0.23399   0.27301  -0.1987   0.2540   1.0000  49.4191 160.0000
  16.600   1.2066   0.23460   0.27445  -0.1992   0.2529   1.0000  49.4911 160.0000
  16.650   1.2084   0.23523   0.27579  -0.1995   0.2519   1.0000  49.5583 160.0000
  16.700   1.2106   0.23589   0.27704  -0.1998   0.2509   1.0000  49.6209 160.0000
  16.700   1.2106   0.23590   0.27704  -0.1998   0.2509   1.0000  49.6209 160.0000
  16.750   1.2132   0.23659   0.27820  -0.2000   0.2501   1.0000  49.6791 160.0000
  16.750   1.2132   0.23660   0.27820  -0.2000   0.2501   1.0000  49.6791 160.0000
  16.800   1.2161   0.23733   0.27928  -0.2002   0.2492   1.0000  49.7328 160.0000
  16.800   1.2161   0.23734   0.27928  -0.2002   0.2492   1.0000  49.7328 160.0000
  16.850   1.2193   0.23813   0.28028  -0.2003   0.2485   1.0000  49.7819 160.0000
  16.850   1.2193   0.23815   0.28028  -0.2003   0.2485   1.0000  49.7819 160.0000
  16.900   1.2231   0.23903   0.28118  -0.2004   0.2478   1.0000  49.8273 160.0000
  16.900   1.2231   0.23903   0.28118  -0.2004   0.2478   1.0000  49.8274 160.0000
  16.950   1.2274   0.24006   0.28195  -0.2004   0.2472   1.0000  49.8700 160.0000
  16.950   1.2274   0.24006   0.28195  -0.2004   0.2472   1.0000  49.8700 160.0000
  17.000   1.2326   0.24128   0.28256  -0.2003   0.2466   1.0000  49.9095 160.0000
  17.000   1.2326   0.24128   0.28256  -0.2003   0.2466   1.0000  49.9095 160.0000
  17.050   1.2389   0.24284   0.28298  -0.2000   0.2460   1.0000  49.9455 160.0000
  17.050   1.2389   0.24284   0.28298  -0.2000   0.2460   1.0000  49.9455 160.0000
  17.100   1.2469   0.24492   0.28316  -0.1996   0.2455   1.0000  49.9775 160.0000
  17.100   1.2469   0.24492   0.28316  -0.1996   0.2455   1.0000  49.9775 160.0000
  17.150   1.2536   0.24705   0.28372  -0.1994   0.2452   1.0000  50.0033 160.0000
  17.150   1.2536   0.24704   0.28372  -0.1994   0.2452   1.0000  50.0032 160.0000
  17.200   1.2468   0.24633   0.28692  -0.2009   0.2448   1.0000  50.0243 160.0000
  17.200   1.2468   0.24633   0.28692  -0.2009   0.2448   1.0000  50.0243 160.0000
  17.250   1.2400   0.24560   0.29022  -0.2024   0.2443   1.0000  50.0619 160.0000
  17.250   1.2399   0.24560   0.29022  -0.2024   0.2443   1.0000  50.0619 160.0000
  17.300   1.2338   0.24501   0.29345  -0.2039   0.2431   1.0000  50.1384 160.0000
  17.300   1.2338   0.24501   0.29345  -0.2039   0.2431   1.0000  50.1385 160.0000
  17.350   1.2310   0.24495   0.29593  -0.2050   0.2414   1.0000  50.2497 160.0000
  17.350   1.2309   0.24495   0.29593  -0.2050   0.2414   1.0000  50.2500 160.0000
  17.400   1.2308   0.24529   0.29777  -0.2056   0.2398   1.0000  50.3571 160.0000
  17.400   1.2308   0.24529   0.29777  -0.2056   0.2398   1.0000  50.3572 160.0000
  17.450   1.2319   0.24577   0.29928  -0.2061   0.2383   1.0000  50.4540 160.0000
  17.450   1.2319   0.24577   0.29928  -0.2061   0.2383   1.0000  50.4541 160.0000
  17.500   1.2338   0.24632   0.30060  -0.2064   0.2369   1.0000  50.5422 160.0000
  17.500   1.2338   0.24632   0.30060  -0.2064   0.2369   1.0000  50.5423 160.0000
  17.550   1.2362   0.24694   0.30177  -0.2066   0.2357   1.0000  50.6228 160.0000
  17.550   1.2362   0.24694   0.30177  -0.2066   0.2357   1.0000  50.6229 160.0000
  17.600   1.2392   0.24762   0.30278  -0.2068   0.2346   1.0000  50.6963 160.0000
  17.600   1.2392   0.24762   0.30278  -0.2068   0.2346   1.0000  50.6963 160.0000
  17.650   1.2428   0.24839   0.30364  -0.2068   0.2336   1.0000  50.7624 160.0000
  17.700   1.2469   0.24931   0.30436  -0.2067   0.2327   1.0000  50.8210 160.0000
  17.750   1.2518   0.25041   0.30494  -0.2066   0.2319   1.0000  50.8716 160.0000
  17.800   1.2574   0.25178   0.30541  -0.2064   0.2313   1.0000  50.9136 160.0000
  17.850   1.2635   0.25347   0.30582  -0.2061   0.2308   1.0000  50.9470 160.0000
  17.900   1.2700   0.25543   0.30628  -0.2058   0.2304   1.0000  50.9721 160.0000
  17.950   1.2771   0.25777   0.30670  -0.2055   0.2301   1.0000  50.9920 160.0000
  18.000   1.2770   0.25842   0.30867  -0.2062   0.2298   1.0000  51.0087 160.0000
  18.050   1.2702   0.25734   0.31205  -0.2078   0.2295   1.0000  51.0319 160.0000
  18.100   1.2638   0.25636   0.31548  -0.2094   0.2288   1.0000  51.0733 160.0000
  18.150   1.2588   0.25574   0.31863  -0.2108   0.2277   1.0000  51.1480 160.0000
  18.200   1.2570   0.25573   0.32104  -0.2118   0.2263   1.0000  51.2396 160.0000
  18.250   1.2570   0.25606   0.32296  -0.2125   0.2250   1.0000  51.3248 160.0000
  18.300   1.2579   0.25651   0.32463  -0.2130   0.2238   1.0000  51.4012 160.0000
  18.350   1.2592   0.25705   0.32617  -0.2135   0.2227   1.0000  51.4709 160.0000
  18.400   1.2609   0.25764   0.32761  -0.2138   0.2217   1.0000  51.5348 160.0000
  18.450   1.2630   0.25825   0.32896  -0.2141   0.2208   1.0000  51.5939 160.0000
  18.500   1.2652   0.25890   0.33024  -0.2144   0.2200   1.0000  51.6487 160.0000
  18.550   1.2678   0.25959   0.33144  -0.2146   0.2192   1.0000  51.7003 160.0000
  18.600   1.2706   0.26037   0.33255  -0.2148   0.2184   1.0000  51.7492 160.0000
  18.650   1.2738   0.26121   0.33355  -0.2149   0.2177   1.0000  51.7951 160.0000
  18.700   1.2775   0.26217   0.33443  -0.2149   0.2171   1.0000  51.8380 160.0000
  18.750   1.2818   0.26331   0.33518  -0.2148   0.2164   1.0000  51.8777 160.0000
  18.800   1.2868   0.26473   0.33576  -0.2146   0.2159   1.0000  51.9140 160.0000
  18.850   1.2928   0.26658   0.33615  -0.2143   0.2154   1.0000  51.9465 160.0000
  18.900   1.3002   0.26910   0.33631  -0.2139   0.2149   1.0000  51.9751 160.0000
  18.950   1.3098   0.27266   0.33619  -0.2132   0.2146   1.0000  51.9994 160.0000
  19.000   1.3022   0.27087   0.33987  -0.2149   0.2143   1.0000  52.0201 160.0000
  19.050   1.2947   0.26915   0.34369  -0.2168   0.2137   1.0000  52.0560 160.0000
  19.100   1.2888   0.26792   0.34729  -0.2185   0.2127   1.0000  52.1246 160.0000
  19.150   1.2861   0.26755   0.35007  -0.2196   0.2112   1.0000  52.2239 160.0000
  19.200   1.2858   0.26772   0.35213  -0.2204   0.2097   1.0000  52.3227 160.0000
  19.250   1.2867   0.26811   0.35384  -0.2209   0.2084   1.0000  52.4128 160.0000
  19.300   1.2882   0.26860   0.35536  -0.2213   0.2071   1.0000  52.4949 160.0000
  19.350   1.2901   0.26912   0.35674  -0.2217   0.2060   1.0000  52.5697 160.0000
  19.400   1.2924   0.26973   0.35800  -0.2219   0.2050   1.0000  52.6382 160.0000
  19.450   1.2950   0.27040   0.35915  -0.2221   0.2041   1.0000  52.7003 160.0000
  19.500   1.2979   0.27118   0.36019  -0.2222   0.2032   1.0000  52.7562 160.0000
  19.550   1.3013   0.27205   0.36113  -0.2222   0.2025   1.0000  52.8056 160.0000
  19.600   1.3049   0.27304   0.36199  -0.2222   0.2018   1.0000  52.8486 160.0000
  19.650   1.3089   0.27419   0.36279  -0.2222   0.2013   1.0000  52.8851 160.0000
  19.700   1.3133   0.27560   0.36352  -0.2221   0.2008   1.0000  52.9165 160.0000
  19.750   1.3183   0.27731   0.36413  -0.2219   0.2004   1.0000  52.9441 160.0000
  19.800   1.3240   0.27944   0.36462  -0.2216   0.2001   1.0000  52.9679 160.0000
  19.850   1.3307   0.28213   0.36500  -0.2212   0.1998   1.0000  52.9880 160.0000
  19.900   1.3336   0.28374   0.36638  -0.2214   0.1995   1.0000  53.0052 160.0000
  19.950   1.3264   0.28162   0.37028  -0.2233   0.1992   1.0000  53.0285 160.0000
