  
       XFOIL         Version 6.99
  
 Calculated polar for: WORTMANN FX 63-137 AIRFOIL                      
  
 1 1 Reynolds number fixed          Mach number fixed         
  
 xtrf =   1.000 (top)        1.000 (bottom)  
 Mach =   0.000     Re =     0.050 e 6     Ncrit =   9.000  9.000
  
   alpha    CL        CD       CDp       CM     Top_Xtr  Bot_Xtr  Top_Itr  Bot_Itr
  ------ -------- --------- --------- -------- -------- -------- -------- --------
   0.000   0.1992   0.05035   0.03530  -0.1087   0.8962   0.7405   9.1940 141.6880
   0.050   0.1996   0.05044   0.03537  -0.1079   0.8944   0.7478   9.3032 142.1402
   0.100   0.1983   0.05048   0.03538  -0.1065   0.8930   0.7534   9.3954 142.4903
   0.150   0.2006   0.05060   0.03546  -0.1060   0.8913   0.7627   9.5041 143.0706
   0.200   0.1997   0.05062   0.03542  -0.1046   0.8899   0.7685   9.5882 143.4323
   0.250   0.2031   0.05075   0.03548  -0.1041   0.8882   0.7785   9.6947 144.0577
   0.300   0.2032   0.05077   0.03541  -0.1028   0.8869   0.7850   9.7785 144.4671
   0.350   0.2081   0.05090   0.03540  -0.1024   0.8851   0.7955   9.8922 145.1285
   0.400   0.2124   0.05102   0.03528  -0.1016   0.8834   0.8051  10.0038 145.7379
   0.450   0.2115   0.05104   0.03536  -0.1010   0.8817   0.8102  10.1056 146.0609
   0.500   0.2093   0.05102   0.03533  -0.0998   0.8805   0.8143  10.1798 146.3215
   0.550   0.2093   0.05106   0.03534  -0.0990   0.8793   0.8199  10.2587 146.6854
   0.600   0.2110   0.05114   0.03540  -0.0986   0.8779   0.8263  10.3422 147.0933
   0.650   0.2105   0.05115   0.03535  -0.0976   0.8769   0.8313  10.4074 147.4127
   0.700   0.2129   0.05123   0.03539  -0.0973   0.8756   0.8379  10.4888 147.8399
   0.750   0.2147   0.05128   0.03539  -0.0968   0.8744   0.8435  10.5636 148.2040
   0.800   0.2166   0.05132   0.03536  -0.0962   0.8732   0.8493  10.6385 148.5761
   0.850   0.2230   0.05145   0.03543  -0.0965   0.8714   0.8563  10.7488 149.0319
   0.900   0.2265   0.05148   0.03534  -0.0961   0.8699   0.8619  10.8439 149.3954
   0.950   0.2388   0.05170   0.03533  -0.0971   0.8671   0.8700  11.0165 149.9258
   1.000   0.2375   0.05172   0.03538  -0.0964   0.8658   0.8732  11.0973 150.1399
   1.050   0.2369   0.05174   0.03541  -0.0957   0.8646   0.8770  11.1735 150.3867
   1.100   0.2381   0.05180   0.03547  -0.0954   0.8633   0.8814  11.2576 150.6749
   1.150   0.2415   0.05193   0.03559  -0.0955   0.8617   0.8862  11.3549 150.9972
   1.200   0.2425   0.05195   0.03558  -0.0950   0.8604   0.8906  11.4345 151.2850
   1.250   0.2455   0.05202   0.03562  -0.0948   0.8589   0.8957  11.5274 151.6310
   1.300   0.2510   0.05214   0.03570  -0.0951   0.8571   0.9015  11.6409 152.0193
   1.350   0.2551   0.05218   0.03567  -0.0950   0.8555   0.9073  11.7446 152.4134
   1.400   0.2660   0.05233   0.03567  -0.0958   0.8528   0.9155  11.9094 152.9694
   1.450   0.2716   0.05241   0.03562  -0.0959   0.8505   0.9223  12.0503 153.4409
   1.500   0.2712   0.05247   0.03572  -0.0955   0.8493   0.9273  12.1287 153.7928
   1.550   0.2720   0.05255   0.03582  -0.0952   0.8481   0.9329  12.2007 154.1901
   1.600   0.2735   0.05263   0.03592  -0.0950   0.8471   0.9394  12.2664 154.6604
   1.650   0.2761   0.05275   0.03606  -0.0951   0.8460   0.9468  12.3339 155.2123
   1.700   0.2799   0.05290   0.03626  -0.0954   0.8449   0.9560  12.4020 155.9103
   1.750   0.2831   0.05304   0.03648  -0.0957   0.8440   0.9684  12.4583 156.9146
   1.800   0.2851   0.05314   0.03671  -0.0959   0.8434   1.0000  12.4945 160.0000
   1.850   0.2970   0.05350   0.03710  -0.0976   0.8407   1.0000  12.6601 160.0000
   1.900   0.3259   0.05405   0.03746  -0.1014   0.8344   1.0000  13.0512 160.0000
   1.950   0.3276   0.05428   0.03778  -0.1016   0.8327   1.0000  13.1545 160.0000
   2.000   0.3317   0.05455   0.03813  -0.1022   0.8308   1.0000  13.2730 160.0000
   2.050   0.3381   0.05486   0.03848  -0.1031   0.8286   1.0000  13.4122 160.0000
   2.100   0.3478   0.05518   0.03884  -0.1043   0.8258   1.0000  13.5827 160.0000
   2.150   0.3671   0.05556   0.03917  -0.1068   0.8217   1.0000  13.8348 160.0000
   2.200   0.3837   0.05595   0.03944  -0.1089   0.8176   1.0000  14.0916 160.0000
   2.250   0.3850   0.05621   0.03979  -0.1090   0.8154   1.0000  14.2248 160.0000
   2.300   0.3898   0.05650   0.04014  -0.1096   0.8130   1.0000  14.3703 160.0000
   2.350   0.3979   0.05682   0.04049  -0.1106   0.8104   1.0000  14.5338 160.0000
   2.400   0.4114   0.05715   0.04081  -0.1123   0.8073   1.0000  14.7282 160.0000
   2.450   0.4414   0.05756   0.04098  -0.1159   0.8027   1.0000  15.0090 160.0000
   2.500   0.4383   0.05784   0.04137  -0.1155   0.8006   1.0000  15.1374 160.0000
   2.550   0.4402   0.05816   0.04175  -0.1157   0.7985   1.0000  15.2698 160.0000
   2.600   0.4452   0.05849   0.04212  -0.1163   0.7962   1.0000  15.4120 160.0000
   2.650   0.4535   0.05882   0.04246  -0.1173   0.7937   1.0000  15.5676 160.0000
   2.700   0.4667   0.05914   0.04276  -0.1188   0.7908   1.0000  15.7436 160.0000
   2.750   0.4917   0.05945   0.04289  -0.1217   0.7873   1.0000  15.9614 160.0000
   2.800   0.4938   0.05981   0.04327  -0.1219   0.7849   1.0000  16.1051 160.0000
   2.850   0.4941   0.06019   0.04371  -0.1220   0.7830   1.0000  16.2222 160.0000
   2.900   0.4973   0.06057   0.04412  -0.1223   0.7811   1.0000  16.3424 160.0000
   2.950   0.5030   0.06095   0.04450  -0.1230   0.7790   1.0000  16.4689 160.0000
   3.000   0.5112   0.06130   0.04486  -0.1239   0.7768   1.0000  16.6044 160.0000
   3.050   0.5233   0.06163   0.04515  -0.1253   0.7744   1.0000  16.7539 160.0000
   3.100   0.5435   0.06189   0.04528  -0.1275   0.7715   1.0000  16.9280 160.0000
   3.150   0.5515   0.06228   0.04559  -0.1283   0.7693   1.0000  17.0685 160.0000
   3.200   0.5502   0.06274   0.04610  -0.1282   0.7676   1.0000  17.1676 160.0000
   3.250   0.5518   0.06319   0.04658  -0.1284   0.7661   1.0000  17.2603 160.0000
   3.300   0.5549   0.06364   0.04705  -0.1288   0.7647   1.0000  17.3504 160.0000
   3.350   0.5595   0.06408   0.04748  -0.1293   0.7631   1.0000  17.4483 160.0000
   3.400   0.5657   0.06449   0.04788  -0.1300   0.7613   1.0000  17.5576 160.0000
   3.450   0.5747   0.06485   0.04822  -0.1310   0.7593   1.0000  17.6839 160.0000
   3.500   0.5891   0.06513   0.04842  -0.1325   0.7568   1.0000  17.8374 160.0000
   3.550   0.6106   0.06534   0.04841  -0.1345   0.7539   1.0000  18.0191 160.0000
   3.600   0.6061   0.06587   0.04902  -0.1341   0.7522   1.0000  18.1214 160.0000
   3.650   0.6054   0.06637   0.04955  -0.1341   0.7505   1.0000  18.2266 160.0000
   3.700   0.6071   0.06684   0.05003  -0.1342   0.7487   1.0000  18.3381 160.0000
   3.750   0.6111   0.06727   0.05046  -0.1346   0.7468   1.0000  18.4577 160.0000
   3.800   0.6176   0.06765   0.05083  -0.1353   0.7447   1.0000  18.5883 160.0000
   3.850   0.6280   0.06796   0.05108  -0.1362   0.7423   1.0000  18.7353 160.0000
   3.900   0.6473   0.06809   0.05106  -0.1380   0.7394   1.0000  18.9151 160.0000
   3.950   0.6555   0.06845   0.05132  -0.1387   0.7369   1.0000  19.0703 160.0000
   4.000   0.6518   0.06902   0.05194  -0.1383   0.7350   1.0000  19.1858 160.0000
   4.050   0.6518   0.06952   0.05246  -0.1383   0.7330   1.0000  19.3071 160.0000
   4.100   0.6548   0.06997   0.05291  -0.1385   0.7309   1.0000  19.4372 160.0000
   4.150   0.6608   0.07034   0.05326  -0.1390   0.7286   1.0000  19.5790 160.0000
   4.200   0.6717   0.07058   0.05344  -0.1399   0.7259   1.0000  19.7423 160.0000
   4.250   0.6934   0.07056   0.05322  -0.1417   0.7228   1.0000  19.9361 160.0000
   4.300   0.6965   0.07100   0.05360  -0.1418   0.7202   1.0000  20.0949 160.0000
   4.350   0.6923   0.07160   0.05425  -0.1414   0.7180   1.0000  20.2334 160.0000
   4.400   0.6929   0.07208   0.05475  -0.1414   0.7156   1.0000  20.3799 160.0000
   4.450   0.6975   0.07246   0.05510  -0.1417   0.7130   1.0000  20.5384 160.0000
   4.500   0.7074   0.07267   0.05526  -0.1424   0.7102   1.0000  20.7113 160.0000
   4.550   0.7259   0.07263   0.05507  -0.1437   0.7073   1.0000  20.8954 160.0000
   4.600   0.7360   0.07285   0.05515  -0.1444   0.7044   1.0000  21.0703 160.0000
   4.650   0.7294   0.07355   0.05591  -0.1438   0.7020   1.0000  21.2258 160.0000
   4.700   0.7291   0.07408   0.05645  -0.1437   0.6995   1.0000  21.3780 160.0000
   4.750   0.7331   0.07447   0.05682  -0.1439   0.6971   1.0000  21.5306 160.0000
   4.800   0.7412   0.07473   0.05703  -0.1444   0.6946   1.0000  21.6842 160.0000
   4.850   0.7551   0.07479   0.05698  -0.1453   0.6921   1.0000  21.8413 160.0000
   4.900   0.7778   0.07456   0.05650  -0.1468   0.6897   1.0000  21.9940 160.0000
   4.950   0.7676   0.07548   0.05749  -0.1460   0.6874   1.0000  22.1341 160.0000
   5.000   0.7639   0.07619   0.05822  -0.1457   0.6854   1.0000  22.2636 160.0000
   5.050   0.7641   0.07676   0.05879  -0.1456   0.6833   1.0000  22.3952 160.0000
   5.100   0.7676   0.07720   0.05920  -0.1458   0.6811   1.0000  22.5313 160.0000
   5.150   0.7748   0.07749   0.05944  -0.1462   0.6788   1.0000  22.6730 160.0000
   5.200   0.7870   0.07757   0.05942  -0.1469   0.6765   1.0000  22.8195 160.0000
   5.250   0.8068   0.07737   0.05900  -0.1481   0.6742   1.0000  22.9637 160.0000
   5.300   0.8034   0.07810   0.05972  -0.1478   0.6720   1.0000  23.1001 160.0000
   5.350   0.7977   0.07894   0.06059  -0.1474   0.6700   1.0000  23.2241 160.0000
   5.400   0.7962   0.07961   0.06127  -0.1472   0.6680   1.0000  23.3430 160.0000
   5.450   0.7977   0.08018   0.06181  -0.1473   0.6662   1.0000  23.4594 160.0000
   5.500   0.8014   0.08064   0.06224  -0.1475   0.6643   1.0000  23.5737 160.0000
   5.550   0.8078   0.08100   0.06254  -0.1479   0.6625   1.0000  23.6895 160.0000
   5.600   0.8182   0.08116   0.06260  -0.1484   0.6605   1.0000  23.8127 160.0000
   5.650   0.8358   0.08101   0.06224  -0.1493   0.6583   1.0000  23.9457 160.0000
   5.700   0.8378   0.08157   0.06273  -0.1493   0.6564   1.0000  24.0679 160.0000
   5.750   0.8303   0.08256   0.06377  -0.1489   0.6546   1.0000  24.1775 160.0000
   5.800   0.8270   0.08335   0.06457  -0.1487   0.6528   1.0000  24.2921 160.0000
   5.850   0.8269   0.08398   0.06520  -0.1486   0.6507   1.0000  24.4178 160.0000
   5.900   0.8304   0.08443   0.06562  -0.1488   0.6485   1.0000  24.5600 160.0000
   5.950   0.8393   0.08458   0.06569  -0.1491   0.6458   1.0000  24.7237 160.0000
   6.000   0.8587   0.08418   0.06509  -0.1499   0.6429   1.0000  24.9072 160.0000
   6.050   0.8654   0.08444   0.06521  -0.1501   0.6401   1.0000  25.0797 160.0000
   6.100   0.8561   0.08549   0.06634  -0.1495   0.6376   1.0000  25.2401 160.0000
   6.150   0.8544   0.08615   0.06701  -0.1494   0.6349   1.0000  25.4095 160.0000
   6.200   0.8590   0.08647   0.06730  -0.1494   0.6320   1.0000  25.5918 160.0000
   6.250   0.8717   0.08633   0.06705  -0.1499   0.6290   1.0000  25.7831 160.0000
   6.300   0.8960   0.08555   0.06598  -0.1507   0.6261   1.0000  25.9643 160.0000
   6.350   0.8874   0.08662   0.06709  -0.1502   0.6231   1.0000  26.1500 160.0000
   6.400   0.8812   0.08755   0.06806  -0.1498   0.6203   1.0000  26.3277 160.0000
   6.450   0.8825   0.08806   0.06856  -0.1498   0.6175   1.0000  26.5029 160.0000
   6.500   0.8900   0.08821   0.06864  -0.1500   0.6147   1.0000  26.6765 160.0000
   6.550   0.9050   0.08789   0.06817  -0.1504   0.6121   1.0000  26.8442 160.0000
   6.600   0.9286   0.08706   0.06705  -0.1511   0.6097   1.0000  26.9891 160.0000
   6.650   0.9123   0.08870   0.06880  -0.1504   0.6068   1.0000  27.1753 160.0000
   6.700   0.9068   0.08967   0.06981  -0.1501   0.6041   1.0000  27.3417 160.0000
   6.750   0.9078   0.09024   0.07037  -0.1501   0.6015   1.0000  27.5006 160.0000
   6.800   0.9138   0.09050   0.07057  -0.1502   0.5991   1.0000  27.6528 160.0000
   6.850   0.9248   0.09044   0.07039  -0.1505   0.5968   1.0000  27.7950 160.0000
   6.900   0.9416   0.09000   0.06975  -0.1509   0.5947   1.0000  27.9224 160.0000
   6.950   0.9482   0.09026   0.06987  -0.1511   0.5926   1.0000  28.0547 160.0000
   7.000   0.9348   0.09187   0.07159  -0.1506   0.5902   1.0000  28.2061 160.0000
   7.050   0.9302   0.09291   0.07265  -0.1505   0.5881   1.0000  28.3385 160.0000
   7.100   0.9299   0.09366   0.07339  -0.1505   0.5861   1.0000  28.4657 160.0000
   7.150   0.9330   0.09417   0.07386  -0.1506   0.5840   1.0000  28.5922 160.0000
   7.200   0.9401   0.09440   0.07401  -0.1508   0.5820   1.0000  28.7213 160.0000
   7.250   0.9527   0.09422   0.07367  -0.1510   0.5799   1.0000  28.8516 160.0000
   7.300   0.9725   0.09352   0.07270  -0.1514   0.5779   1.0000  28.9735 160.0000
   7.350   0.9619   0.09504   0.07428  -0.1512   0.5756   1.0000  29.1206 160.0000
   7.400   0.9529   0.09642   0.07574  -0.1510   0.5734   1.0000  29.2606 160.0000
   7.450   0.9499   0.09736   0.07671  -0.1509   0.5712   1.0000  29.3997 160.0000
   7.500   0.9516   0.09795   0.07728  -0.1510   0.5689   1.0000  29.5434 160.0000
   7.550   0.9585   0.09815   0.07740  -0.1511   0.5665   1.0000  29.6942 160.0000
   7.600   0.9733   0.09772   0.07678  -0.1513   0.5640   1.0000  29.8523 160.0000
   7.650   0.9994   0.09639   0.07507  -0.1516   0.5617   1.0000  30.0007 160.0000
   7.700   0.9783   0.09875   0.07765  -0.1512   0.5590   1.0000  30.1683 160.0000
   7.750   0.9712   0.10001   0.07899  -0.1511   0.5565   1.0000  30.3258 160.0000
   7.800   0.9709   0.10073   0.07972  -0.1511   0.5539   1.0000  30.4902 160.0000
   7.850   0.9774   0.10090   0.07980  -0.1511   0.5511   1.0000  30.6635 160.0000
   7.900   0.9933   0.10027   0.07897  -0.1512   0.5483   1.0000  30.8402 160.0000
   7.950   1.0213   0.09860   0.07689  -0.1513   0.5458   1.0000  30.9962 160.0000
   8.000   0.9995   0.10117   0.07969  -0.1511   0.5430   1.0000  31.1713 160.0000
   8.050   0.9919   0.10253   0.08115  -0.1510   0.5404   1.0000  31.3302 160.0000
   8.100   0.9913   0.10330   0.08193  -0.1510   0.5379   1.0000  31.4897 160.0000
   8.150   0.9974   0.10349   0.08204  -0.1510   0.5352   1.0000  31.6570 160.0000
   8.200   1.0128   0.10283   0.08117  -0.1510   0.5324   1.0000  31.8296 160.0000
   8.250   1.0399   0.10110   0.07902  -0.1510   0.5299   1.0000  31.9823 160.0000
   8.300   1.0212   0.10352   0.08165  -0.1509   0.5270   1.0000  32.1618 160.0000
   8.350   1.0123   0.10504   0.08329  -0.1509   0.5243   1.0000  32.3337 160.0000
   8.400   1.0120   0.10577   0.08404  -0.1509   0.5215   1.0000  32.5087 160.0000
   8.450   1.0195   0.10576   0.08394  -0.1508   0.5186   1.0000  32.6863 160.0000
   8.500   1.0365   0.10487   0.08280  -0.1507   0.5159   1.0000  32.8540 160.0000
   8.550   1.0626   0.10310   0.08060  -0.1505   0.5137   1.0000  32.9896 160.0000
   8.600   1.0395   0.10607   0.08386  -0.1506   0.5106   1.0000  33.1859 160.0000
   8.650   1.0314   0.10759   0.08550  -0.1507   0.5079   1.0000  33.3554 160.0000
   8.700   1.0311   0.10837   0.08630  -0.1507   0.5054   1.0000  33.5151 160.0000
   8.750   1.0366   0.10862   0.08648  -0.1507   0.5030   1.0000  33.6647 160.0000
   8.800   1.0475   0.10835   0.08604  -0.1506   0.5009   1.0000  33.8012 160.0000
   8.850   1.0649   0.10742   0.08482  -0.1505   0.4989   1.0000  33.9240 160.0000
   8.900   1.0707   0.10768   0.08492  -0.1504   0.4968   1.0000  34.0543 160.0000
   8.950   1.0530   0.11030   0.08782  -0.1507   0.4945   1.0000  34.2030 160.0000
   9.000   1.0459   0.11184   0.08950  -0.1509   0.4923   1.0000  34.3395 160.0000
   9.050   1.0443   0.11283   0.09053  -0.1510   0.4901   1.0000  34.4784 160.0000
   9.100   1.0480   0.11327   0.09093  -0.1510   0.4878   1.0000  34.6242 160.0000
   9.150   1.0588   0.11294   0.09043  -0.1509   0.4853   1.0000  34.7783 160.0000
   9.200   1.0806   0.11144   0.08850  -0.1505   0.4829   1.0000  34.9301 160.0000
   9.250   1.0818   0.11215   0.08913  -0.1505   0.4806   1.0000  35.0750 160.0000
   9.300   1.0662   0.11465   0.09194  -0.1509   0.4783   1.0000  35.2168 160.0000
   9.350   1.0595   0.11616   0.09362  -0.1511   0.4760   1.0000  35.3578 160.0000
   9.400   1.0589   0.11703   0.09455  -0.1512   0.4736   1.0000  35.5093 160.0000
   9.450   1.0656   0.11707   0.09449  -0.1511   0.4708   1.0000  35.6797 160.0000
   9.500   1.0867   0.11548   0.09246  -0.1505   0.4677   1.0000  35.8740 160.0000
   9.550   1.1038   0.11430   0.09088  -0.1500   0.4649   1.0000  36.0487 160.0000
   9.600   1.0846   0.11731   0.09430  -0.1506   0.4626   1.0000  36.1909 160.0000
   9.650   1.0763   0.11905   0.09628  -0.1510   0.4602   1.0000  36.3373 160.0000
   9.700   1.0747   0.12000   0.09733  -0.1511   0.4577   1.0000  36.4957 160.0000
   9.750   1.0812   0.12004   0.09727  -0.1509   0.4549   1.0000  36.6727 160.0000
   9.800   1.1028   0.11825   0.09499  -0.1502   0.4516   1.0000  36.8731 160.0000
   9.850   1.1208   0.11689   0.09317  -0.1495   0.4489   1.0000  37.0462 160.0000
   9.900   1.1015   0.12007   0.09683  -0.1503   0.4468   1.0000  37.1774 160.0000
   9.950   1.0921   0.12202   0.09907  -0.1508   0.4446   1.0000  37.3144 160.0000
  10.000   1.0894   0.12315   0.10035  -0.1510   0.4422   1.0000  37.4685 160.0000
  10.050   1.0948   0.12327   0.10040  -0.1509   0.4393   1.0000  37.6521 160.0000
  10.100   1.1196   0.12091   0.09741  -0.1498   0.4357   1.0000  37.8817 160.0000
  10.150   1.1327   0.12002   0.09616  -0.1492   0.4328   1.0000  38.0645 160.0000
  10.200   1.1143   0.12319   0.09986  -0.1501   0.4305   1.0000  38.2055 160.0000
  10.250   1.1062   0.12500   0.10199  -0.1506   0.4281   1.0000  38.3608 160.0000
  10.300   1.1062   0.12576   0.10283  -0.1507   0.4252   1.0000  38.5399 160.0000
  10.350   1.1185   0.12493   0.10171  -0.1501   0.4219   1.0000  38.7489 160.0000
  10.400   1.1634   0.11956   0.09510  -0.1478   0.4181   1.0000  38.9883 160.0000
  10.450   1.1399   0.12365   0.09984  -0.1491   0.4159   1.0000  39.1243 160.0000
  10.500   1.1260   0.12635   0.10303  -0.1499   0.4137   1.0000  39.2631 160.0000
  10.550   1.1204   0.12792   0.10488  -0.1504   0.4113   1.0000  39.4114 160.0000
  10.600   1.1215   0.12860   0.10563  -0.1504   0.4087   1.0000  39.5708 160.0000
  10.650   1.1356   0.12748   0.10412  -0.1497   0.4055   1.0000  39.7734 160.0000
  10.700   1.1716   0.12292   0.09842  -0.1474   0.4010   1.0000  40.0526 160.0000
  10.750   1.1514   0.12681   0.10299  -0.1488   0.3993   1.0000  40.1575 160.0000
  10.800   1.1392   0.12940   0.10610  -0.1497   0.3973   1.0000  40.2796 160.0000
  10.850   1.1340   0.13097   0.10798  -0.1502   0.3949   1.0000  40.4322 160.0000
  10.900   1.1416   0.13055   0.10740  -0.1497   0.3911   1.0000  40.6680 160.0000
  10.950   1.1870   0.12389   0.09919  -0.1463   0.3844   1.0000  41.0865 160.0000
  11.000   1.1670   0.12792   0.10395  -0.1478   0.3827   1.0000  41.1983 160.0000
  11.050   1.1561   0.13041   0.10695  -0.1488   0.3803   1.0000  41.3463 160.0000
  11.100   1.1568   0.13096   0.10761  -0.1487   0.3768   1.0000  41.5698 160.0000
  11.150   1.5102   0.07094   0.04376  -0.1295   0.3680   1.0000  42.1299 160.0000
  11.200   1.1945   0.12580   0.10118  -0.1456   0.3670   1.0000  42.1888 160.0000
  11.250   1.1804   0.12895   0.10493  -0.1468   0.3646   1.0000  42.3463 160.0000
  11.300   1.1821   0.12931   0.10534  -0.1467   0.3609   1.0000  42.5806 160.0000
  11.350   1.2719   0.11343   0.08686  -0.1392   0.3551   1.0000  42.9474 160.0000
  11.400   1.3372   0.10168   0.07412  -0.1344   0.3546   1.0000  42.9782 160.0000
  11.450   1.6335   0.05890   0.03055  -0.1285   0.3230   1.0000  44.9654 160.0000
  11.500   1.6254   0.06004   0.03156  -0.1276   0.3208   1.0000  45.1045 160.0000
  11.550   1.6144   0.06149   0.03291  -0.1268   0.3193   1.0000  45.2062 160.0000
  11.600   1.6047   0.06288   0.03418  -0.1260   0.3173   1.0000  45.3306 160.0000
  11.650   1.6009   0.06365   0.03479  -0.1254   0.3139   1.0000  45.5516 160.0000
  11.700   1.6234   0.06171   0.03247  -0.1254   0.3043   1.0000  46.1725 160.0000
  11.750   1.6148   0.06298   0.03363  -0.1247   0.3022   1.0000  46.3056 160.0000
  11.800   1.6117   0.06372   0.03420  -0.1241   0.2988   1.0000  46.5303 160.0000
  11.900   1.6260   0.06324   0.03317  -0.1235   0.2870   1.0000  47.2864 160.0000
  11.900   1.6260   0.06324   0.03317  -0.1235   0.2870   1.0000  47.2864 160.0000
  11.950   1.6212   0.06418   0.03397  -0.1229   0.2841   1.0000  47.4726 160.0000
  12.000   1.6444   0.06263   0.03188  -0.1231   0.2741   1.0000  48.1079 160.0000
  12.050   1.6360   0.06388   0.03305  -0.1224   0.2725   1.0000  48.2165 160.0000
  12.100   1.6291   0.06504   0.03411  -0.1218   0.2704   1.0000  48.3517 160.0000
  12.150   1.6263   0.06584   0.03474  -0.1213   0.2672   1.0000  48.5542 160.0000
  12.200   1.6472   0.06464   0.03302  -0.1215   0.2588   1.0000  49.1012 160.0000
  12.250   1.6395   0.06587   0.03417  -0.1208   0.2572   1.0000  49.2040 160.0000
  12.300   1.6333   0.06701   0.03521  -0.1203   0.2553   1.0000  49.3295 160.0000
  12.350   1.6304   0.06787   0.03593  -0.1199   0.2527   1.0000  49.5016 160.0000
  12.400   1.6579   0.06627   0.03370  -0.1203   0.2441   1.0000  50.0703 160.0000
  12.450   1.6509   0.06746   0.03483  -0.1197   0.2428   1.0000  50.1561 160.0000
  12.500   1.6448   0.06861   0.03589  -0.1192   0.2413   1.0000  50.2556 160.0000
  12.550   1.6404   0.06964   0.03682  -0.1188   0.2395   1.0000  50.3757 160.0000
  12.600   1.6400   0.07033   0.03734  -0.1185   0.2369   1.0000  50.5423 160.0000
  12.650   1.6733   0.06856   0.03482  -0.1192   0.2289   1.0000  51.0722 160.0000
  12.700   1.6665   0.06972   0.03593  -0.1186   0.2279   1.0000  51.1351 160.0000
  12.750   1.6602   0.07088   0.03703  -0.1181   0.2268   1.0000  51.2044 160.0000
  12.800   1.6545   0.07202   0.03810  -0.1177   0.2256   1.0000  51.2810 160.0000
  12.850   1.6499   0.07310   0.03909  -0.1173   0.2243   1.0000  51.3676 160.0000
  12.900   1.6471   0.07404   0.03992  -0.1170   0.2227   1.0000  51.4708 160.0000
  12.950   1.6488   0.07460   0.04030  -0.1168   0.2205   1.0000  51.6156 160.0000
  13.000   1.6850   0.07271   0.03760  -0.1176   0.2137   1.0000  52.0601 160.0000
  13.050   1.6782   0.07389   0.03873  -0.1171   0.2130   1.0000  52.1034 160.0000
  13.100   1.6716   0.07508   0.03989  -0.1167   0.2123   1.0000  52.1487 160.0000
  13.150   1.6651   0.07630   0.04106  -0.1163   0.2116   1.0000  52.1959 160.0000
  13.200   1.6589   0.07753   0.04225  -0.1159   0.2109   1.0000  52.2442 160.0000
  13.250   1.6528   0.07877   0.04346  -0.1156   0.2101   1.0000  52.2940 160.0000
  13.300   1.6470   0.08002   0.04466  -0.1154   0.2094   1.0000  52.3458 160.0000
  13.350   1.6416   0.08124   0.04585  -0.1152   0.2086   1.0000  52.4004 160.0000
  13.400   1.6369   0.08243   0.04698  -0.1150   0.2077   1.0000  52.4597 160.0000
  13.450   1.6334   0.08351   0.04800  -0.1148   0.2066   1.0000  52.5274 160.0000
  13.500   1.6332   0.08429   0.04867  -0.1147   0.2053   1.0000  52.6178 160.0000
  13.550   1.6850   0.08093   0.04419  -0.1152   0.1990   1.0000  53.0389 160.0000
  13.600   1.6778   0.08225   0.04551  -0.1148   0.1987   1.0000  53.0601 160.0000
  13.650   1.6704   0.08362   0.04688  -0.1146   0.1984   1.0000  53.0805 160.0000
  13.700   1.6628   0.08503   0.04832  -0.1143   0.1981   1.0000  53.0997 160.0000
  13.750   1.6550   0.08651   0.04982  -0.1142   0.1978   1.0000  53.1175 160.0000
  13.800   1.6469   0.08804   0.05140  -0.1140   0.1976   1.0000  53.1335 160.0000
  13.850   1.6383   0.08965   0.05308  -0.1140   0.1974   1.0000  53.1472 160.0000
  13.900   1.6294   0.09134   0.05486  -0.1140   0.1972   1.0000  53.1586 160.0000
  13.950   1.6199   0.09313   0.05677  -0.1141   0.1971   1.0000  53.1670 160.0000
  14.000   1.6098   0.09503   0.05883  -0.1142   0.1970   1.0000  53.1722 160.0000
  14.050   1.5989   0.09706   0.06106  -0.1145   0.1970   1.0000  53.1736 160.0000
  14.100   1.5872   0.09926   0.06350  -0.1148   0.1971   1.0000  53.1709 160.0000
  14.150   1.5744   0.10164   0.06620  -0.1153   0.1972   1.0000  53.1636 160.0000
  14.200   1.5605   0.10425   0.06921  -0.1160   0.1973   1.0000  53.1515 160.0000
  14.250   1.5454   0.10714   0.07259  -0.1169   0.1976   1.0000  53.1343 160.0000
  14.300   1.5288   0.11034   0.07640  -0.1180   0.1979   1.0000  53.1120 160.0000
  14.350   1.5110   0.11391   0.08073  -0.1193   0.1983   1.0000  53.0851 160.0000
  14.400   1.4918   0.11789   0.08563  -0.1210   0.1988   1.0000  53.0547 160.0000
  14.450   1.4715   0.12232   0.09117  -0.1231   0.1992   1.0000  53.0231 160.0000
  14.700   1.2400   0.18408   0.17812  -0.1614   0.2153   1.0000  51.9491 160.0000
  14.700   1.2400   0.18408   0.17812  -0.1614   0.2153   1.0000  51.9491 160.0000
  14.750   1.2382   0.18575   0.18073  -0.1623   0.2154   1.0000  51.9480 160.0000
  14.750   1.2382   0.18575   0.18073  -0.1623   0.2154   1.0000  51.9478 160.0000
  14.800   1.2368   0.18732   0.18319  -0.1633   0.2154   1.0000  51.9477 160.0000
  14.800   1.2368   0.18732   0.18319  -0.1633   0.2154   1.0000  51.9475 160.0000
  14.850   1.2358   0.18880   0.18550  -0.1641   0.2154   1.0000  51.9486 160.0000
  14.850   1.2358   0.18880   0.18550  -0.1641   0.2154   1.0000  51.9485 160.0000
  14.900   1.2353   0.19019   0.18766  -0.1649   0.2153   1.0000  51.9510 160.0000
  14.950   1.2352   0.19149   0.18965  -0.1655   0.2152   1.0000  51.9553 160.0000
  15.000   1.2357   0.19270   0.19145  -0.1661   0.2152   1.0000  51.9616 160.0000
  15.050   1.2368   0.19382   0.19305  -0.1666   0.2150   1.0000  51.9701 160.0000
  15.100   1.2385   0.19483   0.19441  -0.1670   0.2149   1.0000  51.9810 160.0000
  15.150   1.2411   0.19574   0.19549  -0.1672   0.2146   1.0000  51.9943 160.0000
  15.650   1.1700   0.22512   0.25020  -0.1919   0.3050   1.0000  46.1260 160.0000
  15.650   1.1700   0.22513   0.25020  -0.1919   0.3050   1.0000  46.1260 160.0000
  15.700   1.1679   0.22530   0.25221  -0.1927   0.3039   1.0000  46.1988 160.0000
  15.700   1.1679   0.22530   0.25221  -0.1927   0.3039   1.0000  46.1988 160.0000
  15.750   1.1670   0.22564   0.25397  -0.1934   0.3026   1.0000  46.2848 160.0000
  15.750   1.1670   0.22564   0.25397  -0.1934   0.3026   1.0000  46.2848 160.0000
  15.800   1.1674   0.22612   0.25555  -0.1939   0.3013   1.0000  46.3681 160.0000
  15.800   1.1674   0.22613   0.25555  -0.1939   0.3013   1.0000  46.3682 160.0000
  15.850   1.1685   0.22670   0.25700  -0.1943   0.3001   1.0000  46.4454 160.0000
  15.850   1.1685   0.22671   0.25700  -0.1943   0.3001   1.0000  46.4454 160.0000
  15.900   1.1701   0.22733   0.25837  -0.1947   0.2990   1.0000  46.5166 160.0000
  15.900   1.1701   0.22734   0.25837  -0.1947   0.2990   1.0000  46.5166 160.0000
  15.950   1.1721   0.22801   0.25967  -0.1950   0.2980   1.0000  46.5826 160.0000
  15.950   1.1721   0.22802   0.25967  -0.1950   0.2980   1.0000  46.5826 160.0000
  16.000   1.1744   0.22873   0.26092  -0.1953   0.2970   1.0000  46.6440 160.0000
  16.000   1.1744   0.22874   0.26092  -0.1953   0.2970   1.0000  46.6440 160.0000
  16.050   1.1771   0.22949   0.26209  -0.1955   0.2961   1.0000  46.7023 160.0000
  16.050   1.1771   0.22951   0.26209  -0.1955   0.2961   1.0000  46.7024 160.0000
  16.100   1.1803   0.23035   0.26317  -0.1957   0.2952   1.0000  46.7600 160.0000
  16.150   1.1842   0.23131   0.26414  -0.1958   0.2943   1.0000  46.8165 160.0000
  16.200   1.1890   0.23247   0.26495  -0.1958   0.2935   1.0000  46.8712 160.0000
  16.250   1.1951   0.23396   0.26558  -0.1957   0.2927   1.0000  46.9230 160.0000
  16.300   1.2033   0.23609   0.26596  -0.1954   0.2920   1.0000  46.9704 160.0000
  16.350   1.2095   0.23811   0.26675  -0.1954   0.2914   1.0000  47.0049 160.0000
  16.400   1.2049   0.23771   0.26917  -0.1964   0.2911   1.0000  47.0262 160.0000
  16.450   1.2003   0.23727   0.27163  -0.1975   0.2906   1.0000  47.0601 160.0000
  16.500   1.1961   0.23688   0.27405  -0.1985   0.2896   1.0000  47.1195 160.0000
  16.550   1.1932   0.23672   0.27622  -0.1994   0.2881   1.0000  47.2148 160.0000
  16.600   1.1926   0.23693   0.27799  -0.2001   0.2864   1.0000  47.3261 160.0000
  16.700   1.1953   0.23791   0.28077  -0.2008   0.2831   1.0000  47.5359 160.0000
  16.750   1.1980   0.23856   0.28191  -0.2010   0.2816   1.0000  47.6295 160.0000
  16.800   1.2013   0.23934   0.28290  -0.2012   0.2803   1.0000  47.7144 160.0000
  16.850   1.2054   0.24027   0.28376  -0.2012   0.2791   1.0000  47.7890 160.0000
  16.900   1.2102   0.24140   0.28453  -0.2011   0.2781   1.0000  47.8521 160.0000
  16.950   1.2156   0.24279   0.28524  -0.2011   0.2773   1.0000  47.9024 160.0000
  17.000   1.2213   0.24443   0.28597  -0.2010   0.2767   1.0000  47.9404 160.0000
  17.050   1.2276   0.24638   0.28668  -0.2009   0.2763   1.0000  47.9710 160.0000
  17.100   1.2347   0.24878   0.28734  -0.2007   0.2759   1.0000  47.9959 160.0000
  17.150   1.2320   0.24867   0.28955  -0.2016   0.2756   1.0000  48.0151 160.0000
  17.200   1.2273   0.24794   0.29213  -0.2027   0.2752   1.0000  48.0421 160.0000
  17.250   1.2227   0.24727   0.29471  -0.2039   0.2745   1.0000  48.0873 160.0000
  17.300   1.2193   0.24683   0.29712  -0.2049   0.2733   1.0000  48.1623 160.0000
  17.350   1.2179   0.24683   0.29915  -0.2057   0.2718   1.0000  48.2568 160.0000
  17.400   1.2181   0.24713   0.30086  -0.2063   0.2704   1.0000  48.3500 160.0000
  17.450   1.2192   0.24758   0.30239  -0.2067   0.2690   1.0000  48.4361 160.0000
  17.500   1.2208   0.24814   0.30380  -0.2071   0.2678   1.0000  48.5159 160.0000
  17.550   1.2230   0.24877   0.30511  -0.2074   0.2667   1.0000  48.5910 160.0000
  17.550   1.2229   0.24879   0.30511  -0.2074   0.2666   1.0000  48.5911 160.0000
  17.600   1.2255   0.24946   0.30633  -0.2076   0.2656   1.0000  48.6617 160.0000
  17.650   1.2285   0.25028   0.30744  -0.2078   0.2645   1.0000  48.7282 160.0000
  17.700   1.2321   0.25120   0.30843  -0.2079   0.2636   1.0000  48.7902 160.0000
  17.750   1.2364   0.25232   0.30930  -0.2079   0.2627   1.0000  48.8476 160.0000
  17.800   1.2417   0.25376   0.31000  -0.2078   0.2619   1.0000  48.8999 160.0000
  17.850   1.2482   0.25573   0.31050  -0.2075   0.2612   1.0000  48.9464 160.0000
  17.900   1.2567   0.25858   0.31078  -0.2071   0.2605   1.0000  48.9859 160.0000
  17.950   1.2575   0.25937   0.31250  -0.2076   0.2601   1.0000  49.0125 160.0000
  18.000   1.2518   0.25812   0.31538  -0.2089   0.2597   1.0000  49.0442 160.0000
  18.050   1.2467   0.25708   0.31820  -0.2102   0.2588   1.0000  49.1009 160.0000
  18.100   1.2435   0.25652   0.32068  -0.2113   0.2574   1.0000  49.1953 160.0000
  18.150   1.2427   0.25654   0.32265  -0.2120   0.2557   1.0000  49.3065 160.0000
  18.200   1.2435   0.25686   0.32428  -0.2125   0.2541   1.0000  49.4132 160.0000
  18.250   1.2451   0.25736   0.32570  -0.2129   0.2526   1.0000  49.5112 160.0000
  18.300   1.2473   0.25796   0.32698  -0.2132   0.2512   1.0000  49.6004 160.0000
  18.350   1.2501   0.25866   0.32813  -0.2134   0.2500   1.0000  49.6806 160.0000
  18.400   1.2534   0.25950   0.32917  -0.2135   0.2490   1.0000  49.7519 160.0000
  18.450   1.2571   0.26049   0.33011  -0.2135   0.2480   1.0000  49.8138 160.0000
  18.500   1.2614   0.26168   0.33098  -0.2135   0.2472   1.0000  49.8661 160.0000
  18.550   1.2660   0.26311   0.33180  -0.2134   0.2466   1.0000  49.9087 160.0000
  18.600   1.2712   0.26484   0.33258  -0.2133   0.2461   1.0000  49.9436 160.0000
  18.650   1.2771   0.26701   0.33327  -0.2132   0.2456   1.0000  49.9730 160.0000
  18.700   1.2839   0.26971   0.33391  -0.2129   0.2453   1.0000  49.9971 160.0000
  18.750   1.2804   0.26897   0.33647  -0.2140   0.2449   1.0000  50.0171 160.0000
  18.800   1.2757   0.26779   0.33934  -0.2153   0.2445   1.0000  50.0471 160.0000
  18.850   1.2718   0.26686   0.34211  -0.2166   0.2437   1.0000  50.0963 160.0000
  18.900   1.2693   0.26639   0.34459  -0.2176   0.2426   1.0000  50.1700 160.0000
  18.950   1.2686   0.26639   0.34667  -0.2184   0.2413   1.0000  50.2550 160.0000
  19.000   1.2691   0.26667   0.34847  -0.2190   0.2401   1.0000  50.3381 160.0000
  19.050   1.2702   0.26707   0.35011  -0.2194   0.2389   1.0000  50.4158 160.0000
  19.100   1.2717   0.26760   0.35164  -0.2198   0.2378   1.0000  50.4882 160.0000
  19.150   1.2736   0.26818   0.35309  -0.2202   0.2367   1.0000  50.5562 160.0000
  19.200   1.2757   0.26882   0.35445  -0.2205   0.2357   1.0000  50.6207 160.0000
  19.250   1.2782   0.26953   0.35573  -0.2207   0.2348   1.0000  50.6817 160.0000
  19.300   1.2810   0.27036   0.35692  -0.2209   0.2339   1.0000  50.7393 160.0000
  19.350   1.2842   0.27128   0.35801  -0.2210   0.2331   1.0000  50.7933 160.0000
  19.400   1.2879   0.27239   0.35898  -0.2211   0.2324   1.0000  50.8436 160.0000
  19.450   1.2923   0.27378   0.35981  -0.2210   0.2316   1.0000  50.8897 160.0000
  19.500   1.2976   0.27561   0.36048  -0.2208   0.2310   1.0000  50.9314 160.0000
  19.550   1.3041   0.27816   0.36096  -0.2205   0.2305   1.0000  50.9678 160.0000
  19.600   1.3126   0.28185   0.36121  -0.2199   0.2300   1.0000  50.9983 160.0000
  19.650   1.3081   0.28045   0.36409  -0.2212   0.2297   1.0000  51.0180 160.0000
  19.700   1.3033   0.27890   0.36713  -0.2226   0.2292   1.0000  51.0478 160.0000
  19.750   1.2994   0.27770   0.37006  -0.2239   0.2285   1.0000  51.0975 160.0000
  19.800   1.2970   0.27705   0.37266  -0.2250   0.2273   1.0000  51.1743 160.0000
  19.850   1.2964   0.27697   0.37481  -0.2258   0.2259   1.0000  51.2655 160.0000
  19.900   1.2969   0.27720   0.37664  -0.2264   0.2245   1.0000  51.3563 160.0000
  19.950   1.2981   0.27761   0.37828  -0.2269   0.2232   1.0000  51.4419 160.0000
