  
       XFOIL         Version 6.99
  
 Calculated polar for: NREL's S827 Airfoil                             
  
 1 1 Reynolds number fixed          Mach number fixed         
  
 xtrf =   1.000 (top)        1.000 (bottom)  
 Mach =   0.000     Re =     0.450 e 6     Ncrit =   9.000  9.000
  
   alpha    CL        CD       CDp       CM     Top_Xtr  Bot_Xtr  Top_Itr  Bot_Itr
  ------ -------- --------- --------- -------- -------- -------- -------- --------
   0.000   0.2977   0.01524   0.00786  -0.0810   0.7681   0.5978  37.5424 242.6668
   0.000   0.2977   0.01524   0.00786  -0.0810   0.7681   0.5978  37.5423 242.6665
   0.000   0.2977   0.01524   0.00786  -0.0810   0.7681   0.5978  37.5423 242.6665
   0.000   0.2977   0.01524   0.00786  -0.0810   0.7681   0.5978  37.5423 242.6665
   0.000   0.2977   0.01524   0.00786  -0.0810   0.7681   0.5978  37.5423 242.6665
   1.000   0.4094   0.01554   0.00798  -0.0838   0.7651   0.6016  37.9249 243.1414
   1.000   0.4094   0.01554   0.00798  -0.0838   0.7651   0.6016  37.9249 243.1416
   1.000   0.4094   0.01554   0.00798  -0.0838   0.7651   0.6016  37.9249 243.1416
   1.000   0.4094   0.01554   0.00798  -0.0838   0.7651   0.6016  37.9249 243.1416
   1.000   0.4094   0.01554   0.00798  -0.0838   0.7651   0.6016  37.9249 243.1416
   2.000   0.4955   0.01679   0.00887  -0.0820   0.7581   0.6056  38.8326 243.6434
   2.000   0.4955   0.01679   0.00887  -0.0820   0.7581   0.6056  38.8326 243.6435
   2.000   0.4955   0.01679   0.00887  -0.0820   0.7581   0.6056  38.8326 243.6435
   2.000   0.4955   0.01679   0.00887  -0.0820   0.7581   0.6056  38.8326 243.6435
   2.000   0.4955   0.01679   0.00887  -0.0820   0.7581   0.6056  38.8326 243.6435
   4.000   0.6363   0.02011   0.01065  -0.0730   0.7358   0.6151  41.6907 244.8332
   4.000   0.6363   0.02011   0.01065  -0.0730   0.7358   0.6151  41.6910 244.8368
   4.000   0.6363   0.02011   0.01065  -0.0730   0.7358   0.6151  41.6910 244.8370
   4.000   0.6363   0.02011   0.01065  -0.0730   0.7358   0.6151  41.6910 244.8370
   4.000   0.6363   0.02011   0.01065  -0.0730   0.7358   0.6151  41.6910 244.8370
   5.000   0.8662   0.01434   0.00590  -0.0937   0.7276   0.6209  42.7457 245.5651
   5.000   0.8662   0.01434   0.00590  -0.0937   0.7276   0.6209  42.7457 245.5643
   5.000   0.8662   0.01434   0.00590  -0.0937   0.7276   0.6209  42.7457 245.5644
   5.000   0.8662   0.01434   0.00590  -0.0937   0.7276   0.6209  42.7457 245.5644
   5.000   0.8662   0.01434   0.00590  -0.0937   0.7276   0.6209  42.7457 245.5644
   6.000   0.9856   0.01251   0.00364  -0.0957   0.7019   0.6274  46.0507 246.3838
   6.000   0.9856   0.01251   0.00364  -0.0957   0.7019   0.6274  46.0507 246.3837
   6.000   0.9856   0.01251   0.00364  -0.0957   0.7019   0.6274  46.0507 246.3838
   6.000   0.9856   0.01251   0.00364  -0.0957   0.7019   0.6274  46.0507 246.3838
   6.000   0.9856   0.01251   0.00364  -0.0957   0.7019   0.6274  46.0507 246.3838
   7.000   1.0223   0.01233   0.00229  -0.0821   0.6542   0.6342  52.2409 247.2254
   7.000   1.0223   0.01233   0.00229  -0.0821   0.6542   0.6341  52.2412 247.2246
   7.000   1.0223   0.01233   0.00229  -0.0821   0.6542   0.6341  52.2412 247.2246
   7.000   1.0223   0.01233   0.00229  -0.0821   0.6542   0.6341  52.2412 247.2246
   7.000   1.0223   0.01233   0.00229  -0.0821   0.6542   0.6341  52.2412 247.2246
   8.000   0.9602   0.01815   0.00363  -0.0555   0.4130   0.6411  82.8757 248.0980
   8.000   0.9602   0.01815   0.00363  -0.0555   0.4130   0.6411  82.8742 248.0975
   8.000   0.9602   0.01815   0.00363  -0.0555   0.4130   0.6411  82.8743 248.0975
   8.000   0.9602   0.01815   0.00363  -0.0555   0.4130   0.6411  82.8743 248.0975
   8.000   0.9602   0.01815   0.00363  -0.0555   0.4130   0.6411  82.8743 248.0975
   9.000   0.9246   0.02619   0.00765  -0.0389   0.1784   0.6484 112.3698 249.0053
   9.000   0.9246   0.02619   0.00765  -0.0389   0.1784   0.6484 112.3691 249.0038
   9.000   0.9246   0.02619   0.00765  -0.0389   0.1784   0.6484 112.3689 249.0037
   9.000   0.9246   0.02619   0.00765  -0.0389   0.1784   0.6484 112.3689 249.0037
   9.000   0.9246   0.02619   0.00765  -0.0389   0.1784   0.6484 112.3689 249.0037
  10.000   0.9510   0.03158   0.01025  -0.0316   0.0523   0.6571 129.5956 250.0868
  10.000   0.9510   0.03158   0.01025  -0.0316   0.0523   0.6571 129.5949 250.0868
  10.000   0.9510   0.03158   0.01025  -0.0316   0.0523   0.6571 129.5948 250.0870
  10.000   0.9510   0.03158   0.01025  -0.0316   0.0523   0.6571 129.5948 250.0870
  10.000   0.9510   0.03158   0.01025  -0.0316   0.0523   0.6571 129.5948 250.0870
  11.000   0.9959   0.03627   0.01256  -0.0268   0.0230   0.6673 134.9545 251.3536
  11.000   0.9959   0.03627   0.01256  -0.0268   0.0230   0.6673 134.9545 251.3536
  11.000   0.9959   0.03627   0.01256  -0.0268   0.0230   0.6673 134.9545 251.3536
  11.000   0.9959   0.03627   0.01256  -0.0268   0.0230   0.6673 134.9545 251.3536
  11.000   0.9959   0.03627   0.01256  -0.0268   0.0230   0.6673 134.9545 251.3536
  12.000   1.0387   0.04152   0.01531  -0.0226   0.0133   0.6797 137.8633 252.8948
  12.000   1.0387   0.04152   0.01531  -0.0226   0.0133   0.6797 137.8633 252.8952
  12.000   1.0387   0.04152   0.01531  -0.0226   0.0133   0.6797 137.8633 252.8952
  12.000   1.0387   0.04152   0.01531  -0.0226   0.0133   0.6797 137.8633 252.8952
  12.000   1.0387   0.04152   0.01531  -0.0226   0.0133   0.6797 137.8633 252.8952
