  
       XFOIL         Version 6.99
  
 Calculated polar for: GOE 571 AIRFOIL                                 
  
 1 1 Reynolds number fixed          Mach number fixed         
  
 xtrf =   1.000 (top)        1.000 (bottom)  
 Mach =   0.000     Re =     0.550 e 6     Ncrit =   9.000  9.000
  
   alpha    CL        CD       CDp       CM     Top_Xtr  Bot_Xtr  Top_Itr  Bot_Itr
  ------ -------- --------- --------- -------- -------- -------- -------- --------
   0.000   0.6142   0.01838   0.00221  -0.0768   0.4267   0.0391  71.4297 194.5591
   0.000   0.6142   0.01838   0.00221  -0.0768   0.4267   0.0391  71.4296 194.5586
   0.000   0.6142   0.01838   0.00221  -0.0768   0.4267   0.0391  71.4296 194.5586
   0.000   0.6142   0.01838   0.00221  -0.0768   0.4267   0.0391  71.4296 194.5586
   0.000   0.6142   0.01838   0.00221  -0.0768   0.4267   0.0391  71.4296 194.5586
   1.000   0.6935   0.01814   0.00108  -0.0718   0.4193   0.0394  72.1331 194.6711
   1.000   0.6935   0.01814   0.00108  -0.0718   0.4193   0.0394  72.1331 194.6711
   1.000   0.6935   0.01814   0.00108  -0.0718   0.4193   0.0394  72.1331 194.6711
   1.000   0.6935   0.01814   0.00108  -0.0718   0.4193   0.0394  72.1331 194.6711
   1.000   0.6935   0.01814   0.00108  -0.0718   0.4193   0.0394  72.1331 194.6711
   2.000   0.7655   0.01830   0.00029  -0.0659   0.4122   0.0413  72.8131 195.3370
   2.000   0.7655   0.01830   0.00029  -0.0659   0.4122   0.0413  72.8131 195.3370
   2.000   0.7655   0.01830   0.00029  -0.0659   0.4122   0.0413  72.8131 195.3370
   2.000   0.7655   0.01830   0.00029  -0.0659   0.4122   0.0413  72.8131 195.3370
   2.000   0.7655   0.01830   0.00029  -0.0659   0.4122   0.0413  72.8131 195.3370
   3.000   0.8387   0.01884  -0.00027  -0.0608   0.4056   0.0438  73.4476 196.1993
   3.000   0.8387   0.01884  -0.00027  -0.0608   0.4056   0.0438  73.4475 196.1989
   3.000   0.8387   0.01884  -0.00027  -0.0608   0.4056   0.0438  73.4475 196.1989
   3.000   0.8387   0.01884  -0.00027  -0.0608   0.4056   0.0438  73.4475 196.1989
   3.000   0.8387   0.01884  -0.00027  -0.0608   0.4056   0.0438  73.4475 196.1989
   4.000   1.1659   0.01880   0.00290  -0.1099   0.3972   1.0000  74.2651 300.0000
   4.000   1.1659   0.01880   0.00290  -0.1099   0.3972   1.0000  74.2651 300.0000
   4.000   1.1659   0.01880   0.00290  -0.1099   0.3972   1.0000  74.2651 300.0000
   4.000   1.1659   0.01880   0.00290  -0.1099   0.3972   1.0000  74.2651 300.0000
   4.000   1.1659   0.01880   0.00290  -0.1099   0.3972   1.0000  74.2651 300.0000
   5.000   1.2344   0.02026   0.00284  -0.1052   0.3912   1.0000  74.8517 300.0000
   5.000   1.2344   0.02026   0.00284  -0.1052   0.3912   1.0000  74.8517 300.0000
   5.000   1.2344   0.02026   0.00284  -0.1052   0.3912   1.0000  74.8517 300.0000
   5.000   1.2344   0.02026   0.00284  -0.1052   0.3912   1.0000  74.8517 300.0000
   5.000   1.2344   0.02026   0.00284  -0.1052   0.3912   1.0000  74.8517 300.0000
   6.000   1.2973   0.02215   0.00302  -0.1005   0.3853   1.0000  75.4442 300.0000
   6.000   1.2973   0.02215   0.00302  -0.1005   0.3853   1.0000  75.4442 300.0000
   6.000   1.2973   0.02215   0.00302  -0.1005   0.3853   1.0000  75.4442 300.0000
   6.000   1.2973   0.02215   0.00302  -0.1005   0.3853   1.0000  75.4442 300.0000
   6.000   1.2973   0.02215   0.00302  -0.1005   0.3853   1.0000  75.4442 300.0000
   7.000   1.3734   0.02383   0.00287  -0.0982   0.3795   1.0000  76.0213 300.0000
   7.000   1.3734   0.02383   0.00287  -0.0982   0.3795   1.0000  76.0213 300.0000
   7.000   1.3734   0.02383   0.00287  -0.0982   0.3795   1.0000  76.0213 300.0000
   7.000   1.3734   0.02383   0.00287  -0.0982   0.3795   1.0000  76.0213 300.0000
   7.000   1.3734   0.02383   0.00287  -0.0982   0.3795   1.0000  76.0213 300.0000
   8.000   1.4193   0.02681   0.00350  -0.0929   0.3732   1.0000  76.6561 300.0000
   8.000   1.4193   0.02681   0.00350  -0.0929   0.3732   1.0000  76.6561 300.0000
   8.000   1.4193   0.02681   0.00350  -0.0929   0.3732   1.0000  76.6561 300.0000
   8.000   1.4193   0.02681   0.00350  -0.0929   0.3732   1.0000  76.6561 300.0000
   8.000   1.4193   0.02681   0.00350  -0.0929   0.3732   1.0000  76.6561 300.0000
   9.000   1.4745   0.02981   0.00393  -0.0896   0.3670   1.0000  77.2867 300.0000
   9.000   1.4745   0.02981   0.00393  -0.0896   0.3670   1.0000  77.2867 300.0000
   9.000   1.4745   0.02981   0.00393  -0.0896   0.3670   1.0000  77.2867 300.0000
   9.000   1.4745   0.02981   0.00393  -0.0896   0.3670   1.0000  77.2867 300.0000
   9.000   1.4745   0.02981   0.00393  -0.0896   0.3670   1.0000  77.2867 300.0000
  10.000   1.5329   0.03280   0.00417  -0.0874   0.3607   1.0000  77.9393 300.0000
  10.000   1.5329   0.03280   0.00417  -0.0874   0.3607   1.0000  77.9394 300.0000
  10.000   1.5329   0.03280   0.00417  -0.0874   0.3607   1.0000  77.9394 300.0000
  10.000   1.5329   0.03280   0.00417  -0.0874   0.3607   1.0000  77.9394 300.0000
  10.000   1.5329   0.03280   0.00417  -0.0874   0.3607   1.0000  77.9394 300.0000
  11.000   1.5629   0.03794   0.00572  -0.0835   0.3535   1.0000  78.6911 300.0000
  11.000   1.5629   0.03794   0.00572  -0.0835   0.3535   1.0000  78.6911 300.0000
  11.000   1.5629   0.03794   0.00572  -0.0835   0.3535   1.0000  78.6911 300.0000
  11.000   1.5629   0.03794   0.00572  -0.0835   0.3535   1.0000  78.6911 300.0000
  11.000   1.5629   0.03794   0.00572  -0.0835   0.3535   1.0000  78.6911 300.0000
  12.000   1.5951   0.04335   0.00728  -0.0807   0.3462   1.0000  79.4658 300.0000
  12.000   1.5951   0.04335   0.00728  -0.0807   0.3462   1.0000  79.4658 300.0000
  12.000   1.5951   0.04335   0.00728  -0.0807   0.3462   1.0000  79.4658 300.0000
  12.000   1.5951   0.04335   0.00728  -0.0807   0.3462   1.0000  79.4658 300.0000
  12.000   1.5951   0.04335   0.00728  -0.0807   0.3462   1.0000  79.4658 300.0000
  13.000   1.6255   0.04919   0.00899  -0.0785   0.3386   1.0000  80.2845 300.0000
  13.000   1.6255   0.04919   0.00899  -0.0785   0.3386   1.0000  80.2844 300.0000
  13.000   1.6255   0.04919   0.00899  -0.0785   0.3386   1.0000  80.2844 300.0000
  13.000   1.6255   0.04919   0.00899  -0.0785   0.3386   1.0000  80.2844 300.0000
  13.000   1.6255   0.04919   0.00899  -0.0785   0.3386   1.0000  80.2844 300.0000
  14.000   1.6469   0.05607   0.01133  -0.0765   0.3303   1.0000  81.1983 300.0000
  14.000   1.6469   0.05607   0.01133  -0.0765   0.3303   1.0000  81.1984 300.0000
  14.000   1.6469   0.05607   0.01133  -0.0765   0.3303   1.0000  81.1984 300.0000
  14.000   1.6469   0.05607   0.01133  -0.0765   0.3303   1.0000  81.1984 300.0000
  14.000   1.6469   0.05607   0.01133  -0.0765   0.3303   1.0000  81.1984 300.0000
  15.000   1.6387   0.06608   0.01601  -0.0738   0.3195   1.0000  82.3999 300.0000
  15.000   1.6387   0.06608   0.01601  -0.0738   0.3195   1.0000  82.3999 300.0000
  15.000   1.6387   0.06608   0.01601  -0.0738   0.3195   1.0000  82.3999 300.0000
  15.000   1.6387   0.06608   0.01601  -0.0738   0.3195   1.0000  82.3999 300.0000
  15.000   1.6387   0.06608   0.01601  -0.0738   0.3195   1.0000  82.3999 300.0000
  16.000   1.6269   0.07692   0.02151  -0.0718   0.3072   1.0000  83.7977 300.0000
  16.000   1.6269   0.07692   0.02151  -0.0718   0.3072   1.0000  83.7978 300.0000
  16.000   1.6269   0.07692   0.02151  -0.0718   0.3072   1.0000  83.7978 300.0000
  16.000   1.6269   0.07692   0.02151  -0.0718   0.3072   1.0000  83.7978 300.0000
  16.000   1.6269   0.07692   0.02151  -0.0718   0.3072   1.0000  83.7978 300.0000
  17.000   1.5965   0.09008   0.02958  -0.0699   0.2934   1.0000  85.4000 300.0000
  17.000   1.5965   0.09008   0.02958  -0.0699   0.2934   1.0000  85.4002 300.0000
  18.000   1.5925   0.10051   0.03579  -0.0697   0.2803   1.0000  86.9582 300.0000
  18.000   1.5925   0.10052   0.03579  -0.0697   0.2803   1.0000  86.9582 300.0000
  18.000   1.5925   0.10052   0.03579  -0.0697   0.2803   1.0000  86.9582 300.0000
  18.000   1.5925   0.10052   0.03579  -0.0697   0.2803   1.0000  86.9582 300.0000
  18.000   1.5925   0.10052   0.03579  -0.0697   0.2803   1.0000  86.9582 300.0000
  19.000   1.5560   0.11490   0.04747  -0.0694   0.2648   1.0000  88.8398 300.0000
  19.000   1.5560   0.11490   0.04747  -0.0694   0.2648   1.0000  88.8397 300.0000
  19.000   1.5560   0.11490   0.04747  -0.0694   0.2648   1.0000  88.8397 300.0000
  19.000   1.5560   0.11490   0.04747  -0.0694   0.2648   1.0000  88.8397 300.0000
  19.000   1.5560   0.11490   0.04747  -0.0694   0.2648   1.0000  88.8397 300.0000
