  
       XFOIL         Version 6.99
  
 Calculated polar for: GOE 571 AIRFOIL                                 
  
 1 1 Reynolds number fixed          Mach number fixed         
  
 xtrf =   1.000 (top)        1.000 (bottom)  
 Mach =   0.000     Re =     0.400 e 6     Ncrit =   9.000  9.000
  
   alpha    CL        CD       CDp       CM     Top_Xtr  Bot_Xtr  Top_Itr  Bot_Itr
  ------ -------- --------- --------- -------- -------- -------- -------- --------
   0.000   0.6466   0.01989   0.00314  -0.0837   0.4404   0.0447  70.1481 196.5165
   0.000   0.6466   0.01989   0.00314  -0.0837   0.4404   0.0447  70.1481 196.5165
   0.000   0.6466   0.01989   0.00314  -0.0837   0.4404   0.0447  70.1481 196.5165
   0.000   0.6466   0.01989   0.00314  -0.0837   0.4404   0.0447  70.1481 196.5165
   0.000   0.6466   0.01989   0.00314  -0.0837   0.4404   0.0447  70.1481 196.5165
   1.000   0.7290   0.01953   0.00196  -0.0790   0.4322   0.0457  70.9097 196.8653
   1.000   0.7290   0.01953   0.00196  -0.0790   0.4322   0.0457  70.9097 196.8653
   1.000   0.7290   0.01953   0.00196  -0.0790   0.4322   0.0457  70.9097 196.8653
   1.000   0.7290   0.01953   0.00196  -0.0790   0.4322   0.0457  70.9097 196.8653
   1.000   0.7290   0.01953   0.00196  -0.0790   0.4322   0.0457  70.9097 196.8653
   2.000   0.7998   0.01963   0.00128  -0.0728   0.4247   0.0478  71.6240 197.5372
   2.000   0.7998   0.01963   0.00128  -0.0728   0.4247   0.0478  71.6240 197.5372
   2.000   0.7998   0.01963   0.00128  -0.0728   0.4247   0.0478  71.6240 197.5372
   2.000   0.7998   0.01963   0.00128  -0.0728   0.4247   0.0478  71.6240 197.5372
   2.000   0.7998   0.01963   0.00128  -0.0728   0.4247   0.0478  71.6240 197.5372
   3.000   0.8794   0.02010   0.00076  -0.0686   0.4179   0.0529  72.2654 199.1232
   3.000   0.8794   0.02010   0.00076  -0.0686   0.4179   0.0529  72.2654 199.1230
   3.000   0.8794   0.02010   0.00076  -0.0686   0.4179   0.0529  72.2654 199.1230
   3.000   0.8794   0.02010   0.00076  -0.0686   0.4179   0.0529  72.2654 199.1230
   3.000   0.8794   0.02010   0.00076  -0.0686   0.4179   0.0529  72.2654 199.1230
   4.000   1.2008   0.02017   0.00373  -0.1161   0.4090   1.0000  73.1180 300.0000
   4.000   1.2008   0.02017   0.00373  -0.1161   0.4090   1.0000  73.1180 300.0000
   4.000   1.2008   0.02017   0.00373  -0.1161   0.4090   1.0000  73.1180 300.0000
   4.000   1.2008   0.02017   0.00373  -0.1161   0.4090   1.0000  73.1180 300.0000
   4.000   1.2008   0.02017   0.00373  -0.1161   0.4090   1.0000  73.1180 300.0000
   5.000   1.2609   0.02163   0.00375  -0.1097   0.4025   1.0000  73.7449 300.0000
   5.000   1.2609   0.02163   0.00375  -0.1097   0.4025   1.0000  73.7449 300.0000
   5.000   1.2609   0.02163   0.00375  -0.1097   0.4025   1.0000  73.7449 300.0000
   5.000   1.2609   0.02163   0.00375  -0.1097   0.4025   1.0000  73.7449 300.0000
   5.000   1.2609   0.02163   0.00375  -0.1097   0.4025   1.0000  73.7449 300.0000
   6.000   1.3242   0.02340   0.00386  -0.1046   0.3964   1.0000  74.3444 300.0000
   6.000   1.3242   0.02340   0.00386  -0.1046   0.3964   1.0000  74.3444 300.0000
   6.000   1.3242   0.02340   0.00386  -0.1046   0.3964   1.0000  74.3444 300.0000
   6.000   1.3242   0.02340   0.00386  -0.1046   0.3964   1.0000  74.3444 300.0000
   6.000   1.3242   0.02340   0.00386  -0.1046   0.3964   1.0000  74.3444 300.0000
   7.000   1.4038   0.02488   0.00364  -0.1026   0.3904   1.0000  74.9367 300.0000
   7.000   1.4038   0.02488   0.00364  -0.1026   0.3904   1.0000  74.9367 300.0000
   7.000   1.4038   0.02488   0.00364  -0.1026   0.3904   1.0000  74.9367 300.0000
   7.000   1.4038   0.02488   0.00364  -0.1026   0.3904   1.0000  74.9367 300.0000
   7.000   1.4038   0.02488   0.00364  -0.1026   0.3904   1.0000  74.9367 300.0000
   8.000   1.4380   0.02790   0.00425  -0.0951   0.3836   1.0000  75.6047 300.0000
   8.000   1.4380   0.02790   0.00425  -0.0951   0.3836   1.0000  75.6047 300.0000
   8.000   1.4380   0.02790   0.00425  -0.0951   0.3836   1.0000  75.6047 300.0000
   8.000   1.4380   0.02790   0.00425  -0.0951   0.3836   1.0000  75.6047 300.0000
   8.000   1.4380   0.02790   0.00425  -0.0951   0.3836   1.0000  75.6047 300.0000
   9.000   1.4952   0.03054   0.00444  -0.0916   0.3774   1.0000  76.2334 300.0000
   9.000   1.4952   0.03054   0.00444  -0.0916   0.3774   1.0000  76.2334 300.0000
   9.000   1.4952   0.03054   0.00444  -0.0916   0.3774   1.0000  76.2334 300.0000
   9.000   1.4952   0.03054   0.00444  -0.0916   0.3774   1.0000  76.2334 300.0000
   9.000   1.4952   0.03054   0.00444  -0.0916   0.3774   1.0000  76.2334 300.0000
  10.000   1.5514   0.03332   0.00454  -0.0887   0.3707   1.0000  76.9054 300.0000
  10.000   1.5514   0.03332   0.00454  -0.0887   0.3707   1.0000  76.9053 300.0000
  10.000   1.5514   0.03332   0.00454  -0.0887   0.3707   1.0000  76.9053 300.0000
  10.000   1.5514   0.03332   0.00454  -0.0887   0.3707   1.0000  76.9053 300.0000
  10.000   1.5514   0.03332   0.00454  -0.0887   0.3707   1.0000  76.9053 300.0000
  11.000   1.5622   0.03900   0.00633  -0.0824   0.3630   1.0000  77.7011 300.0000
  11.000   1.5622   0.03900   0.00633  -0.0824   0.3630   1.0000  77.7010 300.0000
  11.000   1.5622   0.03900   0.00633  -0.0824   0.3630   1.0000  77.7010 300.0000
  11.000   1.5622   0.03900   0.00633  -0.0824   0.3630   1.0000  77.7010 300.0000
  11.000   1.5622   0.03900   0.00633  -0.0824   0.3630   1.0000  77.7010 300.0000
  12.000   1.5768   0.04532   0.00846  -0.0780   0.3551   1.0000  78.5316 300.0000
  12.000   1.5768   0.04531   0.00846  -0.0780   0.3551   1.0000  78.5317 300.0000
  12.000   1.5768   0.04531   0.00846  -0.0780   0.3551   1.0000  78.5317 300.0000
  12.000   1.5768   0.04531   0.00846  -0.0780   0.3551   1.0000  78.5317 300.0000
  12.000   1.5768   0.04531   0.00846  -0.0780   0.3551   1.0000  78.5317 300.0000
  13.000   1.5856   0.05272   0.01129  -0.0745   0.3465   1.0000  79.4404 300.0000
  13.000   1.5856   0.05272   0.01129  -0.0745   0.3465   1.0000  79.4403 300.0000
  13.000   1.5856   0.05272   0.01129  -0.0745   0.3465   1.0000  79.4403 300.0000
  13.000   1.5856   0.05272   0.01129  -0.0745   0.3465   1.0000  79.4403 300.0000
  13.000   1.5856   0.05272   0.01129  -0.0745   0.3465   1.0000  79.4403 300.0000
  14.000   1.5752   0.06243   0.01590  -0.0710   0.3365   1.0000  80.5163 300.0000
  14.000   1.5752   0.06243   0.01590  -0.0710   0.3365   1.0000  80.5161 300.0000
  14.000   1.5752   0.06243   0.01590  -0.0710   0.3365   1.0000  80.5161 300.0000
  14.000   1.5752   0.06243   0.01590  -0.0710   0.3365   1.0000  80.5161 300.0000
  14.000   1.5752   0.06243   0.01590  -0.0710   0.3365   1.0000  80.5161 300.0000
  15.000   1.5614   0.07315   0.02152  -0.0684   0.3256   1.0000  81.7143 300.0000
  15.000   1.5614   0.07315   0.02152  -0.0684   0.3256   1.0000  81.7141 300.0000
  15.000   1.5614   0.07315   0.02152  -0.0684   0.3256   1.0000  81.7140 300.0000
  15.000   1.5614   0.07315   0.02152  -0.0684   0.3256   1.0000  81.7140 300.0000
  15.000   1.5614   0.07315   0.02152  -0.0684   0.3256   1.0000  81.7140 300.0000
  16.000   1.5710   0.08186   0.02563  -0.0676   0.3152   1.0000  82.8865 300.0000
  16.000   1.5710   0.08186   0.02563  -0.0676   0.3152   1.0000  82.8865 300.0000
  16.000   1.5710   0.08186   0.02563  -0.0676   0.3152   1.0000  82.8865 300.0000
  16.000   1.5710   0.08186   0.02563  -0.0676   0.3152   1.0000  82.8865 300.0000
  16.000   1.5710   0.08186   0.02563  -0.0676   0.3152   1.0000  82.8865 300.0000
  19.000   1.4909   0.12174   0.05616  -0.0666   0.2714   1.0000  88.0372 300.0000
  19.000   1.4909   0.12174   0.05616  -0.0666   0.2714   1.0000  88.0371 300.0000
  19.000   1.4909   0.12174   0.05616  -0.0666   0.2714   1.0000  88.0371 300.0000
  19.000   1.4909   0.12174   0.05616  -0.0666   0.2714   1.0000  88.0371 300.0000
  19.000   1.4909   0.12174   0.05616  -0.0666   0.2714   1.0000  88.0371 300.0000
