  
       XFOIL         Version 6.99
  
 Calculated polar for: GOE 571 AIRFOIL                                 
  
 1 1 Reynolds number fixed          Mach number fixed         
  
 xtrf =   1.000 (top)        1.000 (bottom)  
 Mach =   0.000     Re =     0.350 e 6     Ncrit =   9.000  9.000
  
   alpha    CL        CD       CDp       CM     Top_Xtr  Bot_Xtr  Top_Itr  Bot_Itr
  ------ -------- --------- --------- -------- -------- -------- -------- --------
   0.000   0.6585   0.02069   0.00375  -0.0863   0.4462   0.0474  69.6017 197.4163
   0.000   0.6585   0.02069   0.00375  -0.0863   0.4462   0.0474  69.6017 197.4164
   0.000   0.6585   0.02069   0.00375  -0.0863   0.4462   0.0474  69.6017 197.4164
   0.000   0.6585   0.02069   0.00375  -0.0863   0.4462   0.0474  69.6017 197.4164
   0.000   0.6585   0.02069   0.00375  -0.0863   0.4462   0.0474  69.6017 197.4164
   1.000   0.7416   0.02035   0.00262  -0.0818   0.4381   0.0489  70.3621 197.8915
   1.000   0.7416   0.02035   0.00262  -0.0818   0.4381   0.0489  70.3621 197.8915
   1.000   0.7416   0.02035   0.00262  -0.0818   0.4381   0.0489  70.3621 197.8915
   1.000   0.7416   0.02035   0.00262  -0.0818   0.4381   0.0489  70.3621 197.8915
   1.000   0.7416   0.02035   0.00262  -0.0818   0.4381   0.0489  70.3621 197.8915
   2.000   0.8307   0.02030   0.00183  -0.0787   0.4307   0.0514  71.0494 198.6920
   2.000   0.8307   0.02030   0.00183  -0.0787   0.4307   0.0514  71.0494 198.6920
   2.000   0.8307   0.02030   0.00183  -0.0787   0.4307   0.0514  71.0494 198.6920
   2.000   0.8307   0.02030   0.00183  -0.0787   0.4307   0.0514  71.0494 198.6920
   2.000   0.8307   0.02030   0.00183  -0.0787   0.4307   0.0514  71.0494 198.6920
   3.000   0.8967   0.02086   0.00143  -0.0721   0.4234   0.0583  71.7459 200.7105
   3.000   0.8967   0.02086   0.00143  -0.0721   0.4234   0.0583  71.7459 200.7104
   3.000   0.8967   0.02086   0.00143  -0.0721   0.4234   0.0583  71.7459 200.7104
   3.000   0.8967   0.02086   0.00143  -0.0721   0.4234   0.0583  71.7459 200.7104
   3.000   0.8967   0.02086   0.00143  -0.0721   0.4234   0.0583  71.7459 200.7104
   4.000   1.2043   0.02114   0.00446  -0.1170   0.4142   1.0000  72.6262 300.0000
   4.000   1.2042   0.02114   0.00446  -0.1170   0.4142   1.0000  72.6260 300.0000
   4.000   1.2042   0.02114   0.00446  -0.1170   0.4142   1.0000  72.6260 300.0000
   4.000   1.2042   0.02114   0.00446  -0.1170   0.4142   1.0000  72.6260 300.0000
   4.000   1.2042   0.02114   0.00446  -0.1170   0.4142   1.0000  72.6260 300.0000
   5.000   1.2771   0.02256   0.00445  -0.1127   0.4080   1.0000  73.2212 300.0000
   5.000   1.2771   0.02256   0.00445  -0.1127   0.4080   1.0000  73.2212 300.0000
   5.000   1.2771   0.02256   0.00445  -0.1127   0.4080   1.0000  73.2212 300.0000
   5.000   1.2771   0.02256   0.00445  -0.1127   0.4080   1.0000  73.2212 300.0000
   5.000   1.2771   0.02256   0.00445  -0.1127   0.4080   1.0000  73.2212 300.0000
   6.000   1.3447   0.02410   0.00442  -0.1080   0.4015   1.0000  73.8438 300.0000
   6.000   1.3447   0.02410   0.00442  -0.1080   0.4015   1.0000  73.8438 300.0000
   6.000   1.3447   0.02410   0.00442  -0.1080   0.4015   1.0000  73.8438 300.0000
   6.000   1.3447   0.02410   0.00442  -0.1080   0.4015   1.0000  73.8438 300.0000
   6.000   1.3447   0.02410   0.00442  -0.1080   0.4015   1.0000  73.8438 300.0000
   7.000   1.3888   0.02651   0.00481  -0.1008   0.3949   1.0000  74.4880 300.0000
   7.000   1.3888   0.02651   0.00481  -0.1008   0.3949   1.0000  74.4880 300.0000
   7.000   1.3888   0.02651   0.00481  -0.1008   0.3949   1.0000  74.4880 300.0000
   7.000   1.3888   0.02651   0.00481  -0.1008   0.3949   1.0000  74.4880 300.0000
   7.000   1.3888   0.02651   0.00481  -0.1008   0.3949   1.0000  74.4880 300.0000
   8.000   1.4708   0.02813   0.00455  -0.0996   0.3889   1.0000  75.0794 300.0000
   8.000   1.4708   0.02813   0.00455  -0.0996   0.3889   1.0000  75.0794 300.0000
   8.000   1.4708   0.02813   0.00455  -0.0996   0.3889   1.0000  75.0794 300.0000
   8.000   1.4708   0.02813   0.00455  -0.0996   0.3889   1.0000  75.0794 300.0000
   8.000   1.4708   0.02813   0.00455  -0.0996   0.3889   1.0000  75.0794 300.0000
   9.000   1.4963   0.03165   0.00525  -0.0919   0.3818   1.0000  75.7885 300.0000
   9.000   1.4963   0.03165   0.00525  -0.0919   0.3818   1.0000  75.7885 300.0000
   9.000   1.4963   0.03165   0.00525  -0.0919   0.3818   1.0000  75.7885 300.0000
   9.000   1.4963   0.03165   0.00525  -0.0919   0.3818   1.0000  75.7885 300.0000
   9.000   1.4963   0.03165   0.00525  -0.0919   0.3818   1.0000  75.7885 300.0000
  10.000   1.5153   0.03633   0.00654  -0.0851   0.3743   1.0000  76.5397 300.0000
  10.000   1.5153   0.03633   0.00654  -0.0851   0.3743   1.0000  76.5397 300.0000
  10.000   1.5153   0.03633   0.00654  -0.0851   0.3743   1.0000  76.5397 300.0000
  10.000   1.5153   0.03633   0.00654  -0.0851   0.3743   1.0000  76.5397 300.0000
  10.000   1.5153   0.03633   0.00654  -0.0851   0.3743   1.0000  76.5397 300.0000
  11.000   1.5517   0.04065   0.00745  -0.0814   0.3672   1.0000  77.2702 300.0000
  11.000   1.5517   0.04065   0.00745  -0.0814   0.3672   1.0000  77.2703 300.0000
  11.000   1.5517   0.04065   0.00745  -0.0814   0.3672   1.0000  77.2703 300.0000
  11.000   1.5517   0.04065   0.00745  -0.0814   0.3672   1.0000  77.2703 300.0000
  11.000   1.5517   0.04065   0.00745  -0.0814   0.3672   1.0000  77.2703 300.0000
  12.000   1.6144   0.04350   0.00721  -0.0805   0.3604   1.0000  77.9671 300.0000
  12.000   1.6144   0.04350   0.00721  -0.0805   0.3604   1.0000  77.9671 300.0000
  12.000   1.6144   0.04350   0.00721  -0.0805   0.3604   1.0000  77.9671 300.0000
  12.000   1.6144   0.04350   0.00721  -0.0805   0.3604   1.0000  77.9671 300.0000
  12.000   1.6144   0.04350   0.00721  -0.0805   0.3604   1.0000  77.9671 300.0000
  13.000   1.6016   0.05190   0.01062  -0.0749   0.3513   1.0000  78.9271 300.0000
  13.000   1.6016   0.05190   0.01062  -0.0749   0.3513   1.0000  78.9270 300.0000
  13.000   1.6016   0.05190   0.01062  -0.0749   0.3513   1.0000  78.9270 300.0000
  13.000   1.6016   0.05190   0.01062  -0.0749   0.3513   1.0000  78.9270 300.0000
  13.000   1.6016   0.05190   0.01062  -0.0749   0.3513   1.0000  78.9270 300.0000
  14.000   0.9145   0.14224   0.10494  -0.0543   0.2741   1.0000  87.7128 300.0000
  14.000   0.9145   0.14223   0.10494  -0.0543   0.2741   1.0000  87.7130 300.0000
  14.000   0.9145   0.14223   0.10494  -0.0543   0.2741   1.0000  87.7130 300.0000
  14.000   0.9145   0.14223   0.10494  -0.0543   0.2741   1.0000  87.7130 300.0000
  14.000   0.9145   0.14223   0.10494  -0.0543   0.2741   1.0000  87.7130 300.0000
