  
       XFOIL         Version 6.99
  
 Calculated polar for: GOE 571 AIRFOIL                                 
  
 1 1 Reynolds number fixed          Mach number fixed         
  
 xtrf =   1.000 (top)        1.000 (bottom)  
 Mach =   0.000     Re =     0.275 e 6     Ncrit =   9.000  9.000
  
   alpha    CL        CD       CDp       CM     Top_Xtr  Bot_Xtr  Top_Itr  Bot_Itr
  ------ -------- --------- --------- -------- -------- -------- -------- --------
   0.000   0.6872   0.02257   0.00526  -0.0928   0.4580   0.0534  68.5103 199.2750
   0.000   0.6872   0.02257   0.00526  -0.0928   0.4580   0.0534  68.5103 199.2750
   0.000   0.6872   0.02257   0.00526  -0.0928   0.4580   0.0534  68.5103 199.2750
   0.000   0.6872   0.02257   0.00526  -0.0928   0.4580   0.0534  68.5103 199.2750
   0.000   0.6872   0.02257   0.00526  -0.0928   0.4580   0.0534  68.5103 199.2750
   1.000   0.7730   0.02218   0.00414  -0.0888   0.4496   0.0552  69.2855 199.8187
   1.000   0.7730   0.02218   0.00414  -0.0888   0.4496   0.0552  69.2856 199.8189
   1.000   0.7730   0.02218   0.00414  -0.0888   0.4496   0.0552  69.2856 199.8189
   1.000   0.7730   0.02218   0.00414  -0.0888   0.4496   0.0552  69.2856 199.8189
   1.000   0.7730   0.02218   0.00414  -0.0888   0.4496   0.0552  69.2856 199.8189
   2.000   0.8698   0.02210   0.00340  -0.0871   0.4420   0.0599  69.9912 201.1432
   2.000   0.8698   0.02210   0.00340  -0.0871   0.4420   0.0599  69.9913 201.1440
   2.000   0.8698   0.02210   0.00340  -0.0871   0.4420   0.0599  69.9913 201.1440
   2.000   0.8698   0.02210   0.00340  -0.0871   0.4420   0.0599  69.9913 201.1440
   2.000   0.8698   0.02210   0.00340  -0.0871   0.4420   0.0599  69.9913 201.1440
   3.000   0.9203   0.02295   0.00325  -0.0776   0.4342   0.0707  70.7214 203.8988
   3.000   0.9203   0.02295   0.00325  -0.0776   0.4342   0.0707  70.7214 203.8988
   3.000   0.9203   0.02295   0.00325  -0.0776   0.4342   0.0707  70.7214 203.8988
   3.000   0.9203   0.02295   0.00325  -0.0776   0.4342   0.0707  70.7214 203.8988
   3.000   0.9203   0.02295   0.00325  -0.0776   0.4342   0.0707  70.7214 203.8988
   4.000   1.2199   0.02351   0.00627  -0.1206   0.4247   1.0000  71.6262 300.0000
   4.000   1.2199   0.02351   0.00627  -0.1206   0.4247   1.0000  71.6262 300.0000
   4.000   1.2199   0.02351   0.00627  -0.1206   0.4247   1.0000  71.6262 300.0000
   4.000   1.2199   0.02351   0.00627  -0.1206   0.4247   1.0000  71.6262 300.0000
   4.000   1.2199   0.02351   0.00627  -0.1206   0.4247   1.0000  71.6262 300.0000
   5.000   1.2888   0.02510   0.00640  -0.1156   0.4181   1.0000  72.2454 300.0000
   5.000   1.2888   0.02510   0.00640  -0.1156   0.4181   1.0000  72.2453 300.0000
   5.000   1.2888   0.02510   0.00640  -0.1156   0.4181   1.0000  72.2453 300.0000
   5.000   1.2888   0.02510   0.00640  -0.1156   0.4181   1.0000  72.2453 300.0000
   5.000   1.2888   0.02510   0.00640  -0.1156   0.4181   1.0000  72.2453 300.0000
   6.000   1.3567   0.02672   0.00644  -0.1109   0.4115   1.0000  72.8823 300.0000
   6.000   1.3567   0.02672   0.00644  -0.1109   0.4115   1.0000  72.8823 300.0000
   6.000   1.3567   0.02672   0.00644  -0.1109   0.4115   1.0000  72.8823 300.0000
   6.000   1.3567   0.02672   0.00644  -0.1109   0.4115   1.0000  72.8823 300.0000
   6.000   1.3567   0.02672   0.00644  -0.1109   0.4115   1.0000  72.8823 300.0000
   7.000   1.3763   0.02980   0.00723  -0.0999   0.4042   1.0000  73.5798 300.0000
   7.000   1.3763   0.02980   0.00723  -0.0999   0.4042   1.0000  73.5798 300.0000
   7.000   1.3763   0.02980   0.00723  -0.0999   0.4042   1.0000  73.5798 300.0000
   7.000   1.3763   0.02980   0.00723  -0.0999   0.4042   1.0000  73.5798 300.0000
   7.000   1.3763   0.02980   0.00723  -0.0999   0.4042   1.0000  73.5798 300.0000
   8.000   1.4315   0.03242   0.00757  -0.0953   0.3976   1.0000  74.2215 300.0000
   8.000   1.4315   0.03242   0.00757  -0.0953   0.3976   1.0000  74.2216 300.0000
   8.000   1.4315   0.03242   0.00757  -0.0953   0.3976   1.0000  74.2216 300.0000
   8.000   1.4315   0.03242   0.00757  -0.0953   0.3976   1.0000  74.2216 300.0000
   8.000   1.4315   0.03242   0.00757  -0.0953   0.3976   1.0000  74.2216 300.0000
   9.000   1.4832   0.03523   0.00784  -0.0910   0.3906   1.0000  74.9094 300.0000
   9.000   1.4832   0.03523   0.00784  -0.0910   0.3906   1.0000  74.9094 300.0000
   9.000   1.4832   0.03523   0.00784  -0.0910   0.3906   1.0000  74.9094 300.0000
   9.000   1.4832   0.03523   0.00784  -0.0910   0.3906   1.0000  74.9094 300.0000
   9.000   1.4832   0.03523   0.00784  -0.0910   0.3906   1.0000  74.9094 300.0000
  10.000   1.4519   0.04260   0.01087  -0.0796   0.3817   1.0000  75.8014 300.0000
  10.000   1.4519   0.04261   0.01087  -0.0796   0.3817   1.0000  75.8013 300.0000
  10.000   1.4519   0.04261   0.01087  -0.0796   0.3817   1.0000  75.8013 300.0000
  10.000   1.4519   0.04261   0.01087  -0.0796   0.3817   1.0000  75.8013 300.0000
  10.000   1.4519   0.04261   0.01087  -0.0796   0.3817   1.0000  75.8013 300.0000
  11.000   1.4075   0.05306   0.01621  -0.0707   0.3713   1.0000  76.8525 300.0000
  11.000   1.4075   0.05305   0.01621  -0.0707   0.3713   1.0000  76.8526 300.0000
  11.000   1.4075   0.05305   0.01621  -0.0707   0.3713   1.0000  76.8526 300.0000
  11.000   1.4075   0.05305   0.01621  -0.0707   0.3713   1.0000  76.8526 300.0000
  11.000   1.4075   0.05305   0.01621  -0.0707   0.3713   1.0000  76.8526 300.0000
  12.000   1.3776   0.06424   0.02245  -0.0652   0.3602   1.0000  77.9910 300.0000
  12.000   1.3776   0.06425   0.02245  -0.0652   0.3602   1.0000  77.9910 300.0000
  12.000   1.3776   0.06425   0.02245  -0.0652   0.3602   1.0000  77.9910 300.0000
  12.000   1.3776   0.06425   0.02245  -0.0652   0.3602   1.0000  77.9910 300.0000
  12.000   1.3776   0.06425   0.02245  -0.0652   0.3602   1.0000  77.9910 300.0000
  14.000   0.7956   0.16186   0.13631  -0.0549   0.2648   1.0000  88.8357 300.0000
  14.000   0.7956   0.16186   0.13631  -0.0549   0.2648   1.0000  88.8356 300.0000
  14.000   0.7956   0.16186   0.13631  -0.0549   0.2648   1.0000  88.8356 300.0000
  14.000   0.7956   0.16186   0.13631  -0.0549   0.2648   1.0000  88.8356 300.0000
  14.000   0.7956   0.16186   0.13631  -0.0549   0.2648   1.0000  88.8356 300.0000
  15.000   0.8199   0.17146   0.15064  -0.0572   0.2540   1.0000  90.1728 300.0000
  15.000   0.8199   0.17146   0.15064  -0.0572   0.2540   1.0000  90.1728 300.0000
  15.000   0.8199   0.17146   0.15064  -0.0572   0.2540   1.0000  90.1728 300.0000
  15.000   0.8199   0.17146   0.15064  -0.0572   0.2540   1.0000  90.1728 300.0000
  15.000   0.8199   0.17146   0.15064  -0.0572   0.2540   1.0000  90.1728 300.0000
  16.000   0.8662   0.17717   0.15855  -0.0594   0.2469   1.0000  91.0598 300.0000
  16.000   0.8662   0.17718   0.15855  -0.0594   0.2469   1.0000  91.0598 300.0000
  16.000   0.8662   0.17718   0.15855  -0.0594   0.2469   1.0000  91.0598 300.0000
  16.000   0.8662   0.17718   0.15855  -0.0594   0.2469   1.0000  91.0598 300.0000
  16.000   0.8662   0.17718   0.15855  -0.0594   0.2469   1.0000  91.0598 300.0000
  17.000   0.9059   0.18385   0.16882  -0.0620   0.2394   1.0000  92.0056 300.0000
  17.000   0.9059   0.18385   0.16882  -0.0620   0.2394   1.0000  92.0056 300.0000
  17.000   0.9059   0.18385   0.16882  -0.0620   0.2394   1.0000  92.0056 300.0000
  17.000   0.9059   0.18385   0.16882  -0.0620   0.2394   1.0000  92.0056 300.0000
  17.000   0.9059   0.18385   0.16882  -0.0620   0.2394   1.0000  92.0056 300.0000
