  
       XFOIL         Version 6.99
  
 Calculated polar for: GOE 571 AIRFOIL                                 
  
 1 1 Reynolds number fixed          Mach number fixed         
  
 xtrf =   1.000 (top)        1.000 (bottom)  
 Mach =   0.000     Re =     0.325 e 6     Ncrit =   9.000  9.000
  
   alpha    CL        CD       CDp       CM     Top_Xtr  Bot_Xtr  Top_Itr  Bot_Itr
  ------ -------- --------- --------- -------- -------- -------- -------- --------
   0.000   0.6708   0.02119   0.00403  -0.0888   0.4499   0.0489  69.2557 197.9008
   0.000   0.6708   0.02119   0.00403  -0.0888   0.4499   0.0489  69.2557 197.9008
   0.000   0.6708   0.02119   0.00403  -0.0888   0.4499   0.0489  69.2557 197.9008
   0.000   0.6708   0.02119   0.00403  -0.0888   0.4499   0.0489  69.2557 197.9008
   0.000   0.6708   0.02119   0.00403  -0.0888   0.4499   0.0489  69.2557 197.9008
   1.000   0.7649   0.02069   0.00292  -0.0864   0.4417   0.0509  70.0209 198.5086
   1.000   0.7649   0.02069   0.00292  -0.0864   0.4417   0.0509  70.0210 198.5089
   1.000   0.7649   0.02069   0.00292  -0.0864   0.4417   0.0509  70.0210 198.5089
   1.000   0.7649   0.02069   0.00292  -0.0864   0.4417   0.0509  70.0210 198.5089
   1.000   0.7649   0.02069   0.00292  -0.0864   0.4417   0.0509  70.0210 198.5089
   2.000   0.8298   0.02085   0.00229  -0.0789   0.4338   0.0533  70.7597 199.2574
   2.000   0.8298   0.02085   0.00229  -0.0789   0.4338   0.0533  70.7597 199.2575
   2.000   0.8298   0.02085   0.00229  -0.0789   0.4338   0.0533  70.7597 199.2575
   2.000   0.8298   0.02085   0.00229  -0.0789   0.4338   0.0533  70.7597 199.2575
   2.000   0.8298   0.02085   0.00229  -0.0789   0.4338   0.0533  70.7597 199.2575
   3.000   1.1476   0.02045   0.00492  -0.1250   0.4240   1.0000  71.6922 300.0000
   3.000   1.1476   0.02045   0.00492  -0.1250   0.4240   1.0000  71.6921 300.0000
   3.000   1.1476   0.02045   0.00492  -0.1250   0.4240   1.0000  71.6921 300.0000
   3.000   1.1476   0.02045   0.00492  -0.1250   0.4240   1.0000  71.6921 300.0000
   3.000   1.1476   0.02045   0.00492  -0.1250   0.4240   1.0000  71.6921 300.0000
   4.000   1.2139   0.02177   0.00492  -0.1189   0.4174   1.0000  72.3135 300.0000
   4.000   1.2139   0.02177   0.00492  -0.1189   0.4174   1.0000  72.3134 300.0000
   4.000   1.2139   0.02177   0.00492  -0.1189   0.4174   1.0000  72.3134 300.0000
   4.000   1.2139   0.02177   0.00492  -0.1189   0.4174   1.0000  72.3134 300.0000
   4.000   1.2139   0.02177   0.00492  -0.1189   0.4174   1.0000  72.3134 300.0000
   5.000   1.2970   0.02298   0.00479  -0.1162   0.4110   1.0000  72.9257 300.0000
   5.000   1.2970   0.02298   0.00479  -0.1162   0.4110   1.0000  72.9257 300.0000
   5.000   1.2970   0.02298   0.00479  -0.1162   0.4110   1.0000  72.9257 300.0000
   5.000   1.2970   0.02298   0.00479  -0.1162   0.4110   1.0000  72.9257 300.0000
   5.000   1.2970   0.02298   0.00479  -0.1162   0.4110   1.0000  72.9257 300.0000
   6.000   1.3345   0.02510   0.00514  -0.1067   0.4042   1.0000  73.5803 300.0000
   6.000   1.3345   0.02510   0.00514  -0.1067   0.4042   1.0000  73.5802 300.0000
   6.000   1.3345   0.02510   0.00514  -0.1067   0.4042   1.0000  73.5802 300.0000
   6.000   1.3345   0.02510   0.00514  -0.1067   0.4042   1.0000  73.5802 300.0000
   6.000   1.3345   0.02510   0.00514  -0.1067   0.4042   1.0000  73.5802 300.0000
   7.000   1.4079   0.02686   0.00514  -0.1038   0.3981   1.0000  74.1767 300.0000
   7.000   1.4079   0.02686   0.00514  -0.1038   0.3981   1.0000  74.1767 300.0000
   7.000   1.4079   0.02686   0.00514  -0.1038   0.3981   1.0000  74.1767 300.0000
   7.000   1.4079   0.02686   0.00514  -0.1038   0.3981   1.0000  74.1767 300.0000
   7.000   1.4079   0.02686   0.00514  -0.1038   0.3981   1.0000  74.1767 300.0000
   8.000   1.4572   0.02927   0.00534  -0.0980   0.3914   1.0000  74.8380 300.0000
   8.000   1.4572   0.02927   0.00534  -0.0980   0.3914   1.0000  74.8380 300.0000
   8.000   1.4572   0.02927   0.00534  -0.0980   0.3914   1.0000  74.8380 300.0000
   8.000   1.4572   0.02927   0.00534  -0.0980   0.3914   1.0000  74.8380 300.0000
   8.000   1.4572   0.02927   0.00534  -0.0980   0.3914   1.0000  74.8380 300.0000
   9.000   1.4761   0.03334   0.00640  -0.0897   0.3840   1.0000  75.5651 300.0000
   9.000   1.4761   0.03334   0.00640  -0.0897   0.3840   1.0000  75.5651 300.0000
   9.000   1.4761   0.03334   0.00640  -0.0897   0.3840   1.0000  75.5651 300.0000
   9.000   1.4761   0.03334   0.00640  -0.0897   0.3840   1.0000  75.5651 300.0000
   9.000   1.4761   0.03334   0.00640  -0.0897   0.3840   1.0000  75.5651 300.0000
  10.000   1.5194   0.03691   0.00698  -0.0856   0.3772   1.0000  76.2558 300.0000
  10.000   1.5194   0.03691   0.00698  -0.0856   0.3772   1.0000  76.2558 300.0000
  10.000   1.5194   0.03691   0.00698  -0.0856   0.3772   1.0000  76.2558 300.0000
  10.000   1.5194   0.03691   0.00698  -0.0856   0.3772   1.0000  76.2558 300.0000
  10.000   1.5194   0.03691   0.00698  -0.0856   0.3772   1.0000  76.2558 300.0000
  11.000   1.5795   0.03972   0.00690  -0.0838   0.3703   1.0000  76.9461 300.0000
  11.000   1.5795   0.03972   0.00690  -0.0838   0.3703   1.0000  76.9462 300.0000
  11.000   1.5795   0.03972   0.00690  -0.0838   0.3703   1.0000  76.9462 300.0000
  11.000   1.5795   0.03972   0.00690  -0.0838   0.3703   1.0000  76.9462 300.0000
  11.000   1.5795   0.03972   0.00690  -0.0838   0.3703   1.0000  76.9462 300.0000
  12.000   1.5587   0.04789   0.01021  -0.0762   0.3613   1.0000  77.8790 300.0000
  12.000   1.5587   0.04789   0.01021  -0.0762   0.3613   1.0000  77.8790 300.0000
  12.000   1.5587   0.04789   0.01021  -0.0762   0.3613   1.0000  77.8790 300.0000
  12.000   1.5587   0.04789   0.01021  -0.0762   0.3613   1.0000  77.8790 300.0000
  12.000   1.5587   0.04789   0.01021  -0.0762   0.3613   1.0000  77.8790 300.0000
  13.000   1.3072   0.08015   0.03374  -0.0608   0.3392   1.0000  80.2265 300.0000
  13.000   1.3072   0.08015   0.03374  -0.0608   0.3392   1.0000  80.2264 300.0000
  13.000   1.3072   0.08015   0.03374  -0.0608   0.3392   1.0000  80.2264 300.0000
  13.000   1.3072   0.08015   0.03374  -0.0608   0.3392   1.0000  80.2264 300.0000
  13.000   1.3072   0.08015   0.03374  -0.0608   0.3392   1.0000  80.2264 300.0000
  14.000   1.5371   0.06642   0.01883  -0.0680   0.3415   1.0000  79.9697 300.0000
  14.000   1.5371   0.06642   0.01883  -0.0680   0.3415   1.0000  79.9696 300.0000
  14.000   1.5371   0.06642   0.01883  -0.0680   0.3415   1.0000  79.9696 300.0000
  14.000   1.5371   0.06642   0.01883  -0.0680   0.3415   1.0000  79.9696 300.0000
  14.000   1.5371   0.06642   0.01883  -0.0680   0.3415   1.0000  79.9696 300.0000
