  
       XFOIL         Version 6.99
  
 Calculated polar for: GOE 571 AIRFOIL                                 
  
 1 1 Reynolds number fixed          Mach number fixed         
  
 xtrf =   1.000 (top)        1.000 (bottom)  
 Mach =   0.000     Re =     0.450 e 6     Ncrit =   9.000  9.000
  
   alpha    CL        CD       CDp       CM     Top_Xtr  Bot_Xtr  Top_Itr  Bot_Itr
  ------ -------- --------- --------- -------- -------- -------- -------- --------
   0.000   0.6298   0.01932   0.00274  -0.0802   0.4350   0.0425  70.6529 195.7490
   0.000   0.6298   0.01932   0.00274  -0.0802   0.4350   0.0425  70.6529 195.7491
   0.000   0.6298   0.01932   0.00274  -0.0802   0.4350   0.0425  70.6529 195.7491
   0.000   0.6298   0.01932   0.00274  -0.0802   0.4350   0.0425  70.6529 195.7491
   0.000   0.6298   0.01932   0.00274  -0.0802   0.4350   0.0425  70.6529 195.7491
   1.000   0.7105   0.01904   0.00161  -0.0753   0.4272   0.0430  71.3885 195.9395
   1.000   0.7105   0.01904   0.00161  -0.0753   0.4272   0.0430  71.3885 195.9396
   1.000   0.7105   0.01904   0.00161  -0.0753   0.4272   0.0430  71.3885 195.9396
   1.000   0.7105   0.01904   0.00161  -0.0753   0.4272   0.0430  71.3885 195.9396
   1.000   0.7105   0.01904   0.00161  -0.0753   0.4272   0.0430  71.3885 195.9396
   2.000   0.7930   0.01904   0.00079  -0.0712   0.4200   0.0453  72.0621 196.7075
   2.000   0.7930   0.01904   0.00079  -0.0712   0.4200   0.0453  72.0622 196.7076
   2.000   0.7930   0.01904   0.00079  -0.0712   0.4200   0.0453  72.0622 196.7076
   2.000   0.7930   0.01904   0.00079  -0.0712   0.4200   0.0453  72.0622 196.7076
   2.000   0.7930   0.01904   0.00079  -0.0712   0.4200   0.0453  72.0622 196.7076
   3.000   0.8621   0.01954   0.00027  -0.0653   0.4131   0.0488  72.7273 197.8632
   3.000   0.8621   0.01954   0.00027  -0.0653   0.4131   0.0488  72.7272 197.8625
   3.000   0.8621   0.01954   0.00027  -0.0653   0.4131   0.0488  72.7272 197.8624
   3.000   0.8621   0.01954   0.00027  -0.0653   0.4131   0.0488  72.7272 197.8624
   3.000   0.8621   0.01954   0.00027  -0.0653   0.4131   0.0488  72.7272 197.8624
   4.000   1.1787   0.01963   0.00339  -0.1121   0.4043   1.0000  73.5783 300.0000
   4.000   1.1787   0.01963   0.00339  -0.1121   0.4043   1.0000  73.5783 300.0000
   4.000   1.1787   0.01963   0.00339  -0.1121   0.4043   1.0000  73.5783 300.0000
   4.000   1.1787   0.01963   0.00339  -0.1121   0.4043   1.0000  73.5783 300.0000
   4.000   1.1787   0.01963   0.00339  -0.1121   0.4043   1.0000  73.5783 300.0000
   5.000   1.2542   0.02098   0.00329  -0.1084   0.3983   1.0000  74.1528 300.0000
   5.000   1.2542   0.02098   0.00329  -0.1084   0.3983   1.0000  74.1528 300.0000
   5.000   1.2542   0.02098   0.00329  -0.1084   0.3983   1.0000  74.1528 300.0000
   5.000   1.2542   0.02098   0.00329  -0.1084   0.3983   1.0000  74.1528 300.0000
   5.000   1.2542   0.02098   0.00329  -0.1084   0.3983   1.0000  74.1528 300.0000
   6.000   1.3158   0.02270   0.00335  -0.1032   0.3921   1.0000  74.7661 300.0000
   6.000   1.3158   0.02270   0.00335  -0.1032   0.3921   1.0000  74.7661 300.0000
   6.000   1.3158   0.02270   0.00335  -0.1032   0.3921   1.0000  74.7661 300.0000
   6.000   1.3158   0.02270   0.00335  -0.1032   0.3921   1.0000  74.7661 300.0000
   6.000   1.3158   0.02270   0.00335  -0.1032   0.3921   1.0000  74.7661 300.0000
   7.000   1.3754   0.02484   0.00356  -0.0985   0.3860   1.0000  75.3700 300.0000
   7.000   1.3754   0.02484   0.00356  -0.0985   0.3860   1.0000  75.3700 300.0000
   7.000   1.3754   0.02484   0.00356  -0.0985   0.3860   1.0000  75.3700 300.0000
   7.000   1.3754   0.02484   0.00356  -0.0985   0.3860   1.0000  75.3700 300.0000
   7.000   1.3754   0.02484   0.00356  -0.0985   0.3860   1.0000  75.3700 300.0000
   8.000   1.4524   0.02653   0.00331  -0.0968   0.3800   1.0000  75.9648 300.0000
   8.000   1.4524   0.02653   0.00331  -0.0968   0.3800   1.0000  75.9648 300.0000
   8.000   1.4524   0.02653   0.00331  -0.0968   0.3800   1.0000  75.9648 300.0000
   8.000   1.4524   0.02653   0.00331  -0.0968   0.3800   1.0000  75.9648 300.0000
   8.000   1.4524   0.02653   0.00331  -0.0968   0.3800   1.0000  75.9648 300.0000
   9.000   1.4833   0.03022   0.00418  -0.0903   0.3732   1.0000  76.6555 300.0000
   9.000   1.4833   0.03022   0.00418  -0.0903   0.3732   1.0000  76.6555 300.0000
   9.000   1.4833   0.03022   0.00418  -0.0903   0.3732   1.0000  76.6555 300.0000
   9.000   1.4833   0.03022   0.00418  -0.0903   0.3732   1.0000  76.6555 300.0000
   9.000   1.4833   0.03022   0.00418  -0.0903   0.3732   1.0000  76.6555 300.0000
  10.000   1.5286   0.03382   0.00482  -0.0865   0.3666   1.0000  77.3304 300.0000
  10.000   1.5286   0.03382   0.00482  -0.0865   0.3666   1.0000  77.3304 300.0000
  10.000   1.5286   0.03382   0.00482  -0.0865   0.3666   1.0000  77.3304 300.0000
  10.000   1.5286   0.03382   0.00482  -0.0865   0.3666   1.0000  77.3304 300.0000
  10.000   1.5286   0.03382   0.00482  -0.0865   0.3666   1.0000  77.3304 300.0000
  11.000   1.5953   0.03635   0.00457  -0.0855   0.3603   1.0000  77.9852 300.0000
  11.000   1.5953   0.03635   0.00457  -0.0855   0.3603   1.0000  77.9852 300.0000
  11.000   1.5953   0.03635   0.00457  -0.0855   0.3603   1.0000  77.9852 300.0000
  11.000   1.5953   0.03635   0.00457  -0.0855   0.3603   1.0000  77.9852 300.0000
  11.000   1.5953   0.03635   0.00457  -0.0855   0.3603   1.0000  77.9852 300.0000
  12.000   1.6042   0.04287   0.00682  -0.0804   0.3523   1.0000  78.8178 300.0000
  12.000   1.6042   0.04287   0.00682  -0.0804   0.3523   1.0000  78.8178 300.0000
  12.000   1.6042   0.04287   0.00682  -0.0804   0.3523   1.0000  78.8178 300.0000
  12.000   1.6042   0.04287   0.00682  -0.0804   0.3523   1.0000  78.8178 300.0000
  12.000   1.6042   0.04287   0.00682  -0.0804   0.3523   1.0000  78.8178 300.0000
  13.000   1.6148   0.05006   0.00946  -0.0768   0.3439   1.0000  79.7149 300.0000
  13.000   1.6148   0.05007   0.00946  -0.0768   0.3439   1.0000  79.7149 300.0000
  13.000   1.6148   0.05007   0.00946  -0.0768   0.3439   1.0000  79.7149 300.0000
  13.000   1.6148   0.05007   0.00946  -0.0768   0.3439   1.0000  79.7149 300.0000
  13.000   1.6148   0.05007   0.00946  -0.0768   0.3439   1.0000  79.7149 300.0000
  14.000   1.6207   0.05822   0.01276  -0.0739   0.3348   1.0000  80.6970 300.0000
  14.000   1.6207   0.05822   0.01276  -0.0739   0.3348   1.0000  80.6971 300.0000
  14.000   1.6207   0.05822   0.01276  -0.0739   0.3348   1.0000  80.6971 300.0000
  14.000   1.6207   0.05822   0.01276  -0.0739   0.3348   1.0000  80.6971 300.0000
  14.000   1.6207   0.05822   0.01276  -0.0739   0.3348   1.0000  80.6971 300.0000
  15.000   1.6233   0.06712   0.01667  -0.0718   0.3251   1.0000  81.7760 300.0000
  15.000   1.6233   0.06712   0.01667  -0.0718   0.3251   1.0000  81.7761 300.0000
  15.000   1.6233   0.06712   0.01667  -0.0718   0.3251   1.0000  81.7761 300.0000
  15.000   1.6233   0.06712   0.01667  -0.0718   0.3251   1.0000  81.7761 300.0000
  15.000   1.6233   0.06712   0.01667  -0.0718   0.3251   1.0000  81.7761 300.0000
  16.000   1.6379   0.07510   0.01976  -0.0709   0.3143   1.0000  82.9869 300.0000
  16.000   1.6379   0.07510   0.01976  -0.0709   0.3143   1.0000  82.9869 300.0000
  16.000   1.6379   0.07510   0.01976  -0.0709   0.3143   1.0000  82.9869 300.0000
  16.000   1.6379   0.07510   0.01976  -0.0709   0.3143   1.0000  82.9869 300.0000
  16.000   1.6379   0.07510   0.01976  -0.0709   0.3143   1.0000  82.9869 300.0000
  17.000   1.5668   0.09268   0.03196  -0.0678   0.2983   1.0000  84.8272 300.0000
  17.000   1.5668   0.09269   0.03196  -0.0678   0.2983   1.0000  84.8271 300.0000
  17.000   1.5668   0.09269   0.03196  -0.0678   0.2983   1.0000  84.8271 300.0000
  17.000   1.5668   0.09269   0.03196  -0.0678   0.2983   1.0000  84.8271 300.0000
  17.000   1.5668   0.09269   0.03196  -0.0678   0.2983   1.0000  84.8271 300.0000
  18.000   1.5179   0.10856   0.04449  -0.0667   0.2823   1.0000  86.7237 300.0000
  18.000   1.5179   0.10856   0.04449  -0.0667   0.2823   1.0000  86.7237 300.0000
  18.000   1.5179   0.10856   0.04449  -0.0667   0.2823   1.0000  86.7236 300.0000
  18.000   1.5179   0.10856   0.04449  -0.0667   0.2823   1.0000  86.7236 300.0000
  18.000   1.5179   0.10856   0.04449  -0.0667   0.2823   1.0000  86.7236 300.0000
