xflr5 v6.61

 Calculated polar for: E423

 1 1 Reynolds number fixed          Mach number fixed         

 xtrf =   1.000 (top)        1.000 (bottom)
 Mach =   0.000     Re =     0.100 e 6     Ncrit =   9.000

  alpha     CL        CD       CDp       Cm    Top Xtr Bot Xtr   Cpmin    Chinge    XCp    
 ------- -------- --------- --------- -------- ------- ------- -------- --------- ---------
   1.000   0.6272   0.06779   0.06110  -0.1740  0.6453  0.1393  -1.0957   0.0000   0.0000   0.0000   0.5265
   1.100   0.6417   0.06794   0.06110  -0.1746  0.6440  0.1426  -1.0544   0.0000   0.0000   0.0000   0.5208
   1.200   0.6693   0.06633   0.05924  -0.1781  0.6430  0.1499  -1.0065   0.0000   0.0000   0.0000   0.5146
   1.300   0.6797   0.06647   0.05948  -0.1779  0.6417  0.1567  -0.9737   0.0000   0.0000   0.0000   0.5099
   1.400   0.6909   0.06665   0.05968  -0.1774  0.6405  0.1647  -0.9841   0.0000   0.0000   0.0000   0.5047
   1.500   0.7083   0.06645   0.05941  -0.1780  0.6394  0.1734  -0.9985   0.0000   0.0000   0.0000   0.4989
   1.600   0.7310   0.06586   0.05862  -0.1794  0.6384  0.1795  -1.0161   0.0000   0.0000   0.0000   0.4928
   1.700   0.7519   0.06550   0.05810  -0.1803  0.6375  0.1848  -1.0331   0.0000   0.0000   0.0000   0.4869
   1.800   0.7787   0.06427   0.05663  -0.1828  0.6369  0.1925  -1.0539   0.0000   0.0000   0.0000   0.4815
   1.900   0.7993   0.06358   0.05591  -0.1839  0.6361  0.1998  -1.0716   0.0000   0.0000   0.0000   0.4766
   2.000   0.8163   0.06333   0.05564  -0.1844  0.6351  0.2061  -1.0863   0.0000   0.0000   0.0000   0.4722
   2.100   0.8330   0.06320   0.05547  -0.1847  0.6342  0.2138  -1.1008   0.0000   0.0000   0.0000   0.4678
   2.200   0.8490   0.06325   0.05549  -0.1850  0.6332  0.2241  -1.1150   0.0000   0.0000   0.0000   0.4637
   2.300   0.8650   0.06355   0.05572  -0.1852  0.6321  0.2324  -1.1293   0.0000   0.0000   0.0000   0.4597
   2.400   0.8790   0.06451   0.05662  -0.1852  0.6307  0.2366  -1.1416   0.0000   0.0000   0.0000   0.4561
   2.500   0.7533   0.07316   0.06562  -0.1771  0.6170  0.2033  -1.0059   0.0000   0.0000   0.0000   0.4809
   2.600   0.7496   0.07441   0.06689  -0.1763  0.6145  0.2048  -0.9986   0.0000   0.0000   0.0000   0.4810
   2.700   0.7494   0.07543   0.06791  -0.1758  0.6122  0.2072  -0.9950   0.0000   0.0000   0.0000   0.4802
   2.800   0.7513   0.07631   0.06879  -0.1754  0.6102  0.2104  -0.9936   0.0000   0.0000   0.0000   0.4790
   2.900   0.7543   0.07713   0.06962  -0.1751  0.6083  0.2150  -0.9936   0.0000   0.0000   0.0000   0.4774
   3.000   0.7585   0.07789   0.07038  -0.1747  0.6064  0.2206  -0.9948   0.0000   0.0000   0.0000   0.4755
   3.100   0.7639   0.07860   0.07107  -0.1745  0.6047  0.2266  -0.9973   0.0000   0.0000   0.0000   0.4733
   3.200   0.7703   0.07927   0.07170  -0.1742  0.6031  0.2317  -1.0008   0.0000   0.0000   0.0000   0.4709
   3.300   0.7777   0.07987   0.07227  -0.1740  0.6015  0.2354  -1.0056   0.0000   0.0000   0.0000   0.4682
   3.400   0.7938   0.07960   0.07187  -0.1751  0.6000  0.2425  -1.0179   0.0000   0.0000   0.0000   0.4648
   3.500   0.8089   0.07941   0.07164  -0.1757  0.5984  0.2496  -1.0317   0.0000   0.0000   0.0000   0.4612
   3.600   0.8242   0.07926   0.07148  -0.1760  0.5968  0.2563  -1.0469   0.0000   0.0000   0.0000   0.4573
   3.700   0.8408   0.07904   0.07123  -0.1763  0.5954  0.2635  -1.0638   0.0000   0.0000   0.0000   0.4533
   3.800   0.8579   0.07879   0.07093  -0.1767  0.5941  0.2711  -1.0812   0.0000   0.0000   0.0000   0.4493
   3.900   0.8759   0.07849   0.07057  -0.1771  0.5928  0.2790  -1.0998   0.0000   0.0000   0.0000   0.4452
   4.000   0.8940   0.07822   0.07024  -0.1774  0.5917  0.2874  -1.1188   0.0000   0.0000   0.0000   0.4412
   4.100   0.9146   0.07774   0.06970  -0.1782  0.5908  0.2990  -1.1398   0.0000   0.0000   0.0000   0.4373
   4.200   0.9352   0.07723   0.06919  -0.1789  0.5899  0.3124  -1.1611   0.0000   0.0000   0.0000   0.4336
   4.300   0.9551   0.07684   0.06876  -0.1794  0.5890  0.3229  -1.1821   0.0000   0.0000   0.0000   0.4299
   4.400   0.9719   0.07674   0.06861  -0.1796  0.5880  0.3318  -1.1999   0.0000   0.0000   0.0000   0.4266
   4.500   0.9881   0.07685   0.06866  -0.1798  0.5869  0.3405  -1.2171   0.0000   0.0000   0.0000   0.4235
   4.600   1.0032   0.07742   0.06917  -0.1799  0.5856  0.3479  -1.2328   0.0000   0.0000   0.0000   0.4206
   4.700   0.8881   0.08690   0.07901  -0.1743  0.5722  0.3147  -1.0957   0.0000   0.0000   0.0000   0.4379
   4.800   0.8817   0.08852   0.08066  -0.1736  0.5694  0.3161  -1.0850   0.0000   0.0000   0.0000   0.4386
   4.900   0.8795   0.08984   0.08199  -0.1732  0.5669  0.3191  -1.0791   0.0000   0.0000   0.0000   0.4384
   5.000   0.8801   0.09093   0.08310  -0.1729  0.5646  0.3229  -1.0766   0.0000   0.0000   0.0000   0.4377
   5.100   0.8827   0.09187   0.08402  -0.1726  0.5625  0.3273  -1.0785   0.0000   0.0000   0.0000   0.4367
   5.200   0.8875   0.09261   0.08475  -0.1724  0.5603  0.3325  -1.0830   0.0000   0.0000   0.0000   0.4352
   5.300   0.8951   0.09307   0.08517  -0.1722  0.5581  0.3385  -1.0911   0.0000   0.0000   0.0000   0.4331
   5.400   0.9053   0.09329   0.08536  -0.1721  0.5558  0.3451  -1.1026   0.0000   0.0000   0.0000   0.4306
   5.500   0.9178   0.09333   0.08534  -0.1720  0.5537  0.3511  -1.1170   0.0000   0.0000   0.0000   0.4277
   5.600   0.9328   0.09305   0.08505  -0.1721  0.5519  0.3665  -1.1343   0.0000   0.0000   0.0000   0.4246
   5.700   0.9485   0.09274   0.08475  -0.1722  0.5502  0.3820  -1.1529   0.0000   0.0000   0.0000   0.4213
   5.800   0.9653   0.09238   0.08438  -0.1723  0.5487  0.4009  -1.1729   0.0000   0.0000   0.0000   0.4180
   5.900   0.9830   0.09197   0.08398  -0.1724  0.5474  0.4265  -1.1938   0.0000   0.0000   0.0000   0.4147
   6.000   1.0014   0.09147   0.08362  -0.1728  0.5462  0.4718  -1.2156   0.0000   0.0000   0.0000   0.4116
   6.100   1.0148   0.09028   0.08309  -0.1721  0.5452  1.0000  -1.2332   0.0000   0.0000   0.0000   0.4084
   6.200   1.0333   0.08997   0.08261  -0.1723  0.5442  1.0000  -1.2552   0.0000   0.0000   0.0000   0.4053
   6.300   1.0515   0.08968   0.08220  -0.1724  0.5433  1.0000  -1.2772   0.0000   0.0000   0.0000   0.4022
   6.400   1.0686   0.08951   0.08195  -0.1724  0.5424  1.0000  -1.2981   0.0000   0.0000   0.0000   0.3994
   6.500   1.0831   0.08968   0.08206  -0.1723  0.5413  1.0000  -1.3160   0.0000   0.0000   0.0000   0.3969
   6.600   1.0967   0.09024   0.08257  -0.1722  0.5401  1.0000  -1.3323   0.0000   0.0000   0.0000   0.3946
   6.800   0.9824   0.10210   0.09488  -0.1688  0.5218  1.0000  -1.1801   0.0000   0.0000   0.0000   0.4097
   6.900   0.9814   0.10339   0.09616  -0.1685  0.5190  1.0000  -1.1783   0.0000   0.0000   0.0000   0.4094
   7.000   0.9834   0.10440   0.09715  -0.1683  0.5164  1.0000  -1.1805   0.0000   0.0000   0.0000   0.4086
   7.100   0.9887   0.10507   0.09779  -0.1680  0.5138  1.0000  -1.1873   0.0000   0.0000   0.0000   0.4073
   7.200   0.9969   0.10545   0.09812  -0.1678  0.5113  1.0000  -1.1984   0.0000   0.0000   0.0000   0.4055
   7.300   1.0077   0.10558   0.09821  -0.1676  0.5091  1.0000  -1.2130   0.0000   0.0000   0.0000   0.4032
   7.400   1.0204   0.10551   0.09809  -0.1675  0.5070  1.0000  -1.2305   0.0000   0.0000   0.0000   0.4007
   7.500   1.0346   0.10530   0.09783  -0.1673  0.5052  1.0000  -1.2502   0.0000   0.0000   0.0000   0.3981
   7.600   1.0498   0.10498   0.09746  -0.1671  0.5036  1.0000  -1.2716   0.0000   0.0000   0.0000   0.3953
   7.700   1.0660   0.10458   0.09702  -0.1670  0.5022  1.0000  -1.2942   0.0000   0.0000   0.0000   0.3925
   7.800   1.0820   0.10416   0.09656  -0.1668  0.5009  1.0000  -1.3169   0.0000   0.0000   0.0000   0.3897
   7.900   1.0985   0.10371   0.09608  -0.1666  0.4997  1.0000  -1.3404   0.0000   0.0000   0.0000   0.3870
   8.000   1.1154   0.10327   0.09560  -0.1665  0.4987  1.0000  -1.3643   0.0000   0.0000   0.0000   0.3843
   8.100   1.1324   0.10284   0.09514  -0.1664  0.4978  1.0000  -1.3884   0.0000   0.0000   0.0000   0.3817
   8.200   1.1479   0.10260   0.09488  -0.1662  0.4969  1.0000  -1.4105   0.0000   0.0000   0.0000   0.3793
   8.300   1.1617   0.10264   0.09490  -0.1659  0.4958  1.0000  -1.4308   0.0000   0.0000   0.0000   0.3771
   8.400   1.1749   0.10298   0.09523  -0.1657  0.4947  1.0000  -1.4518   0.0000   0.0000   0.0000   0.3751
   8.600   1.0637   0.11595   0.10848  -0.1646  0.4729  1.0000  -1.2894   0.0000   0.0000   0.0000   0.3890
   8.700   1.0661   0.11690   0.10944  -0.1644  0.4701  1.0000  -1.2936   0.0000   0.0000   0.0000   0.3883
   8.800   1.0713   0.11760   0.11014  -0.1642  0.4676  1.0000  -1.3019   0.0000   0.0000   0.0000   0.3872
   8.900   1.0791   0.11799   0.11052  -0.1640  0.4654  1.0000  -1.3146   0.0000   0.0000   0.0000   0.3857
   9.000   1.0894   0.11811   0.11063  -0.1638  0.4633  1.0000  -1.3311   0.0000   0.0000   0.0000   0.3838
   9.100   1.1015   0.11800   0.11050  -0.1636  0.4614  1.0000  -1.3508   0.0000   0.0000   0.0000   0.3817
   9.200   1.1150   0.11770   0.11019  -0.1633  0.4597  1.0000  -1.3728   0.0000   0.0000   0.0000   0.3793
   9.300   1.1297   0.11727   0.10974  -0.1630  0.4582  1.0000  -1.3968   0.0000   0.0000   0.0000   0.3769
   9.400   1.1447   0.11676   0.10921  -0.1626  0.4568  1.0000  -1.4216   0.0000   0.0000   0.0000   0.3744
   9.500   1.1605   0.11616   0.10861  -0.1623  0.4556  1.0000  -1.4477   0.0000   0.0000   0.0000   0.3719
   9.600   1.1768   0.11552   0.10795  -0.1620  0.4545  1.0000  -1.4748   0.0000   0.0000   0.0000   0.3694
   9.700   1.1936   0.11485   0.10727  -0.1617  0.4536  1.0000  -1.5025   0.0000   0.0000   0.0000   0.3669
   9.800   1.2084   0.11436   0.10678  -0.1613  0.4524  1.0000  -1.5276   0.0000   0.0000   0.0000   0.3647
   9.900   1.2227   0.11401   0.10642  -0.1609  0.4513  1.0000  -1.5541   0.0000   0.0000   0.0000   0.3625
  10.000   1.2366   0.11386   0.10627  -0.1605  0.4502  1.0000  -1.5804   0.0000   0.0000   0.0000   0.3604
  10.100   1.2491   0.11429   0.10672  -0.1601  0.4489  1.0000  -1.6043   0.0000   0.0000   0.0000   0.3586
  10.200   1.1381   0.12767   0.12029  -0.1616  0.4276  1.0000  -1.4179   0.0000   0.0000   0.0000   0.3730
  10.300   1.1415   0.12853   0.12116  -0.1615  0.4247  1.0000  -1.4252   0.0000   0.0000   0.0000   0.3723
  10.400   1.1474   0.12909   0.12173  -0.1614  0.4222  1.0000  -1.4371   0.0000   0.0000   0.0000   0.3712
  10.500   1.1551   0.12944   0.12208  -0.1612  0.4201  1.0000  -1.4521   0.0000   0.0000   0.0000   0.3698
  10.600   1.1643   0.12959   0.12224  -0.1609  0.4182  1.0000  -1.4699   0.0000   0.0000   0.0000   0.3682
  10.700   1.1753   0.12951   0.12216  -0.1606  0.4165  1.0000  -1.4910   0.0000   0.0000   0.0000   0.3664
  10.800   1.1872   0.12923   0.12189  -0.1602  0.4149  1.0000  -1.5142   0.0000   0.0000   0.0000   0.3645
  10.900   1.2005   0.12876   0.12142  -0.1598  0.4135  1.0000  -1.5401   0.0000   0.0000   0.0000   0.3623
  11.000   1.2148   0.12813   0.12079  -0.1594  0.4122  1.0000  -1.5681   0.0000   0.0000   0.0000   0.3601
  11.100   1.2301   0.12738   0.12004  -0.1589  0.4111  1.0000  -1.5979   0.0000   0.0000   0.0000   0.3577
  11.200   1.2454   0.12659   0.11926  -0.1584  0.4100  1.0000  -1.6280   0.0000   0.0000   0.0000   0.3554
  11.300   1.2594   0.12591   0.11859  -0.1578  0.4089  1.0000  -1.6563   0.0000   0.0000   0.0000   0.3533
  11.400   1.2737   0.12522   0.11792  -0.1572  0.4077  1.0000  -1.6854   0.0000   0.0000   0.0000   0.3511
  11.500   1.2879   0.12463   0.11733  -0.1567  0.4066  1.0000  -1.7175   0.0000   0.0000   0.0000   0.3490
  11.600   1.3015   0.12429   0.11701  -0.1561  0.4054  1.0000  -1.7485   0.0000   0.0000   0.0000   0.3470
  11.800   1.2065   0.13952   0.13237  -0.1597  0.3814  1.0000  -1.5676   0.0000   0.0000   0.0000   0.3598
  11.900   1.2120   0.14006   0.13294  -0.1595  0.3788  1.0000  -1.5815   0.0000   0.0000   0.0000   0.3588
  12.000   1.2190   0.14037   0.13326  -0.1593  0.3766  1.0000  -1.5986   0.0000   0.0000   0.0000   0.3576
  12.100   1.2275   0.14046   0.13337  -0.1590  0.3747  1.0000  -1.6188   0.0000   0.0000   0.0000   0.3562
  12.200   1.2372   0.14037   0.13330  -0.1587  0.3730  1.0000  -1.6418   0.0000   0.0000   0.0000   0.3547
  12.300   1.2480   0.14013   0.13307  -0.1583  0.3715  1.0000  -1.6670   0.0000   0.0000   0.0000   0.3529
  12.400   1.2597   0.13976   0.13271  -0.1578  0.3702  1.0000  -1.6944   0.0000   0.0000   0.0000   0.3511
  12.600   1.2857   0.13852   0.13152  -0.1568  0.3679  1.0000  -1.7553   0.0000   0.0000   0.0000   0.3471
  12.700   1.2984   0.13783   0.13084  -0.1562  0.3667  1.0000  -1.7859   0.0000   0.0000   0.0000   0.3452
  12.800   1.3118   0.13702   0.13005  -0.1555  0.3656  1.0000  -1.8182   0.0000   0.0000   0.0000   0.3431
  12.900   1.3256   0.13616   0.12921  -0.1548  0.3645  1.0000  -1.8516   0.0000   0.0000   0.0000   0.3410
  13.000   1.3395   0.13531   0.12838  -0.1541  0.3634  1.0000  -1.8855   0.0000   0.0000   0.0000   0.3390
  13.100   1.3529   0.13468   0.12777  -0.1534  0.3621  1.0000  -1.9206   0.0000   0.0000   0.0000   0.3370
  13.200   1.2592   0.15037   0.14353  -0.1590  0.3411  1.0000  -1.7116   0.0000   0.0000   0.0000   0.3505
  13.300   1.2632   0.15101   0.14419  -0.1589  0.3380  1.0000  -1.7223   0.0000   0.0000   0.0000   0.3498
  13.400   1.2692   0.15135   0.14456  -0.1588  0.3355  1.0000  -1.7406   0.0000   0.0000   0.0000   0.3488
  13.500   1.2767   0.15147   0.14470  -0.1585  0.3334  1.0000  -1.7631   0.0000   0.0000   0.0000   0.3476
  13.600   1.2857   0.15135   0.14460  -0.1581  0.3316  1.0000  -1.7892   0.0000   0.0000   0.0000   0.3462
  13.700   1.2958   0.15104   0.14431  -0.1577  0.3301  1.0000  -1.8183   0.0000   0.0000   0.0000   0.3446
  13.800   1.3070   0.15056   0.14386  -0.1572  0.3288  1.0000  -1.8500   0.0000   0.0000   0.0000   0.3428
  13.900   1.3185   0.14999   0.14331  -0.1566  0.3275  1.0000  -1.8830   0.0000   0.0000   0.0000   0.3410
  14.000   1.3292   0.14948   0.14285  -0.1561  0.3262  1.0000  -1.9144   0.0000   0.0000   0.0000   0.3393
  14.100   1.3405   0.14887   0.14227  -0.1555  0.3251  1.0000  -1.9473   0.0000   0.0000   0.0000   0.3376
  14.200   1.3521   0.14819   0.14161  -0.1549  0.3240  1.0000  -1.9816   0.0000   0.0000   0.0000   0.3358
  14.300   1.3645   0.14739   0.14084  -0.1542  0.3229  1.0000  -2.0176   0.0000   0.0000   0.0000   0.3339
  14.400   1.3773   0.14649   0.13996  -0.1534  0.3219  1.0000  -2.0554   0.0000   0.0000   0.0000   0.3320
  14.500   1.3901   0.14561   0.13912  -0.1526  0.3207  1.0000  -2.0935   0.0000   0.0000   0.0000   0.3300
  14.800   1.3081   0.16378   0.15737  -0.1602  0.2957  1.0000  -1.8861   0.0000   0.0000   0.0000   0.3430
  14.900   1.3164   0.16354   0.15715  -0.1598  0.2933  1.0000  -1.9122   0.0000   0.0000   0.0000   0.3416
  15.000   1.3264   0.16299   0.15663  -0.1593  0.2914  1.0000  -1.9433   0.0000   0.0000   0.0000   0.3399
  15.100   1.3376   0.16224   0.15590  -0.1587  0.2897  1.0000  -1.9789   0.0000   0.0000   0.0000   0.3381
  15.200   1.3494   0.16139   0.15508  -0.1580  0.2883  1.0000  -2.0201   0.0000   0.0000   0.0000   0.3362
  15.300   1.3594   0.16079   0.15451  -0.1574  0.2869  1.0000  -2.0568   0.0000   0.0000   0.0000   0.3346
  15.400   1.3700   0.16010   0.15392  -0.1568  0.2856  1.0000  -2.0951   0.0000   0.0000   0.0000   0.3329
  15.500   1.3812   0.15928   0.15313  -0.1561  0.2845  1.0000  -2.1356   0.0000   0.0000   0.0000   0.3311
  15.600   1.3928   0.15837   0.15225  -0.1554  0.2834  1.0000  -2.1777   0.0000   0.0000   0.0000   0.3293
  15.700   1.4047   0.15741   0.15131  -0.1546  0.2824  1.0000  -2.2208   0.0000   0.0000   0.0000   0.3275
  15.800   1.4166   0.15644   0.15037  -0.1539  0.2814  1.0000  -2.2642   0.0000   0.0000   0.0000   0.3256
  15.900   1.4281   0.15558   0.14955  -0.1531  0.2803  1.0000  -2.3065   0.0000   0.0000   0.0000   0.3239
  16.100   1.3320   0.17882   0.17283  -0.1637  0.2599  1.0000  -2.0068   0.0000   0.0000   0.0000   0.3404
  16.200   1.3342   0.17988   0.17393  -0.1640  0.2570  1.0000  -2.0179   0.0000   0.0000   0.0000   0.3401
  16.300   1.3400   0.18016   0.17423  -0.1638  0.2546  1.0000  -2.0412   0.0000   0.0000   0.0000   0.3392
  16.400   1.3485   0.17979   0.17389  -0.1634  0.2525  1.0000  -2.0744   0.0000   0.0000   0.0000   0.3377
  16.500   1.3594   0.17889   0.17301  -0.1627  0.2508  1.0000  -2.1158   0.0000   0.0000   0.0000   0.3359
  16.600   1.3721   0.17754   0.17169  -0.1617  0.2493  1.0000  -2.1641   0.0000   0.0000   0.0000   0.3337
  16.700   1.3835   0.17637   0.17054  -0.1609  0.2477  1.0000  -2.2087   0.0000   0.0000   0.0000   0.3317
  16.800   1.3959   0.17493   0.16913  -0.1600  0.2464  1.0000  -2.2574   0.0000   0.0000   0.0000   0.3296
  16.900   1.4092   0.17330   0.16754  -0.1589  0.2452  1.0000  -2.3136   0.0000   0.0000   0.0000   0.3274
  17.000   1.4228   0.17161   0.16588  -0.1579  0.2442  1.0000  -2.3741   0.0000   0.0000   0.0000   0.3251
  17.100   1.4362   0.16996   0.16427  -0.1568  0.2432  1.0000  -2.4342   0.0000   0.0000   0.0000   0.3229
  17.200   1.4488   0.16850   0.16284  -0.1558  0.2422  1.0000  -2.4916   0.0000   0.0000   0.0000   0.3209
  17.300   1.4596   0.16751   0.16188  -0.1550  0.2410  1.0000  -2.5422   0.0000   0.0000   0.0000   0.3191
  17.500   1.3542   0.19682   0.19120  -0.1686  0.2218  1.0000  -2.1412   0.0000   0.0000   0.0000   0.3386
  17.600   1.3551   0.19838   0.19278  -0.1692  0.2191  1.0000  -2.1496   0.0000   0.0000   0.0000   0.3387
  17.700   1.3586   0.19923   0.19366  -0.1693  0.2169  1.0000  -2.1697   0.0000   0.0000   0.0000   0.3382
  17.800   1.3644   0.19950   0.19397  -0.1692  0.2150  1.0000  -2.1992   0.0000   0.0000   0.0000   0.3372
  17.900   1.3721   0.19928   0.19378  -0.1688  0.2133  1.0000  -2.2368   0.0000   0.0000   0.0000   0.3359
  18.000   1.3815   0.19862   0.19315  -0.1682  0.2119  1.0000  -2.2817   0.0000   0.0000   0.0000   0.3342
  18.100   1.3910   0.19783   0.19239  -0.1675  0.2105  1.0000  -2.3284   0.0000   0.0000   0.0000   0.3325
  18.200   1.4011   0.19678   0.19137  -0.1667  0.2091  1.0000  -2.3787   0.0000   0.0000   0.0000   0.3307
  18.300   1.4130   0.19522   0.18985  -0.1657  0.2078  1.0000  -2.4371   0.0000   0.0000   0.0000   0.3285
  18.400   1.4261   0.19329   0.18795  -0.1645  0.2067  1.0000  -2.5015   0.0000   0.0000   0.0000   0.3261
  18.500   1.4398   0.19116   0.18586  -0.1632  0.2056  1.0000  -2.5693   0.0000   0.0000   0.0000   0.3236
  18.600   1.4529   0.18919   0.18393  -0.1619  0.2043  1.0000  -2.6349   0.0000   0.0000   0.0000   0.3213
  18.700   1.3795   0.21179   0.20649  -0.1724  0.1946  1.0000  -2.3111   0.0000   0.0000   0.0000   0.3358
  18.800   1.3656   0.21768   0.21240  -0.1751  0.1903  1.0000  -2.2491   0.0000   0.0000   0.0000   0.3392
  18.900   1.3614   0.22073   0.21548  -0.1764  0.1870  1.0000  -2.2326   0.0000   0.0000   0.0000   0.3404
  19.000   1.3613   0.22263   0.21740  -0.1771  0.1843  1.0000  -2.2351   0.0000   0.0000   0.0000   0.3406
  19.100   1.3632   0.22400   0.21880  -0.1775  0.1820  1.0000  -2.2464   0.0000   0.0000   0.0000   0.3405
  19.200   1.3671   0.22477   0.21960  -0.1776  0.1801  1.0000  -2.2676   0.0000   0.0000   0.0000   0.3399
  19.300   1.3732   0.22485   0.21972  -0.1774  0.1783  1.0000  -2.2999   0.0000   0.0000   0.0000   0.3388
  19.400   1.3814   0.22429   0.21918  -0.1768  0.1768  1.0000  -2.3429   0.0000   0.0000   0.0000   0.3372
  19.500   1.3916   0.22311   0.21804  -0.1760  0.1754  1.0000  -2.3960   0.0000   0.0000   0.0000   0.3352
  19.600   1.4003   0.22226   0.21723  -0.1753  0.1741  1.0000  -2.4432   0.0000   0.0000   0.0000   0.3335
  19.700   1.4096   0.22118   0.21618  -0.1745  0.1728  1.0000  -2.5009   0.0000   0.0000   0.0000   0.3317
  19.800   1.4197   0.21986   0.21490  -0.1736  0.1716  1.0000  -2.5658   0.0000   0.0000   0.0000   0.3297
  19.900   1.4295   0.21865   0.21372  -0.1727  0.1704  1.0000  -2.6300   0.0000   0.0000   0.0000   0.3277
  20.000   1.4354   0.21875   0.21386  -0.1721  0.1689  1.0000  -2.6747   0.0000   0.0000   0.0000   0.3264


