  
       XFOIL         Version 6.99
  
 Calculated polar for: EPPLER 863 STRUT AIRFOIL                        
  
 1 1 Reynolds number fixed          Mach number fixed         
  
 xtrf =   1.000 (top)        1.000 (bottom)  
 Mach =   0.000     Re =     0.500 e 6     Ncrit =   9.000  9.000
  
   alpha    CL        CD       CDp       CM     Top_Xtr  Bot_Xtr  Top_Itr  Bot_Itr
  ------ -------- --------- --------- -------- -------- -------- -------- --------
   0.000   0.0000   0.01703   0.00608  -0.0000   0.4342   0.4342  53.7509 247.2492
   0.000   0.0000   0.01703   0.00608  -0.0000   0.4342   0.4342  53.7509 247.2491
   0.000   0.0000   0.01703   0.00608  -0.0000   0.4342   0.4342  53.7509 247.2491
   0.000   0.0000   0.01703   0.00608  -0.0000   0.4342   0.4342  53.7509 247.2491
   0.000   0.0000   0.01703   0.00608  -0.0000   0.4342   0.4342  53.7509 247.2491
   1.000   0.1180   0.01716   0.00612  -0.0023   0.4278   0.4411  54.3280 247.8502
   1.000   0.1180   0.01716   0.00612  -0.0023   0.4278   0.4411  54.3280 247.8501
   1.000   0.1180   0.01716   0.00612  -0.0023   0.4278   0.4411  54.3280 247.8501
   1.000   0.1180   0.01716   0.00612  -0.0023   0.4278   0.4411  54.3280 247.8501
   1.000   0.1180   0.01716   0.00612  -0.0023   0.4278   0.4411  54.3280 247.8501
   2.000   0.2375   0.01717   0.00605  -0.0050   0.4214   0.4478  54.9023 248.4137
   2.000   0.2375   0.01717   0.00605  -0.0050   0.4214   0.4477  54.9027 248.4128
   2.000   0.2375   0.01717   0.00605  -0.0050   0.4214   0.4477  54.9027 248.4128
   2.000   0.2375   0.01717   0.00605  -0.0050   0.4214   0.4477  54.9027 248.4128
   2.000   0.2375   0.01717   0.00605  -0.0050   0.4214   0.4477  54.9027 248.4128
   3.000   0.3521   0.01738   0.00608  -0.0068   0.4146   0.4550  55.5311 249.0254
   3.000   0.3521   0.01738   0.00608  -0.0068   0.4146   0.4550  55.5311 249.0251
   3.000   0.3521   0.01738   0.00608  -0.0068   0.4146   0.4550  55.5311 249.0251
   3.000   0.3521   0.01738   0.00608  -0.0068   0.4146   0.4550  55.5311 249.0251
   3.000   0.3521   0.01738   0.00608  -0.0068   0.4146   0.4550  55.5311 249.0251
   4.000   0.4698   0.01755   0.00603  -0.0091   0.4084   0.4624  56.1096 249.6311
   4.000   0.4698   0.01755   0.00603  -0.0091   0.4084   0.4624  56.1096 249.6313
   4.000   0.4698   0.01755   0.00603  -0.0091   0.4084   0.4624  56.1096 249.6313
   4.000   0.4698   0.01755   0.00603  -0.0091   0.4084   0.4624  56.1096 249.6313
   4.000   0.4698   0.01755   0.00603  -0.0091   0.4084   0.4624  56.1096 249.6313
   5.000   0.5810   0.01771   0.00596  -0.0104   0.4015   0.4702  56.7735 250.2603
   5.000   0.5810   0.01771   0.00596  -0.0104   0.4015   0.4702  56.7735 250.2602
   5.000   0.5810   0.01771   0.00596  -0.0104   0.4015   0.4702  56.7735 250.2602
   5.000   0.5810   0.01771   0.00596  -0.0104   0.4015   0.4702  56.7735 250.2602
   5.000   0.5810   0.01771   0.00596  -0.0104   0.4015   0.4702  56.7735 250.2602
   6.000   0.6882   0.01812   0.00591  -0.0110   0.3946   0.4788  57.4498 250.9418
   6.000   0.6882   0.01812   0.00591  -0.0110   0.3946   0.4788  57.4498 250.9419
   6.000   0.6882   0.01812   0.00591  -0.0110   0.3946   0.4788  57.4498 250.9419
   6.000   0.6882   0.01812   0.00591  -0.0110   0.3946   0.4788  57.4498 250.9419
   6.000   0.6882   0.01812   0.00591  -0.0110   0.3946   0.4788  57.4498 250.9419
   7.000   0.7965   0.01844   0.00571  -0.0119   0.3880   0.4882  58.1075 251.6640
   7.000   0.7965   0.01844   0.00571  -0.0119   0.3880   0.4882  58.1075 251.6640
   7.000   0.7965   0.01844   0.00571  -0.0119   0.3880   0.4882  58.1075 251.6640
   7.000   0.7965   0.01844   0.00571  -0.0119   0.3880   0.4882  58.1075 251.6640
   7.000   0.7965   0.01844   0.00571  -0.0119   0.3880   0.4882  58.1075 251.6640
   8.000   0.8903   0.01883   0.00547  -0.0105   0.3807   0.4982  58.8560 252.4239
   8.000   0.8903   0.01883   0.00547  -0.0105   0.3807   0.4982  58.8560 252.4239
   8.000   0.8903   0.01883   0.00547  -0.0105   0.3807   0.4982  58.8560 252.4239
   8.000   0.8903   0.01883   0.00547  -0.0105   0.3807   0.4982  58.8560 252.4239
   8.000   0.8903   0.01883   0.00547  -0.0105   0.3807   0.4982  58.8560 252.4239
   9.000   0.9557   0.01955   0.00520  -0.0046   0.3731   0.5093  59.6482 253.2451
   9.000   0.9557   0.01955   0.00520  -0.0046   0.3731   0.5093  59.6482 253.2435
   9.000   0.9557   0.01955   0.00520  -0.0046   0.3731   0.5093  59.6482 253.2434
   9.000   0.9557   0.01955   0.00520  -0.0046   0.3731   0.5093  59.6482 253.2434
   9.000   0.9557   0.01955   0.00520  -0.0046   0.3731   0.5093  59.6482 253.2434
  10.000   1.0278   0.02087   0.00523  -0.0012   0.3653   0.5226  60.4809 254.2070
  10.000   1.0278   0.02087   0.00523  -0.0012   0.3653   0.5226  60.4809 254.2071
  10.000   1.0278   0.02087   0.00523  -0.0012   0.3653   0.5226  60.4809 254.2071
  10.000   1.0278   0.02087   0.00523  -0.0012   0.3653   0.5226  60.4809 254.2071
  10.000   1.0278   0.02087   0.00523  -0.0012   0.3653   0.5226  60.4809 254.2071
  11.000   1.0944   0.02275   0.00539   0.0014   0.3569   0.5382  61.3869 255.3056
  11.000   1.0944   0.02275   0.00539   0.0014   0.3569   0.5382  61.3869 255.3055
  11.000   1.0944   0.02275   0.00539   0.0014   0.3569   0.5382  61.3869 255.3055
  11.000   1.0944   0.02275   0.00539   0.0014   0.3569   0.5382  61.3869 255.3055
  11.000   1.0944   0.02275   0.00539   0.0014   0.3569   0.5382  61.3869 255.3055
  12.000   1.1507   0.02561   0.00597   0.0036   0.3477   0.5578  62.4093 256.6482
  12.000   1.1507   0.02561   0.00597   0.0036   0.3477   0.5577  62.4092 256.6456
  12.000   1.1507   0.02561   0.00597   0.0036   0.3477   0.5577  62.4092 256.6453
  12.000   1.1507   0.02561   0.00597   0.0036   0.3477   0.5577  62.4092 256.6453
  12.000   1.1507   0.02561   0.00597   0.0036   0.3477   0.5577  62.4092 256.6453
  13.000   1.1947   0.02983   0.00719   0.0051   0.3374   0.5819  63.5763 258.2504
  13.000   1.1947   0.02983   0.00719   0.0051   0.3374   0.5819  63.5763 258.2493
  13.000   1.1947   0.02983   0.00719   0.0051   0.3374   0.5819  63.5763 258.2492
  13.000   1.1947   0.02983   0.00719   0.0051   0.3374   0.5819  63.5763 258.2492
  13.000   1.1947   0.02983   0.00719   0.0051   0.3374   0.5819  63.5763 258.2492
  14.000   1.2330   0.03505   0.00888   0.0057   0.3264   0.6141  64.8501 260.3153
  14.000   1.2330   0.03505   0.00888   0.0057   0.3264   0.6141  64.8501 260.3145
  14.000   1.2330   0.03505   0.00888   0.0057   0.3264   0.6141  64.8501 260.3144
  14.000   1.2330   0.03505   0.00888   0.0057   0.3264   0.6141  64.8501 260.3144
  14.000   1.2330   0.03505   0.00888   0.0057   0.3264   0.6141  64.8501 260.3144
  15.000   1.2400   0.04341   0.01264   0.0061   0.3130   0.6568  66.4345 262.9677
  15.000   1.2400   0.04341   0.01264   0.0061   0.3130   0.6567  66.4345 262.9667
  15.000   1.2400   0.04341   0.01264   0.0061   0.3130   0.6567  66.4345 262.9664
  15.000   1.2400   0.04341   0.01264   0.0061   0.3130   0.6567  66.4345 262.9664
  15.000   1.2400   0.04341   0.01264   0.0061   0.3130   0.6567  66.4345 262.9664
  16.000   1.2703   0.05034   0.01543   0.0053   0.3001   0.7260  67.9764 267.2298
  16.000   1.2703   0.05034   0.01543   0.0053   0.3001   0.7260  67.9764 267.2297
  16.000   1.2703   0.05034   0.01543   0.0053   0.3001   0.7260  67.9764 267.2297
  16.000   1.2703   0.05034   0.01543   0.0053   0.3001   0.7260  67.9764 267.2297
  16.000   1.2703   0.05034   0.01543   0.0053   0.3001   0.7260  67.9764 267.2297
  17.000   1.2466   0.06070   0.02112   0.0078   0.2845   1.0000  69.8989 300.0000
  17.000   1.2466   0.06070   0.02112   0.0078   0.2845   1.0000  69.8990 300.0000
  17.000   1.2466   0.06070   0.02112   0.0078   0.2845   1.0000  69.8990 300.0000
  17.000   1.2466   0.06070   0.02112   0.0078   0.2845   1.0000  69.8990 300.0000
  17.000   1.2466   0.06070   0.02112   0.0078   0.2845   1.0000  69.8990 300.0000
  18.000   1.2440   0.07179   0.02705   0.0060   0.2687   1.0000  71.8886 300.0000
  18.000   1.2440   0.07179   0.02705   0.0060   0.2687   1.0000  71.8886 300.0000
  18.000   1.2440   0.07179   0.02705   0.0060   0.2687   1.0000  71.8886 300.0000
  18.000   1.2440   0.07179   0.02705   0.0060   0.2687   1.0000  71.8886 300.0000
  18.000   1.2440   0.07179   0.02705   0.0060   0.2687   1.0000  71.8886 300.0000
  19.000   1.2453   0.08276   0.03329   0.0037   0.2531   1.0000  73.8905 300.0000
  19.000   1.2454   0.08276   0.03329   0.0037   0.2531   1.0000  73.8905 300.0000
  19.000   1.2454   0.08276   0.03329   0.0037   0.2531   1.0000  73.8905 300.0000
  19.000   1.2454   0.08276   0.03329   0.0037   0.2531   1.0000  73.8905 300.0000
  19.000   1.2454   0.08276   0.03329   0.0037   0.2531   1.0000  73.8905 300.0000
