  
       XFOIL         Version 6.99
  
 Calculated polar for: EPPLER 863 STRUT AIRFOIL                        
  
 1 1 Reynolds number fixed          Mach number fixed         
  
 xtrf =   1.000 (top)        1.000 (bottom)  
 Mach =   0.000     Re =     0.350 e 6     Ncrit =   9.000  9.000
  
   alpha    CL        CD       CDp       CM     Top_Xtr  Bot_Xtr  Top_Itr  Bot_Itr
  ------ -------- --------- --------- -------- -------- -------- -------- --------
   0.000  -0.0000   0.02091   0.00917   0.0000   0.4481   0.4481  52.5579 248.4421
   0.000  -0.0000   0.02091   0.00917  -0.0000   0.4481   0.4481  52.5579 248.4421
   0.000  -0.0000   0.02091   0.00917  -0.0000   0.4481   0.4481  52.5579 248.4421
   0.000  -0.0000   0.02091   0.00917  -0.0000   0.4481   0.4481  52.5579 248.4421
   0.000  -0.0000   0.02091   0.00917  -0.0000   0.4481   0.4481  52.5579 248.4421
   1.000   0.1163   0.02095   0.00895  -0.0023   0.4416   0.4557  53.1085 249.0858
   1.000   0.1163   0.02095   0.00895  -0.0023   0.4416   0.4558  53.1085 249.0858
   1.000   0.1163   0.02095   0.00895  -0.0023   0.4416   0.4558  53.1085 249.0858
   1.000   0.1163   0.02095   0.00895  -0.0023   0.4416   0.4558  53.1085 249.0858
   1.000   0.1163   0.02095   0.00895  -0.0023   0.4416   0.4558  53.1085 249.0858
   2.000   0.2316   0.02105   0.00912  -0.0043   0.4342   0.4629  53.7576 249.6699
   2.000   0.2316   0.02105   0.00912  -0.0043   0.4342   0.4629  53.7577 249.6700
   2.000   0.2316   0.02105   0.00912  -0.0043   0.4342   0.4629  53.7577 249.6700
   2.000   0.2316   0.02105   0.00912  -0.0043   0.4342   0.4629  53.7577 249.6700
   2.000   0.2316   0.02105   0.00912  -0.0043   0.4342   0.4629  53.7577 249.6700
   3.000   0.3446   0.02130   0.00919  -0.0061   0.4272   0.4704  54.3813 250.2755
   3.000   0.3446   0.02130   0.00919  -0.0061   0.4272   0.4704  54.3813 250.2755
   3.000   0.3446   0.02130   0.00919  -0.0061   0.4272   0.4704  54.3813 250.2755
   3.000   0.3446   0.02130   0.00919  -0.0061   0.4272   0.4704  54.3813 250.2755
   3.000   0.3446   0.02130   0.00919  -0.0061   0.4272   0.4704  54.3813 250.2755
   4.000   0.4634   0.02153   0.00894  -0.0087   0.4208   0.4789  54.9578 250.9490
   4.000   0.4634   0.02153   0.00894  -0.0087   0.4208   0.4789  54.9578 250.9488
   4.000   0.4634   0.02153   0.00894  -0.0087   0.4208   0.4789  54.9578 250.9488
   4.000   0.4634   0.02153   0.00894  -0.0087   0.4208   0.4789  54.9578 250.9488
   4.000   0.4634   0.02153   0.00894  -0.0087   0.4208   0.4789  54.9578 250.9488
   5.000   0.5671   0.02191   0.00921  -0.0090   0.4130   0.4869  55.6802 251.5623
   5.000   0.5671   0.02191   0.00921  -0.0090   0.4130   0.4869  55.6802 251.5623
   5.000   0.5671   0.02191   0.00921  -0.0090   0.4130   0.4869  55.6802 251.5623
   5.000   0.5671   0.02191   0.00921  -0.0090   0.4130   0.4869  55.6802 251.5623
   5.000   0.5671   0.02191   0.00921  -0.0090   0.4130   0.4869  55.6802 251.5623
   6.000   0.6732   0.02239   0.00919  -0.0098   0.4059   0.4959  56.3496 252.2509
   6.000   0.6732   0.02239   0.00919  -0.0098   0.4059   0.4959  56.3496 252.2508
   6.000   0.6732   0.02239   0.00919  -0.0098   0.4059   0.4959  56.3496 252.2508
   6.000   0.6732   0.02239   0.00919  -0.0098   0.4059   0.4959  56.3496 252.2508
   6.000   0.6732   0.02239   0.00919  -0.0098   0.4059   0.4959  56.3496 252.2508
   7.000   0.7899   0.02269   0.00878  -0.0122   0.3994   0.5065  56.9791 253.0420
   7.000   0.7899   0.02269   0.00878  -0.0122   0.3994   0.5065  56.9791 253.0399
   7.000   0.7899   0.02269   0.00878  -0.0122   0.3994   0.5065  56.9791 253.0399
   7.000   0.7899   0.02269   0.00878  -0.0122   0.3994   0.5065  56.9791 253.0399
   7.000   0.7899   0.02269   0.00878  -0.0122   0.3994   0.5065  56.9791 253.0399
   8.000   0.8714   0.02341   0.00885  -0.0092   0.3912   0.5173  57.7865 253.8254
   8.000   0.8714   0.02341   0.00885  -0.0092   0.3912   0.5173  57.7865 253.8255
   8.000   0.8714   0.02341   0.00885  -0.0092   0.3912   0.5173  57.7865 253.8255
   8.000   0.8714   0.02341   0.00885  -0.0092   0.3912   0.5173  57.7865 253.8255
   8.000   0.8714   0.02341   0.00885  -0.0092   0.3912   0.5173  57.7865 253.8255
   9.000   0.9413   0.02429   0.00869  -0.0046   0.3833   0.5290  58.5877 254.6619
   9.000   0.9413   0.02429   0.00869  -0.0046   0.3833   0.5290  58.5877 254.6615
   9.000   0.9413   0.02429   0.00869  -0.0046   0.3833   0.5290  58.5877 254.6615
   9.000   0.9413   0.02429   0.00869  -0.0046   0.3833   0.5290  58.5877 254.6615
   9.000   0.9413   0.02429   0.00869  -0.0046   0.3833   0.5290  58.5877 254.6615
  10.000   1.0008   0.02560   0.00855   0.0007   0.3755   0.5429  59.4002 255.6339
  10.000   1.0008   0.02560   0.00855   0.0007   0.3755   0.5429  59.4002 255.6338
  10.000   1.0008   0.02560   0.00855   0.0007   0.3755   0.5429  59.4002 255.6338
  10.000   1.0008   0.02560   0.00855   0.0007   0.3755   0.5429  59.4002 255.6338
  10.000   1.0008   0.02560   0.00855   0.0007   0.3755   0.5429  59.4002 255.6338
  11.000   1.0628   0.02748   0.00861   0.0039   0.3672   0.5600  60.2766 256.7953
  11.000   1.0628   0.02748   0.00861   0.0039   0.3672   0.5599  60.2765 256.7944
  11.000   1.0628   0.02748   0.00861   0.0039   0.3672   0.5599  60.2765 256.7943
  11.000   1.0628   0.02748   0.00861   0.0039   0.3672   0.5599  60.2765 256.7943
  11.000   1.0628   0.02748   0.00861   0.0039   0.3672   0.5599  60.2765 256.7943
  12.000   1.1022   0.03083   0.00935   0.0074   0.3577   0.5798  61.3081 258.1138
  12.000   1.1022   0.03083   0.00935   0.0074   0.3577   0.5798  61.3081 258.1137
  12.000   1.1022   0.03083   0.00935   0.0074   0.3577   0.5798  61.3081 258.1137
  12.000   1.1022   0.03083   0.00935   0.0074   0.3577   0.5798  61.3081 258.1137
  12.000   1.1022   0.03083   0.00935   0.0074   0.3577   0.5798  61.3081 258.1137
  13.000   1.1138   0.03675   0.01159   0.0103   0.3462   0.6040  62.5782 259.6754
  13.000   1.1138   0.03675   0.01159   0.0103   0.3462   0.6040  62.5782 259.6743
  13.000   1.1138   0.03675   0.01159   0.0103   0.3462   0.6040  62.5782 259.6741
  13.000   1.1138   0.03675   0.01159   0.0103   0.3462   0.6040  62.5782 259.6741
  13.000   1.1138   0.03675   0.01159   0.0103   0.3462   0.6040  62.5782 259.6741
  14.000   1.1509   0.04198   0.01333   0.0105   0.3351   0.6386  63.8399 261.8470
  14.000   1.1509   0.04198   0.01333   0.0105   0.3351   0.6386  63.8398 261.8443
  14.000   1.1509   0.04198   0.01333   0.0105   0.3351   0.6386  63.8398 261.8439
  14.000   1.1509   0.04198   0.01333   0.0105   0.3351   0.6386  63.8398 261.8439
  14.000   1.1509   0.04198   0.01333   0.0105   0.3351   0.6386  63.8398 261.8439
  16.000   1.1749   0.05822   0.02108   0.0100   0.3079   0.7732  67.0438 270.2151
  16.000   1.1749   0.05822   0.02108   0.0100   0.3079   0.7732  67.0438 270.2150
  16.000   1.1749   0.05822   0.02108   0.0100   0.3079   0.7732  67.0438 270.2150
  16.000   1.1749   0.05822   0.02108   0.0100   0.3079   0.7732  67.0438 270.2150
  16.000   1.1749   0.05822   0.02108   0.0100   0.3079   0.7732  67.0438 270.2150
  17.000   1.1575   0.06827   0.02675   0.0118   0.2920   1.0000  68.9713 300.0000
  17.000   1.1575   0.06827   0.02675   0.0118   0.2920   1.0000  68.9713 300.0000
  17.000   1.1575   0.06827   0.02675   0.0118   0.2920   1.0000  68.9713 300.0000
  17.000   1.1575   0.06827   0.02675   0.0118   0.2920   1.0000  68.9713 300.0000
  17.000   1.1575   0.06827   0.02675   0.0118   0.2920   1.0000  68.9713 300.0000
  18.000   1.1494   0.08021   0.03400   0.0094   0.2754   1.0000  71.0433 300.0000
  18.000   1.1494   0.08021   0.03400   0.0094   0.2754   1.0000  71.0432 300.0000
  18.000   1.1494   0.08021   0.03400   0.0094   0.2754   1.0000  71.0432 300.0000
  18.000   1.1494   0.08021   0.03400   0.0094   0.2754   1.0000  71.0432 300.0000
  18.000   1.1494   0.08021   0.03400   0.0094   0.2754   1.0000  71.0432 300.0000
  19.000   1.1536   0.09119   0.04105   0.0065   0.2596   1.0000  73.0457 300.0000
  19.000   1.1536   0.09119   0.04105   0.0065   0.2596   1.0000  73.0459 300.0000
  19.000   1.1536   0.09119   0.04105   0.0065   0.2596   1.0000  73.0458 300.0000
  19.000   1.1536   0.09119   0.04105   0.0065   0.2596   1.0000  73.0458 300.0000
  19.000   1.1536   0.09119   0.04105   0.0065   0.2596   1.0000  73.0458 300.0000
