  
       XFOIL         Version 6.99
  
 Calculated polar for: EPPLER 863 STRUT AIRFOIL                        
  
 1 1 Reynolds number fixed          Mach number fixed         
  
 xtrf =   1.000 (top)        1.000 (bottom)  
 Mach =   0.000     Re =     0.450 e 6     Ncrit =   9.000  9.000
  
   alpha    CL        CD       CDp       CM     Top_Xtr  Bot_Xtr  Top_Itr  Bot_Itr
  ------ -------- --------- --------- -------- -------- -------- -------- --------
   0.000  -0.0000   0.01808   0.00688   0.0000   0.4382   0.4382  53.4105 247.5896
   0.000   0.0000   0.01808   0.00688  -0.0000   0.4382   0.4382  53.4107 247.5893
   0.000  -0.0000   0.01808   0.00688  -0.0000   0.4382   0.4382  53.4107 247.5893
   0.000  -0.0000   0.01808   0.00688  -0.0000   0.4382   0.4382  53.4107 247.5893
   0.000  -0.0000   0.01808   0.00688  -0.0000   0.4382   0.4382  53.4107 247.5893
   1.000   0.1195   0.01809   0.00671  -0.0027   0.4318   0.4451  53.9667 248.1878
   1.000   0.1195   0.01810   0.00671  -0.0027   0.4318   0.4451  53.9676 248.1871
   1.000   0.1195   0.01810   0.00671  -0.0027   0.4318   0.4451  53.9676 248.1871
   1.000   0.1195   0.01810   0.00671  -0.0027   0.4318   0.4451  53.9676 248.1871
   1.000   0.1195   0.01810   0.00671  -0.0027   0.4318   0.4451  53.9676 248.1871
   2.000   0.2349   0.01820   0.00685  -0.0046   0.4247   0.4522  54.6005 248.7877
   2.000   0.2349   0.01820   0.00685  -0.0046   0.4247   0.4522  54.6003 248.7868
   2.000   0.2349   0.01820   0.00685  -0.0046   0.4247   0.4522  54.6003 248.7867
   2.000   0.2349   0.01820   0.00685  -0.0046   0.4247   0.4522  54.6003 248.7867
   2.000   0.2349   0.01820   0.00685  -0.0046   0.4247   0.4522  54.6003 248.7867
   3.000   0.3528   0.01834   0.00681  -0.0070   0.4185   0.4592  55.1700 249.3673
   3.000   0.3528   0.01834   0.00681  -0.0070   0.4185   0.4592  55.1700 249.3675
   3.000   0.3528   0.01834   0.00681  -0.0070   0.4185   0.4592  55.1700 249.3675
   3.000   0.3528   0.01834   0.00681  -0.0070   0.4185   0.4592  55.1700 249.3675
   3.000   0.3528   0.01834   0.00681  -0.0070   0.4185   0.4592  55.1700 249.3675
   4.000   0.4673   0.01855   0.00671  -0.0089   0.4116   0.4670  55.8063 250.0061
   4.000   0.4673   0.01855   0.00671  -0.0089   0.4116   0.4670  55.8063 250.0058
   4.000   0.4673   0.01855   0.00671  -0.0089   0.4116   0.4670  55.8063 250.0058
   4.000   0.4673   0.01855   0.00671  -0.0089   0.4116   0.4670  55.8063 250.0058
   4.000   0.4673   0.01855   0.00671  -0.0089   0.4116   0.4670  55.8063 250.0058
   5.000   0.5776   0.01883   0.00680  -0.0101   0.4047   0.4749  56.4657 250.6320
   5.000   0.5776   0.01883   0.00680  -0.0101   0.4047   0.4749  56.4657 250.6322
   5.000   0.5776   0.01883   0.00680  -0.0101   0.4047   0.4749  56.4657 250.6322
   5.000   0.5776   0.01883   0.00680  -0.0101   0.4047   0.4749  56.4657 250.6322
   5.000   0.5776   0.01883   0.00680  -0.0101   0.4047   0.4749  56.4657 250.6322
   6.000   0.6922   0.01911   0.00659  -0.0120   0.3983   0.4836  57.0846 251.3094
   6.000   0.6922   0.01911   0.00659  -0.0120   0.3983   0.4836  57.0846 251.3096
   6.000   0.6922   0.01911   0.00659  -0.0120   0.3983   0.4836  57.0846 251.3096
   6.000   0.6922   0.01911   0.00659  -0.0120   0.3983   0.4836  57.0846 251.3096
   6.000   0.6922   0.01911   0.00659  -0.0120   0.3983   0.4836  57.0846 251.3096
   7.000   0.7931   0.01949   0.00645  -0.0117   0.3910   0.4933  57.8118 252.0532
   7.000   0.7931   0.01949   0.00645  -0.0117   0.3910   0.4932  57.8118 252.0509
   7.000   0.7931   0.01949   0.00645  -0.0117   0.3910   0.4932  57.8118 252.0509
   7.000   0.7931   0.01949   0.00645  -0.0117   0.3910   0.4932  57.8118 252.0509
   7.000   0.7931   0.01949   0.00645  -0.0117   0.3910   0.4932  57.8118 252.0509
   8.000   0.8834   0.02005   0.00635  -0.0098   0.3835   0.5037  58.5705 252.8306
   8.000   0.8834   0.02005   0.00635  -0.0098   0.3835   0.5036  58.5703 252.8283
   8.000   0.8834   0.02005   0.00635  -0.0098   0.3835   0.5036  58.5703 252.8284
   8.000   0.8834   0.02005   0.00635  -0.0098   0.3835   0.5036  58.5703 252.8284
   8.000   0.8834   0.02005   0.00635  -0.0098   0.3835   0.5036  58.5703 252.8284
   9.000   0.9595   0.02063   0.00598  -0.0057   0.3763   0.5150  59.3143 253.6588
   9.000   0.9595   0.02063   0.00598  -0.0057   0.3763   0.5150  59.3143 253.6593
   9.000   0.9595   0.02063   0.00598  -0.0057   0.3763   0.5150  59.3143 253.6592
   9.000   0.9595   0.02063   0.00598  -0.0057   0.3763   0.5150  59.3143 253.6592
   9.000   0.9595   0.02063   0.00598  -0.0057   0.3763   0.5150  59.3143 253.6592
  10.000   1.0401   0.02158   0.00572  -0.0031   0.3689   0.5289  60.0979 254.6560
  10.000   1.0401   0.02158   0.00572  -0.0031   0.3689   0.5289  60.0980 254.6564
  10.000   1.0401   0.02158   0.00572  -0.0031   0.3689   0.5289  60.0980 254.6564
  10.000   1.0401   0.02158   0.00572  -0.0031   0.3689   0.5289  60.0980 254.6564
  10.000   1.0401   0.02158   0.00572  -0.0031   0.3689   0.5289  60.0980 254.6564
  11.000   1.1118   0.02306   0.00561  -0.0004   0.3606   0.5454  60.9799 255.8078
  11.000   1.1118   0.02306   0.00561  -0.0004   0.3606   0.5454  60.9799 255.8076
  11.000   1.1118   0.02306   0.00561  -0.0004   0.3606   0.5454  60.9799 255.8076
  11.000   1.1118   0.02306   0.00561  -0.0004   0.3606   0.5454  60.9799 255.8076
  11.000   1.1118   0.02306   0.00561  -0.0004   0.3606   0.5454  60.9799 255.8076
  12.000   1.1661   0.02559   0.00595   0.0026   0.3516   0.5653  61.9747 257.1506
  12.000   1.1661   0.02559   0.00595   0.0026   0.3516   0.5653  61.9747 257.1507
  12.000   1.1661   0.02559   0.00595   0.0026   0.3516   0.5653  61.9747 257.1507
  12.000   1.1661   0.02559   0.00595   0.0026   0.3516   0.5653  61.9747 257.1507
  12.000   1.1661   0.02559   0.00595   0.0026   0.3516   0.5653  61.9747 257.1507
  13.000   1.1980   0.03004   0.00729   0.0054   0.3412   0.5901  63.1429 258.7806
  13.000   1.1980   0.03004   0.00729   0.0054   0.3412   0.5901  63.1429 258.7801
  13.000   1.1980   0.03004   0.00729   0.0054   0.3412   0.5901  63.1429 258.7800
  13.000   1.1980   0.03004   0.00729   0.0054   0.3412   0.5901  63.1429 258.7800
  13.000   1.1980   0.03004   0.00729   0.0054   0.3412   0.5901  63.1429 258.7800
  14.000   1.2104   0.03683   0.00999   0.0071   0.3289   0.6212  64.5556 260.7634
  14.000   1.2104   0.03683   0.00999   0.0071   0.3289   0.6212  64.5556 260.7641
  14.000   1.2104   0.03683   0.00999   0.0071   0.3289   0.6213  64.5556 260.7642
  14.000   1.2104   0.03683   0.00999   0.0071   0.3289   0.6213  64.5556 260.7642
  14.000   1.2104   0.03683   0.00999   0.0071   0.3289   0.6213  64.5556 260.7642
  15.000   1.2473   0.04267   0.01203   0.0068   0.3172   0.6692  65.9318 263.7291
  15.000   1.2473   0.04267   0.01203   0.0068   0.3172   0.6692  65.9318 263.7288
  15.000   1.2473   0.04267   0.01203   0.0068   0.3172   0.6692  65.9318 263.7289
  15.000   1.2473   0.04267   0.01203   0.0068   0.3172   0.6692  65.9318 263.7289
  15.000   1.2473   0.04267   0.01203   0.0068   0.3172   0.6692  65.9318 263.7289
  16.000   1.2343   0.05336   0.01758   0.0067   0.3018   0.7368  67.7787 267.9052
  16.000   1.2343   0.05336   0.01758   0.0067   0.3018   0.7370  67.7787 267.9142
  16.000   1.2343   0.05336   0.01758   0.0067   0.3018   0.7370  67.7787 267.9150
  16.000   1.2343   0.05336   0.01758   0.0067   0.3018   0.7370  67.7787 267.9151
  16.000   1.2343   0.05336   0.01758   0.0067   0.3018   0.7370  67.7787 267.9151
  17.000   1.2140   0.06349   0.02321   0.0090   0.2862   1.0000  69.6937 300.0000
  17.000   1.2139   0.06349   0.02321   0.0090   0.2862   1.0000  69.6937 300.0000
  17.000   1.2139   0.06349   0.02321   0.0090   0.2862   1.0000  69.6938 300.0000
  17.000   1.2139   0.06349   0.02321   0.0090   0.2862   1.0000  69.6938 300.0000
  17.000   1.2139   0.06349   0.02321   0.0090   0.2862   1.0000  69.6938 300.0000
  18.000   1.2125   0.07458   0.02933   0.0070   0.2703   1.0000  71.6871 300.0000
  18.000   1.2125   0.07459   0.02933   0.0070   0.2703   1.0000  71.6871 300.0000
  18.000   1.2125   0.07459   0.02933   0.0070   0.2703   1.0000  71.6870 300.0000
  18.000   1.2125   0.07459   0.02933   0.0070   0.2703   1.0000  71.6870 300.0000
  18.000   1.2125   0.07459   0.02933   0.0070   0.2703   1.0000  71.6870 300.0000
  19.000   1.2151   0.08556   0.03581   0.0045   0.2547   1.0000  73.6879 300.0000
  19.000   1.2151   0.08556   0.03581   0.0045   0.2547   1.0000  73.6878 300.0000
  19.000   1.2151   0.08556   0.03581   0.0045   0.2547   1.0000  73.6877 300.0000
  19.000   1.2151   0.08556   0.03581   0.0045   0.2547   1.0000  73.6877 300.0000
  19.000   1.2151   0.08556   0.03581   0.0045   0.2547   1.0000  73.6877 300.0000
