  
       XFOIL         Version 6.99
  
 Calculated polar for: EPPLER 863 STRUT AIRFOIL                        
  
 1 1 Reynolds number fixed          Mach number fixed         
  
 xtrf =   1.000 (top)        1.000 (bottom)  
 Mach =   0.000     Re =     0.275 e 6     Ncrit =   9.000  9.000
  
   alpha    CL        CD       CDp       CM     Top_Xtr  Bot_Xtr  Top_Itr  Bot_Itr
  ------ -------- --------- --------- -------- -------- -------- -------- --------
   0.000  -0.0000   0.02461   0.01240   0.0000   0.4587   0.4587  51.6692 249.3308
   0.000   0.0000   0.02461   0.01240  -0.0000   0.4587   0.4587  51.6692 249.3308
   0.000   0.0000   0.02461   0.01240  -0.0000   0.4587   0.4587  51.6692 249.3308
   0.000   0.0000   0.02461   0.01240  -0.0000   0.4587   0.4587  51.6692 249.3308
   0.000   0.0000   0.02461   0.01240  -0.0000   0.4587   0.4587  51.6692 249.3308
   1.000   0.1082   0.02472   0.01221  -0.0012   0.4516   0.4671  52.2633 250.0155
   1.000   0.1082   0.02472   0.01221  -0.0012   0.4516   0.4671  52.2633 250.0156
   1.000   0.1082   0.02472   0.01221  -0.0012   0.4516   0.4671  52.2633 250.0156
   1.000   0.1082   0.02472   0.01221  -0.0012   0.4516   0.4671  52.2633 250.0156
   1.000   0.1082   0.02472   0.01221  -0.0012   0.4516   0.4671  52.2633 250.0156
   2.000   0.2244   0.02480   0.01232  -0.0035   0.4443   0.4743  52.8800 250.5872
   2.000   0.2244   0.02480   0.01232  -0.0035   0.4443   0.4743  52.8801 250.5869
   2.000   0.2244   0.02480   0.01232  -0.0035   0.4443   0.4743  52.8801 250.5869
   2.000   0.2244   0.02480   0.01232  -0.0035   0.4443   0.4743  52.8801 250.5869
   2.000   0.2244   0.02480   0.01232  -0.0035   0.4443   0.4743  52.8801 250.5869
   3.000   0.3272   0.02525   0.01262  -0.0040   0.4362   0.4824  53.5802 251.2173
   3.000   0.3272   0.02525   0.01262  -0.0040   0.4362   0.4824  53.5802 251.2172
   3.000   0.3272   0.02525   0.01262  -0.0040   0.4362   0.4824  53.5802 251.2172
   3.000   0.3272   0.02525   0.01262  -0.0040   0.4362   0.4824  53.5802 251.2172
   3.000   0.3272   0.02525   0.01262  -0.0040   0.4362   0.4824  53.5802 251.2172
   4.000   0.4370   0.02570   0.01257  -0.0054   0.4293   0.4912  54.1848 251.8966
   4.000   0.4370   0.02570   0.01257  -0.0054   0.4293   0.4912  54.1849 251.8976
   4.000   0.4370   0.02570   0.01257  -0.0054   0.4293   0.4912  54.1849 251.8977
   4.000   0.4370   0.02570   0.01257  -0.0054   0.4293   0.4912  54.1849 251.8977
   4.000   0.4370   0.02570   0.01257  -0.0054   0.4293   0.4912  54.1849 251.8977
   5.000   0.5447   0.02606   0.01263  -0.0065   0.4218   0.4996  54.8635 252.5256
   5.000   0.5447   0.02606   0.01263  -0.0065   0.4218   0.4996  54.8635 252.5250
   5.000   0.5447   0.02606   0.01263  -0.0065   0.4218   0.4996  54.8635 252.5250
   5.000   0.5447   0.02606   0.01263  -0.0065   0.4218   0.4996  54.8635 252.5250
   5.000   0.5447   0.02606   0.01263  -0.0065   0.4218   0.4996  54.8635 252.5250
   6.000   0.6315   0.02706   0.01302  -0.0048   0.4135   0.5088  55.6374 253.2117
   6.000   0.6315   0.02706   0.01302  -0.0048   0.4135   0.5088  55.6374 253.2118
   6.000   0.6315   0.02706   0.01302  -0.0048   0.4135   0.5088  55.6374 253.2118
   6.000   0.6315   0.02706   0.01302  -0.0048   0.4135   0.5088  55.6374 253.2118
   6.000   0.6315   0.02706   0.01302  -0.0048   0.4135   0.5088  55.6374 253.2118
   7.000   0.7197   0.02807   0.01310  -0.0033   0.4058   0.5194  56.3643 253.9833
   7.000   0.7197   0.02807   0.01310  -0.0033   0.4058   0.5194  56.3642 253.9830
   7.000   0.7197   0.02807   0.01310  -0.0033   0.4058   0.5194  56.3642 253.9830
   7.000   0.7197   0.02807   0.01310  -0.0033   0.4058   0.5194  56.3642 253.9830
   7.000   0.7197   0.02807   0.01310  -0.0033   0.4058   0.5194  56.3642 253.9830
   8.000   0.8400   0.02814   0.01242  -0.0062   0.3993   0.5315  56.9819 254.8393
   8.000   0.8400   0.02814   0.01242  -0.0062   0.3993   0.5315  56.9819 254.8394
   8.000   0.8400   0.02814   0.01242  -0.0062   0.3993   0.5315  56.9819 254.8394
   8.000   0.8400   0.02814   0.01242  -0.0062   0.3993   0.5315  56.9819 254.8394
   8.000   0.8400   0.02814   0.01242  -0.0062   0.3993   0.5315  56.9819 254.8394
   9.000   0.8724   0.02977   0.01263   0.0030   0.3904   0.5426  57.8692 255.6141
   9.000   0.8724   0.02977   0.01263   0.0030   0.3904   0.5426  57.8692 255.6139
   9.000   0.8724   0.02977   0.01263   0.0030   0.3904   0.5426  57.8692 255.6139
   9.000   0.8724   0.02977   0.01263   0.0030   0.3904   0.5426  57.8692 255.6139
   9.000   0.8724   0.02977   0.01263   0.0030   0.3904   0.5426  57.8692 255.6139
  10.000   0.8937   0.03311   0.01372   0.0104   0.3809   0.5557  58.8316 256.5048
  10.000   0.8937   0.03311   0.01372   0.0104   0.3809   0.5557  58.8316 256.5049
  10.000   0.8937   0.03311   0.01372   0.0104   0.3809   0.5557  58.8316 256.5049
  10.000   0.8937   0.03311   0.01372   0.0104   0.3809   0.5557  58.8316 256.5049
  10.000   0.8937   0.03311   0.01372   0.0104   0.3809   0.5557  58.8316 256.5049
  11.000   0.8645   0.04090   0.01756   0.0167   0.3686   0.5688  60.1301 257.3828
  11.000   0.8645   0.04090   0.01756   0.0167   0.3686   0.5688  60.1301 257.3828
  11.000   0.8645   0.04090   0.01756   0.0167   0.3686   0.5688  60.1301 257.3828
  11.000   0.8645   0.04090   0.01756   0.0167   0.3686   0.5688  60.1301 257.3828
  11.000   0.8645   0.04090   0.01756   0.0167   0.3686   0.5688  60.1301 257.3828
  12.000   0.9517   0.04254   0.01715   0.0154   0.3604   0.5907  61.0112 258.8231
  12.000   0.9517   0.04254   0.01715   0.0154   0.3604   0.5907  61.0112 258.8231
  12.000   0.9517   0.04254   0.01715   0.0154   0.3604   0.5907  61.0112 258.8231
  12.000   0.9517   0.04254   0.01715   0.0154   0.3604   0.5907  61.0112 258.8231
  12.000   0.9517   0.04254   0.01715   0.0154   0.3604   0.5907  61.0112 258.8231
